measured_on,ac_current__427,ac_power__423,ac_voltage__426,ambient_temp__428,das_battery_voltage__434,das_temp__433,dc_pos_current__425,dc_pos_voltage__424,dc_power__422,inverter_temp__432,module_temp_1__429,module_temp_2__430,module_temp_3__431,poa_irradiance__421,system_id
2015-06-07 00:00:00,1.5569,-0.0221599999999999,121.98,13.436,13.308,14.449,-0.01078,0.1903,0.00106,11.073,10.782,10.885,11.131,-2.0094,10
2015-06-07 00:01:00,1.5566,-0.0221599999999999,121.99,13.424,13.307,14.449,-0.00749,-0.5354999999999999,0.0024599999999999,11.091,10.78,10.931,11.143,-2.0094,10
2015-06-07 00:02:00,1.5572,-0.06647,121.94,13.434,13.308,14.44,-0.01115,0.23013,0.00019,11.088,10.772,10.882,11.151,-2.0094,10
2015-06-07 00:03:00,1.5561,-0.03323,121.95,13.428,13.309,14.427,-0.0082299999999999,-0.69925,0.00657,11.089,10.769,10.87,11.073,-2.0094,10
2015-06-07 00:04:00,1.5575,-0.0996999999999999,121.86,13.345,13.309,14.427,-0.01188,-0.1903,-0.0016299999999999,11.079,10.789,10.827,11.014,-2.0094,10
2015-06-07 00:05:00,1.5566,-0.06647,121.89,13.231,13.309,14.412,-0.0127899999999999,0.12392,0.00134,11.048,10.671,10.774,11.003,-2.0094,10
2015-06-07 00:06:00,1.5569,-0.06647,121.92,13.157,13.308,14.404,-0.00329,0.2832399999999999,-0.00363,11.041,10.597,10.77,10.99,-2.0094,10
2015-06-07 00:07:00,1.5572,-0.0775499999999999,121.9,13.075,13.31,14.39,-0.00512,-0.5178,0.00796,11.028,10.551,10.757,10.903,-2.0094,10
2015-06-07 00:08:00,1.5594,-0.11078,121.85,13.027,13.311,14.382,-0.0082299999999999,0.44256,0.00123,11.003,10.53,10.814,11.016,-2.0094,10
2015-06-07 00:09:00,1.5564,0.0,121.95,13.125,13.31,14.38,-0.01042,-0.2522599999999999,0.00434,11.011,10.757,10.792,10.982,-2.0094,10
2015-06-07 00:10:00,1.5561,-0.0221599999999999,121.88,13.165,13.31,14.36,-0.00621,-1.1153,0.0077299999999999,11.004,10.688,10.741,10.909,-2.0094,10
2015-06-07 00:11:00,1.558,-0.08862,121.91,13.13,13.31,14.36,-0.0094999999999999,0.34077,-0.00606,10.995,10.699,10.755,10.923,-2.0094,10
2015-06-07 00:12:00,1.5561,-0.01108,121.88,13.016,13.31,14.358,-0.01152,0.1504699999999999,-0.0007699999999999,10.996,10.57,10.693,10.886,-2.0094,10
2015-06-07 00:13:00,1.555,0.0,121.87,12.925,13.309,14.342,-0.00786,0.0929399999999999,-0.00528,10.972,10.563,10.636,10.812,-2.0094,10
2015-06-07 00:14:00,1.5569,-0.0775499999999999,121.87,12.87,13.311,14.338,-0.0140699999999999,-0.02655,-0.0003899999999999,10.947,10.617,10.676,10.845,-2.0094,10
2015-06-07 00:15:00,1.5564,0.05539,121.94,12.813,13.311,14.321,-0.01188,0.21243,-0.00126,10.918,10.537,10.628,10.809,-2.0094,10
2015-06-07 00:16:00,1.5566,0.0,121.92,12.765,13.311,14.316,-0.0049399999999999,-0.42043,0.00016,10.917,10.662,10.635,10.75,-2.0094,10
2015-06-07 00:17:00,1.5555,0.03323,121.97,12.748,13.312,14.312,-0.00676,-1.3764,0.00939,10.909,10.603,10.617,10.799,-2.0094,10
2015-06-07 00:18:00,1.5555,0.01108,122.01,12.732,13.312,14.294,-0.00128,-1.0223,0.00421,10.892,10.631,10.619,10.793,-2.0094,10
2015-06-07 00:19:00,1.5575,-0.0221599999999999,122.0,12.806,13.313,14.294,-0.01261,-1.0312,0.01459,10.91,10.742,10.663,10.81,-2.0094,10
2015-06-07 00:20:00,1.5578,-0.03323,122.02,12.927,13.313,14.294,-0.0069499999999999,-0.23898,0.0060899999999999,10.908,10.789,10.763,10.981,-2.0094,10
2015-06-07 00:21:00,1.5566,-0.06647,121.99,12.962,13.312,14.286,-0.00749,-0.30979,-0.0058599999999999,10.932,10.811,10.7,10.925,-2.0094,10
2015-06-07 00:22:00,1.5566,0.0,122.02,12.984,13.313,14.27,-0.0117,0.16375,-0.0023999999999999,10.932,10.756,10.778,10.995,-2.0094,10
2015-06-07 00:23:00,1.5578,-0.03323,122.0,13.058,13.314,14.252,-0.0069499999999999,-0.0177,0.00283,10.94,10.809,10.745,10.981,-2.0094,10
2015-06-07 00:24:00,1.5575,-0.04431,121.99,13.189,13.315,14.25,-0.0117,0.2522599999999999,-0.00044,10.952,10.873,10.862,11.109,-2.0094,10
2015-06-07 00:25:00,1.5572,-0.05539,122.0,13.262,13.316,14.24,-0.00676,-0.28766,0.00348,10.97,10.923,10.849,11.065,-2.0094,10
2015-06-07 00:26:00,1.5575,-0.0775499999999999,121.99,13.224,13.315,14.226,-0.00786,-0.0044299999999999,-0.00268,10.979,10.853,10.836,11.074,-2.0094,10
2015-06-07 00:27:00,1.5575,-0.06647,122.01,13.179,13.313,14.206,-0.0029199999999999,0.1504699999999999,-0.00186,10.974,10.796,10.805,11.05,-2.0094,10
2015-06-07 00:28:00,1.5566,-0.01108,122.02,13.162,13.314,14.206,-0.0073099999999999,-0.3629,-0.00075,10.991,10.847,10.798,11.016,-2.0094,10
2015-06-07 00:29:00,1.5569,-0.04431,122.01,13.156,13.316,14.206,-0.0106,-0.2168499999999999,0.00011,11.004,10.798,10.828,11.05,-2.0094,10
2015-06-07 00:30:00,1.5569,-0.01108,122.04,13.163,13.315,14.193,-0.00366,0.08851,0.0002,10.998,10.828,10.854,11.036,-2.0094,10
2015-06-07 00:31:00,1.5566,-0.0221599999999999,122.05,13.23,13.315,14.183,-0.0073099999999999,0.0044299999999999,0.00051,11.01,10.824,10.837,11.049,-2.0094,10
2015-06-07 00:32:00,1.5578,-0.05539,122.06,13.26,13.315,14.172,-0.0041999999999999,-0.0663799999999999,0.0052199999999999,11.024,10.88,10.846,11.025,-2.0094,10
2015-06-07 00:33:00,1.5566,-0.0775499999999999,122.05,13.217,13.315,14.161,-0.0106,-0.02655,0.00223,11.026,10.835,10.785,10.953,-2.0094,10
2015-06-07 00:34:00,1.5572,-0.11078,122.05,13.12,13.315,14.147,-0.01755,0.0663799999999999,-0.00583,11.012,10.73,10.735,10.906,-2.0094,10
2015-06-07 00:35:00,1.5572,-0.06647,122.01,13.038,13.314,14.139,-0.00987,0.12392,-0.00885,10.998,10.756,10.692,10.868,-2.0094,10
2015-06-07 00:36:00,1.5575,-0.03323,122.04,12.979,13.316,14.137,-0.0007299999999999,0.11064,-0.0049399999999999,11.011,10.662,10.668,10.834,-2.0094,10
2015-06-07 00:37:00,1.5569,-0.04431,122.06,12.912,13.315,14.123,-0.00749,-0.26554,0.0034099999999999,11.002,10.632,10.623,10.778,-2.1489,10
2015-06-07 00:38:00,1.5569,-0.0221599999999999,122.02,12.852,13.316,14.117,-0.00804,0.22128,-0.0080099999999999,10.995,10.588,10.608,10.767,-2.2327,10
2015-06-07 00:39:00,1.5569,-0.01108,122.0,12.831,13.316,14.117,-0.01426,0.64614,-0.0101899999999999,10.998,10.596,10.563,10.713,-2.4559,10
2015-06-07 00:40:00,1.5575,-0.05539,121.97,12.779,13.316,14.11,-0.0069499999999999,-0.3363499999999999,-0.0027599999999999,10.994,10.474,10.497,10.663,-2.5397,10
2015-06-07 00:41:00,1.5569,-0.03323,121.99,12.727,13.315,14.097,-0.0082299999999999,0.1504699999999999,-0.00353,10.989,10.457,10.508,10.667,-2.7629,10
2015-06-07 00:42:00,1.5569,-0.03323,122.01,12.796,13.317,14.091,-0.01371,0.07524,0.00022,11.0,10.553,10.552,10.741,-2.5955,10
2015-06-07 00:43:00,1.5566,-0.01108,122.08,12.817,13.317,14.073,-0.01883,-0.2168499999999999,0.0020899999999999,10.996,10.531,10.582,10.741,-2.3722,10
2015-06-07 00:44:00,1.5572,-0.06647,122.05,12.842,13.317,14.073,-0.01371,0.11064,-0.00593,11.019,10.598,10.58,10.731,-2.2327,10
2015-06-07 00:45:00,1.5555,0.01108,122.09,12.862,13.318,14.069,-0.01024,-0.2478299999999999,0.00485,11.036,10.557,10.524,10.716,-2.0373,10
2015-06-07 00:46:00,1.5575,-0.06647,122.09,12.827,13.318,14.051,-0.0049399999999999,-0.71252,0.00283,11.019,10.496,10.479,10.633,-2.0373,10
2015-06-07 00:47:00,1.5566,-0.06647,122.13,12.759,13.319,14.038,-0.0053,-0.1726,0.00177,11.005,10.42,10.449,10.627,-2.0652,10
2015-06-07 00:48:00,1.5566,-0.04431,122.11,12.721,13.318,14.029,-0.01024,-0.1549,0.0025799999999999,10.988,10.419,10.424,10.597,-2.0931,10
2015-06-07 00:49:00,1.5572,-0.05539,122.09,12.752,13.318,14.029,-0.01005,0.73023,-0.0081499999999999,10.995,10.413,10.489,10.676,-2.1489,10
2015-06-07 00:50:00,1.5569,-0.06647,122.11,12.849,13.319,14.016,-0.0082299999999999,0.18145,-0.00223,11.009,10.519,10.521,10.657,-2.2606,10
2015-06-07 00:51:00,1.5583,-0.12186,122.06,12.991,13.319,14.007,-0.00987,-0.64171,0.0035,11.035,10.607,10.57,10.722,-2.0373,10
2015-06-07 00:52:00,1.5569,-0.05539,122.11,13.039,13.321,14.007,-0.00859,0.31422,0.0019,11.059,10.629,10.528,10.717,-2.0094,10
2015-06-07 00:53:00,1.558,-0.0775499999999999,122.09,13.019,13.32,13.996,-0.01097,-0.63729,0.0101499999999999,11.059,10.51,10.564,10.765,-2.0094,10
2015-06-07 00:54:00,1.5569,-0.03323,122.08,12.988,13.319,13.985,-0.01188,-0.0929399999999999,-0.00483,11.075,10.634,10.573,10.698,-2.0094,10
2015-06-07 00:55:00,1.5569,-0.01108,122.11,12.98,13.319,13.976,-0.00768,0.2168499999999999,-0.00201,11.084,10.559,10.608,10.798,-2.0094,10
2015-06-07 00:56:00,1.5572,-0.01108,122.09,13.052,13.32,13.963,-0.0053,0.1947299999999999,-0.0027499999999999,11.092,10.676,10.607,10.807,-2.0094,10
2015-06-07 00:57:00,1.5569,-0.0221599999999999,122.11,13.141,13.319,13.963,-0.00768,-0.1903,0.0106,11.122,10.683,10.653,10.872,-2.0094,10
2015-06-07 00:58:00,1.5566,-0.0221599999999999,122.11,13.193,13.319,13.952,-0.00859,-0.3850299999999999,-0.00269,11.13,10.744,10.712,10.986,-2.0094,10
2015-06-07 00:59:00,1.5566,-0.03323,122.12,13.268,13.318,13.941,-0.00238,0.49567,-0.00264,11.138,10.754,10.771,11.014,-2.0094,10
2015-06-07 01:00:00,1.5558,-0.0221599999999999,122.1,13.281,13.319,13.941,-0.0166299999999999,0.1726,-0.00911,11.143,10.762,10.767,10.996,-2.0094,10
2015-06-07 01:01:00,1.5566,-0.03323,122.11,13.341,13.319,13.941,-0.0049399999999999,-0.13277,-0.00459,11.163,10.935,10.919,11.154,-2.0094,10
2015-06-07 01:02:00,1.5566,-0.03323,122.14,13.62,13.32,13.93,-0.01938,0.32307,0.00079,11.223,11.022,10.994,11.31,-2.0094,10
2015-06-07 01:03:00,1.5566,-0.03323,122.14,13.776,13.318,13.919,-0.00768,-0.3009399999999999,0.0002599999999999,11.261,11.04,10.98,11.239,-2.0094,10
2015-06-07 01:04:00,1.5569,-0.03323,122.16,13.837,13.319,13.913,-0.00841,-0.2345599999999999,-0.00317,11.292,11.028,11.042,11.356,-2.0094,10
2015-06-07 01:05:00,1.5564,-0.05539,122.15,14.104,13.32,13.897,-0.01024,-0.0796599999999999,0.00388,11.355,11.318,11.322,11.65,-2.0094,10
2015-06-07 01:06:00,1.5561,-0.01108,122.14,14.539,13.318,13.897,-0.01371,0.08851,-0.00139,11.516,11.667,11.659,12.063,-2.0094,10
2015-06-07 01:07:00,1.5572,-0.04431,122.13,14.828,13.319,13.897,-0.00786,-0.04426,0.00096,11.707,11.96,12.012,12.464,-2.0094,10
2015-06-07 01:08:00,1.558,-0.08862,122.15,14.905,13.317,13.884,-0.00932,0.85857,-0.0077499999999999,11.83,12.023,12.101,12.603,-1.9257,10
2015-06-07 01:09:00,1.5575,-0.01108,122.15,14.863,13.317,13.875,-0.0064,1.071,-0.00782,11.921,12.085,12.186,12.665,-1.9536,10
2015-06-07 01:10:00,1.5564,-0.04431,122.14,14.843,13.317,13.873,-0.00768,-0.96036,0.00581,12.004,12.183,12.236,12.66,-2.0094,10
2015-06-07 01:11:00,1.5569,-0.03323,122.15,14.782,13.316,13.868,-0.0133399999999999,0.35847,0.00046,12.046,12.115,12.274,12.735,-2.0094,10
2015-06-07 01:12:00,1.5555,0.0221599999999999,122.22,14.663,13.316,13.86,-0.0140699999999999,-1.2215,0.0225199999999999,12.094,12.161,12.272,12.676,-2.0094,10
2015-06-07 01:13:00,1.5566,0.06647,122.19,14.523,13.314,13.853,-0.0049399999999999,-1.2436,0.00511,12.115,12.103,12.272,12.689,-2.0094,10
2015-06-07 01:14:00,1.5569,-0.05539,122.22,14.261,13.314,13.853,-0.00676,-0.0840899999999999,0.00283,12.106,12.077,12.166,12.559,-2.0094,10
2015-06-07 01:15:00,1.5569,-0.0221599999999999,122.23,14.122,13.312,13.853,-0.00366,0.2566899999999999,0.00252,12.081,12.053,12.14,12.514,-2.1211,10
2015-06-07 01:16:00,1.5569,-0.0221599999999999,122.25,14.04,13.314,13.853,-0.00768,-0.02655,0.00876,12.061,11.999,12.094,12.44,-2.2606,10
2015-06-07 01:17:00,1.5586,-0.0996999999999999,122.23,14.087,13.314,13.853,-0.01115,-0.2434099999999999,0.0030699999999999,12.054,11.946,12.079,12.453,-2.4001,10
2015-06-07 01:18:00,1.5566,-0.01108,122.22,14.146,13.313,13.855,-0.01206,0.06196,-0.0022599999999999,12.049,12.002,12.073,12.442,-2.5955,10
2015-06-07 01:19:00,1.558,-0.04431,122.23,14.357,13.311,13.858,-0.00676,0.3673299999999999,-0.00192,12.067,12.098,12.287,12.682,-2.6234,10
2015-06-07 01:20:00,1.5575,-0.03323,122.18,14.505,13.314,13.875,-0.00877,-0.1947299999999999,-0.00027,12.125,12.203,12.303,12.701,-2.2885,10
2015-06-07 01:21:00,1.5572,-0.04431,122.2,14.455,13.311,13.875,-0.0082299999999999,0.12834,0.0008199999999999,12.139,12.195,12.304,12.668,-2.121,10
2015-06-07 01:22:00,1.5578,-0.06647,122.21,14.418,13.31,13.875,-0.00786,0.1903,-0.00427,12.133,12.155,12.301,12.682,-2.2606,10
2015-06-07 01:23:00,1.5572,-0.03323,122.25,14.472,13.308,13.897,-0.0043899999999999,-0.0663799999999999,0.0025,12.177,12.327,12.406,12.744,-2.2047,10
2015-06-07 01:24:00,1.5583,-0.08862,122.26,14.557,13.309,13.897,-0.0041999999999999,0.1947299999999999,0.0031099999999999,12.195,12.293,12.452,12.814,-2.4001,10
2015-06-07 01:25:00,1.558,-0.0221599999999999,122.26,14.596,13.309,13.897,-0.00676,0.11064,-0.0064999999999999,12.214,12.314,12.44,12.76,-2.1768,10
2015-06-07 01:26:00,1.5583,-0.05539,122.26,14.619,13.309,13.897,-0.00621,0.11507,-0.00166,12.224,12.273,12.454,12.795,-2.0931,10
2015-06-07 01:27:00,1.5583,-0.04431,122.28,14.581,13.309,13.919,-0.00987,-0.1726,0.00404,12.236,12.339,12.496,12.831,-2.0373,10
2015-06-07 01:28:00,1.5572,-0.06647,122.24,14.511,13.308,13.919,-0.00914,-0.44256,-0.0066,12.238,12.352,12.511,12.821,-2.2327,10
2015-06-07 01:29:00,1.5575,-0.01108,122.21,14.498,13.309,13.935,-0.0069499999999999,-0.18145,0.00221,12.242,12.286,12.482,12.818,-2.1769,10
2015-06-07 01:30:00,1.5586,-0.04431,122.2,14.356,13.307,13.941,-0.00914,0.0663799999999999,0.00182,12.21,12.217,12.377,12.693,-2.3722,10
2015-06-07 01:31:00,1.5575,-0.04431,122.25,14.295,13.308,13.941,-0.00877,-0.3319199999999999,0.00383,12.181,12.179,12.356,12.617,-2.7071,10
2015-06-07 01:32:00,1.5583,-0.0775499999999999,122.24,14.329,13.306,13.946,-0.00786,-0.2522599999999999,5e-05,12.165,12.198,12.347,12.601,-2.8187,10
2015-06-07 01:33:00,1.5583,-0.05539,122.22,14.39,13.305,13.961,-0.0089599999999999,-0.18145,0.00083,12.171,12.152,12.268,12.513,-2.735,10
2015-06-07 01:34:00,1.5589,-0.05539,122.27,14.423,13.307,13.963,-0.0007299999999999,-0.11949,-0.0030799999999999,12.15,12.131,12.29,12.541,-2.7629,10
2015-06-07 01:35:00,1.5575,-0.05539,122.25,14.486,13.305,13.983,-0.00969,-0.0354,-0.00979,12.168,12.169,12.292,12.553,-2.8187,10
2015-06-07 01:36:00,1.558,0.0,122.25,14.416,13.306,13.989,-0.00256,-0.0840899999999999,0.00393,12.156,12.084,12.213,12.505,-2.7908,10
2015-06-07 01:37:00,1.5586,-0.03323,122.27,14.28,13.306,14.007,-0.00786,0.23013,0.0058399999999999,12.116,12.012,12.123,12.426,-2.9583,10
2015-06-07 01:38:00,1.5575,-0.05539,122.31,14.146,13.305,14.007,-0.0065799999999999,-0.32307,0.00216,12.072,11.862,11.982,12.257,-3.2094,10
2015-06-07 01:39:00,1.5583,-0.03323,122.32,13.989,13.304,14.018,-0.0031099999999999,-0.3629,-0.00768,12.026,11.698,11.792,12.004,-3.3211,10
2015-06-07 01:40:00,1.5578,-0.0221599999999999,122.32,13.846,13.306,14.029,-0.00621,0.17702,-0.00851,11.966,11.481,11.604,11.823,-3.349,10
2015-06-07 01:41:00,1.5578,-0.05539,122.31,13.706,13.304,14.038,-0.01261,0.00885,-0.0027499999999999,11.913,11.336,11.43,11.632,-3.4327,10
2015-06-07 01:42:00,1.5569,-0.05539,122.32,13.577,13.304,14.051,-0.0041999999999999,-0.5399199999999998,0.0050299999999999,11.858,11.149,11.284,11.465,-3.9351,10
2015-06-07 01:43:00,1.5583,-0.05539,122.33,13.458,13.307,14.068,-0.00749,-0.2257099999999999,-0.00393,11.795,11.036,11.158,11.314,-4.0188,10
2015-06-07 01:44:00,1.558,-0.0775499999999999,122.32,13.364,13.306,14.073,-0.0065799999999999,0.04868,0.0029399999999999,11.736,10.958,11.08,11.188,-4.0188,10
2015-06-07 01:45:00,1.5569,-0.0221599999999999,122.37,13.359,13.307,14.08,-0.01097,0.0398299999999999,-0.0019,11.689,10.949,11.045,11.208,-4.0188,10
2015-06-07 01:46:00,1.5569,-0.04431,122.35,13.417,13.309,14.095,-0.01005,-0.0044299999999999,-0.0024399999999999,11.661,10.823,10.934,11.113,-4.0188,10
2015-06-07 01:47:00,1.558,-0.0221599999999999,122.37,13.44,13.307,14.103,-0.0014599999999999,-0.11949,0.0022,11.628,10.854,10.937,11.103,-3.9909,10
2015-06-07 01:48:00,1.5578,0.0,122.32,13.657,13.307,14.117,-0.00384,0.3496199999999999,-2e-05,11.624,10.955,11.012,11.236,-3.8234,10
2015-06-07 01:49:00,1.5575,-0.04431,122.32,13.933,13.309,14.117,-0.00804,-0.3673299999999999,-0.0006099999999999,11.641,11.034,11.084,11.345,-3.656,10
2015-06-07 01:50:00,1.5575,-0.0775499999999999,122.32,14.038,13.309,14.117,-0.00932,-0.0663799999999999,0.00453,11.644,11.03,11.086,11.361,-3.3769,10
2015-06-07 01:51:00,1.5578,-0.04431,122.32,14.098,13.308,14.123,-0.01389,-0.10621,0.0082199999999999,11.649,10.977,11.107,11.414,-3.349,10
2015-06-07 01:52:00,1.5583,-0.0996999999999999,122.35,14.094,13.307,14.137,-0.0054799999999999,0.1549,-0.00205,11.657,10.887,11.09,11.45,-3.349,10
2015-06-07 01:53:00,1.5575,-0.06647,122.36,14.036,13.308,14.139,-0.00585,-0.3053699999999999,0.0030899999999999,11.656,10.939,11.001,11.302,-3.349,10
2015-06-07 01:54:00,1.5583,-0.1329299999999999,122.33,13.924,13.307,14.139,-0.00512,-0.01328,-0.0006899999999999,11.634,10.959,10.955,11.212,-3.349,10
2015-06-07 01:55:00,1.5572,0.0221599999999999,122.4,13.946,13.309,14.152,-0.00969,1.0533,-0.01371,11.633,10.954,11.061,11.363,-3.349,10
2015-06-07 01:56:00,1.5583,-0.0221599999999999,122.42,13.904,13.309,14.161,-0.0073099999999999,-0.49124,0.00168,11.627,10.842,11.056,11.391,-3.349,10
2015-06-07 01:57:00,1.5575,0.0,122.43,13.766,13.31,14.161,-0.0127899999999999,-1.071,0.01227,11.607,11.026,11.101,11.425,-3.349,10
2015-06-07 01:58:00,1.558,-0.04431,122.43,13.659,13.309,14.161,-0.00804,0.65942,-0.0028999999999999,11.577,11.032,11.075,11.413,-3.349,10
2015-06-07 01:59:00,1.5561,-0.03323,122.47,13.598,13.31,14.178,-0.0031099999999999,-1.2569,0.0055999999999999,11.579,10.944,11.077,11.422,-3.4328,10
2015-06-07 02:00:00,1.558,-0.08862,122.46,13.669,13.309,14.183,-0.00347,0.0796599999999999,0.00355,11.568,10.904,11.117,11.498,-3.349,10
2015-06-07 02:01:00,1.5578,-0.0775499999999999,122.43,13.792,13.31,14.183,-0.00877,-0.1549,0.0007299999999999,11.582,11.005,11.146,11.47,-3.349,10
2015-06-07 02:02:00,1.5591,-0.06647,122.47,13.837,13.309,14.183,-0.00183,-0.86299,0.0043,11.593,10.93,11.05,11.361,-3.349,10
2015-06-07 02:03:00,1.5575,0.01108,122.5,13.919,13.31,14.185,-0.0029199999999999,-0.0575299999999999,0.0007699999999999,11.582,10.997,11.144,11.472,-3.3769,10
2015-06-07 02:04:00,1.5583,-0.06647,122.47,13.938,13.31,14.193,-0.00457,0.4646899999999999,0.0016299999999999,11.599,11.081,11.144,11.482,-3.349,10
2015-06-07 02:05:00,1.5591,-0.12186,122.44,13.83,13.309,14.198,-0.00877,-0.97806,0.00915,11.611,11.118,11.12,11.422,-3.349,10
2015-06-07 02:06:00,1.558,-0.08862,122.5,13.778,13.309,14.206,-0.0065799999999999,-0.23013,0.00062,11.607,11.014,11.094,11.458,-3.349,10
2015-06-07 02:07:00,1.5591,-0.0996999999999999,122.42,13.653,13.309,14.206,-0.01097,-0.6948199999999999,0.00776,11.589,11.051,11.094,11.416,-3.349,10
2015-06-07 02:08:00,1.5578,0.01108,122.41,13.533,13.308,14.206,-0.0047499999999999,0.69039,-0.00265,11.564,11.066,11.122,11.455,-3.349,10
2015-06-07 02:09:00,1.558,-0.06647,122.4,13.58,13.31,14.206,-0.00621,-0.2079999999999999,-0.00203,11.566,11.018,11.169,11.528,-3.349,10
2015-06-07 02:10:00,1.558,-0.0775499999999999,122.44,13.585,13.308,14.206,-0.01426,-0.52222,0.008,11.559,10.972,11.1,11.431,-3.349,10
2015-06-07 02:11:00,1.5578,-0.0221599999999999,122.5,13.539,13.308,14.206,-0.00384,0.40716,-0.00436,11.545,10.958,10.988,11.319,-3.349,10
2015-06-07 02:12:00,1.5578,-0.04431,122.55,13.452,13.308,14.206,-0.0056699999999999,0.46911,0.00027,11.516,10.876,10.961,11.26,-3.349,10
2015-06-07 02:13:00,1.5586,-0.0775499999999999,122.56,13.413,13.309,14.206,-0.00238,-0.45584,0.00303,11.502,10.688,10.906,11.211,-3.349,10
2015-06-07 02:14:00,1.5572,0.0221599999999999,122.63,13.34,13.308,14.206,-0.0089599999999999,1.0621,-0.0067299999999999,11.476,10.669,10.753,10.988,-3.349,10
2015-06-07 02:15:00,1.5591,-0.0775499999999999,122.62,13.241,13.309,14.206,-0.01188,1.009,-0.01716,11.431,10.564,10.71,10.984,-3.349,10
2015-06-07 02:16:00,1.5575,0.03323,122.61,13.178,13.31,14.206,-0.0053,-0.45584,0.00204,11.412,10.509,10.668,10.845,-3.4048,10
2015-06-07 02:17:00,1.5578,0.0,122.61,13.129,13.31,14.206,-0.0049399999999999,-0.4823899999999999,0.00787,11.393,10.525,10.612,10.758,-3.4327,10
2015-06-07 02:18:00,1.5572,-0.04431,122.61,13.055,13.31,14.206,-0.00969,0.12392,-0.0126599999999999,11.358,10.452,10.546,10.735,-3.5723,10
2015-06-07 02:19:00,1.5572,0.0,122.58,12.964,13.311,14.206,-0.00585,-0.85414,0.0037799999999999,11.319,10.314,10.445,10.662,-3.8235,10
2015-06-07 02:20:00,1.5586,-0.04431,122.66,12.9,13.311,14.206,-0.01316,-0.82316,0.01667,11.297,10.31,10.418,10.571,-3.8793,10
2015-06-07 02:21:00,1.5578,-0.01108,122.63,12.93,13.312,14.206,-0.0089599999999999,1.1064,-0.01103,11.275,10.348,10.46,10.667,-3.7397,10
2015-06-07 02:22:00,1.5589,-0.08862,122.55,13.104,13.311,14.206,-0.0082299999999999,-0.37175,0.0048799999999999,11.291,10.486,10.53,10.716,-3.5444,10
2015-06-07 02:23:00,1.558,-0.11078,122.57,13.26,13.312,14.206,-0.0060299999999999,-0.3186399999999999,0.00715,11.317,10.555,10.631,10.865,-3.349,10
2015-06-07 02:24:00,1.5591,-0.11078,122.62,13.382,13.312,14.206,-0.0094999999999999,-0.6195899999999999,0.00604,11.352,10.667,10.7,10.963,-3.4049,10
2015-06-07 02:25:00,1.5575,-0.08862,122.64,13.42,13.312,14.206,-0.00585,0.3850299999999999,-0.00025,11.361,10.505,10.736,11.086,-3.349,10
2015-06-07 02:26:00,1.5575,-0.03323,122.6,13.337,13.313,14.206,-0.0047499999999999,0.42043,-0.00404,11.365,10.558,10.653,10.938,-3.3211,10
2015-06-07 02:27:00,1.5572,-0.04431,122.6,13.204,13.313,14.206,-0.0060299999999999,0.28766,-0.0037,11.343,10.45,10.601,10.872,-3.1258,10
2015-06-07 02:28:00,1.558,-0.08862,122.59,13.042,13.313,14.206,-0.0106,-0.06196,-0.00304,11.324,10.407,10.512,10.741,-3.3211,10
2015-06-07 02:29:00,1.5575,0.01108,122.57,12.896,13.313,14.196,-0.01499,0.4160099999999999,-0.0082299999999999,11.279,10.289,10.408,10.665,-3.2932,10
2015-06-07 02:30:00,1.5583,-0.05539,122.58,12.805,13.314,14.189,-0.00457,-0.11949,-8e-05,11.254,10.255,10.337,10.56,-3.349,10
2015-06-07 02:31:00,1.5575,-0.04431,122.58,12.848,13.315,14.183,-0.00457,-0.4514099999999999,0.00172,11.245,10.339,10.454,10.668,-3.349,10
2015-06-07 02:32:00,1.558,-0.08862,122.55,12.966,13.315,14.183,-0.00804,-0.42043,0.0065199999999999,11.246,10.388,10.473,10.75,-3.349,10
2015-06-07 02:33:00,1.5578,-0.04431,122.54,13.078,13.316,14.183,-0.00987,-0.00885,0.0044099999999999,11.245,10.475,10.587,10.904,-3.3769,10
2015-06-07 02:34:00,1.558,-0.0221599999999999,122.53,13.405,13.316,14.18,-0.0043899999999999,-0.0708099999999999,0.00218,11.282,10.628,10.756,11.147,-3.349,10
2015-06-07 02:35:00,1.5575,-0.0221599999999999,122.63,13.679,13.316,14.161,-0.0082299999999999,0.92495,-0.01098,11.335,10.761,10.877,11.33,-3.1537,10
2015-06-07 02:36:00,1.558,-0.0775499999999999,122.7,13.754,13.316,14.161,-0.0106,0.8983999999999999,-0.01191,11.363,10.689,10.91,11.355,-2.6792,10
2015-06-07 02:37:00,1.5575,-0.0221599999999999,122.76,13.765,13.315,14.161,-0.0106,-1.0976,0.01165,11.414,10.706,10.849,11.218,-2.5955,10
2015-06-07 02:38:00,1.558,-0.01108,122.75,13.715,13.313,14.15,-0.0054799999999999,0.7435,-0.0073899999999999,11.409,10.721,10.769,11.104,-2.6234,10
2015-06-07 02:39:00,1.5578,-0.04431,122.76,13.721,13.314,14.139,-0.01115,-0.75678,0.00812,11.432,10.765,10.815,11.117,-2.763,10
2015-06-07 02:40:00,1.5575,-0.0221599999999999,122.75,13.836,13.314,14.139,-0.00676,-1.0135,0.00927,11.476,10.819,10.956,11.309,-2.5118,10
2015-06-07 02:41:00,1.5575,0.01108,122.75,13.867,13.315,14.139,-0.00366,-0.92495,0.00334,11.491,10.802,10.985,11.407,-2.4281,10
2015-06-07 02:42:00,1.5583,-0.11078,122.72,13.827,13.315,14.136,-0.0056699999999999,-0.23013,0.00685,11.509,10.938,10.977,11.335,-2.3722,10
2015-06-07 02:43:00,1.5589,-0.0996999999999999,122.72,13.838,13.316,14.121,-0.00987,-0.2257099999999999,0.00017,11.513,10.868,11.145,11.604,-2.5118,10
2015-06-07 02:44:00,1.5589,-0.04431,122.74,13.839,13.315,14.117,-0.01042,0.7833299999999999,-0.00979,11.542,11.028,11.21,11.671,-2.2606,10
2015-06-07 02:45:00,1.5578,-0.0221599999999999,122.78,13.881,13.315,14.117,-0.0047499999999999,0.88955,-0.00504,11.578,11.175,11.284,11.739,-2.2048,10
2015-06-07 02:46:00,1.5566,0.0221599999999999,122.79,13.84,13.315,14.117,-0.0065799999999999,1.0577,-0.0022699999999999,11.602,11.211,11.336,11.806,-2.2885,10
2015-06-07 02:47:00,1.5583,-0.12186,122.73,13.77,13.313,14.117,-0.00932,-0.21243,0.0013699999999999,11.612,11.087,11.336,11.828,-2.4559,10
2015-06-07 02:48:00,1.5575,-0.06647,122.66,13.585,13.311,14.117,-0.01024,0.37618,-0.00348,11.612,11.149,11.274,11.721,-2.6234,10
2015-06-07 02:49:00,1.5589,-0.1329299999999999,122.63,13.46,13.314,14.114,-0.01206,-0.3186399999999999,0.00116,11.614,11.221,11.196,11.581,-2.8187,10
2015-06-07 02:50:00,1.5572,0.0,122.67,13.314,13.314,14.095,-0.00786,-1.1639,0.01095,11.58,11.096,11.162,11.521,-2.8746,10
2015-06-07 02:51:00,1.5605,-0.14401,122.59,13.141,13.313,14.095,-0.0054799999999999,0.50009,-0.00252,11.544,10.937,11.121,11.529,-3.0701,10
2015-06-07 02:52:00,1.5583,-0.0221599999999999,122.64,13.043,13.313,14.095,-0.01005,-0.44256,0.00337,11.528,10.966,11.034,11.372,-3.3212,10
2015-06-07 02:53:00,1.5583,-0.01108,122.64,12.877,13.313,14.095,-0.0089599999999999,-0.0044299999999999,0.00329,11.496,10.902,10.938,11.258,-3.377,10
2015-06-07 02:54:00,1.5589,-0.0775499999999999,122.64,12.85,13.314,14.095,-0.00329,-0.1947299999999999,0.00159,11.464,10.823,10.895,11.237,-3.377,10
2015-06-07 02:55:00,1.5586,-0.08862,122.6,12.785,13.314,14.088,-0.01078,-0.88955,0.0083599999999999,11.432,10.809,10.811,11.107,-3.3491,10
2015-06-07 02:56:00,1.5586,-0.0221599999999999,122.63,12.725,13.314,14.075,-0.0140699999999999,0.73465,-0.0099299999999999,11.387,10.735,10.752,11.087,-3.4608,10
2015-06-07 02:57:00,1.5575,-0.0221599999999999,122.61,12.737,13.315,14.073,-0.0133399999999999,-1.133,0.01453,11.366,10.621,10.749,11.108,-3.4328,10
2015-06-07 02:58:00,1.5586,-0.0775499999999999,122.61,12.849,13.315,14.073,-0.0127899999999999,0.16375,0.0009799999999999,11.363,10.645,10.732,11.081,-3.4049,10
2015-06-07 02:59:00,1.5589,-0.05539,122.61,13.004,13.315,14.073,-0.01736,0.2478299999999999,-0.0039199999999999,11.353,10.698,10.873,11.247,-3.4049,10
2015-06-07 03:00:00,1.5578,-0.06647,122.58,13.317,13.316,14.073,-0.00786,0.06196,-0.00175,11.394,10.926,11.032,11.386,-3.349,10
2015-06-07 03:01:00,1.5583,-0.03323,122.58,13.515,13.316,14.073,-0.0056699999999999,0.32307,-0.0008899999999999,11.435,11.001,11.12,11.541,-3.2932,10
2015-06-07 03:02:00,1.5575,-0.05539,122.62,13.555,13.315,14.064,-0.01078,-0.62844,0.00863,11.462,11.065,11.194,11.6,-2.8746,10
2015-06-07 03:03:00,1.5586,-0.06647,122.6,13.542,13.317,14.06,-0.0064,0.39388,-0.0040899999999999,11.472,11.027,11.112,11.542,-2.5676,10
2015-06-07 03:04:00,1.5589,-0.12186,122.6,13.408,13.316,14.051,-0.0089599999999999,-0.5178,0.00723,11.458,10.955,11.045,11.48,-2.7908,10
2015-06-07 03:05:00,1.5586,-0.06647,122.56,13.272,13.317,14.051,-0.00987,-0.41158,0.00123,11.454,11.001,11.063,11.457,-2.9304,10
2015-06-07 03:06:00,1.5575,-0.03323,122.59,13.181,13.316,14.051,-0.0065799999999999,0.3319199999999999,-0.00461,11.433,11.091,11.167,11.555,-3.0141,10
2015-06-07 03:07:00,1.5578,-0.0775499999999999,122.52,13.229,13.315,14.038,-0.00969,-0.54435,0.0062199999999999,11.447,11.066,11.149,11.559,-3.1258,10
2015-06-07 03:08:00,1.5583,-0.01108,122.55,13.318,13.315,14.029,-0.01152,0.49567,-0.00747,11.461,11.129,11.233,11.633,-2.8746,10
2015-06-07 03:09:00,1.5591,-0.08862,122.56,13.387,13.315,14.029,-0.0089599999999999,0.0044299999999999,-0.00172,11.495,11.199,11.247,11.627,-2.6792,10
2015-06-07 03:10:00,1.5591,-0.06647,122.53,13.338,13.316,14.029,-0.00841,-0.02655,-3e-05,11.509,11.151,11.247,11.625,-2.5397,10
2015-06-07 03:11:00,1.5578,-0.11078,122.58,13.281,13.316,14.029,-0.00859,-0.40716,0.0032699999999999,11.518,11.151,11.241,11.587,-2.5676,10
2015-06-07 03:12:00,1.5583,-0.04431,122.59,13.187,13.316,14.029,-0.00768,0.7258,-0.0037499999999999,11.504,11.129,11.24,11.61,-2.6793,10
2015-06-07 03:13:00,1.5572,-0.06647,122.61,13.243,13.316,14.029,-0.0117,-0.68154,0.00689,11.525,11.119,11.298,11.648,-2.7072,10
2015-06-07 03:14:00,1.5575,0.0,122.61,13.284,13.316,14.016,-0.0089599999999999,-1.0223,0.00867,11.531,11.062,11.233,11.564,-2.5676,10
2015-06-07 03:15:00,1.5575,-0.06647,122.6,13.275,13.316,14.007,-0.00859,0.3982999999999999,-0.00272,11.531,11.112,11.196,11.484,-2.5676,10
2015-06-07 03:16:00,1.5578,-0.06647,122.66,13.24,13.315,14.007,-0.01609,-0.38945,0.00662,11.536,11.063,11.114,11.356,-2.6234,10
2015-06-07 03:17:00,1.5578,-0.0221599999999999,122.76,13.129,13.315,14.007,-0.00859,-0.32307,0.0086899999999999,11.51,10.938,11.084,11.339,-2.735,10
2015-06-07 03:18:00,1.5586,-0.0221599999999999,122.76,13.05,13.315,14.007,-0.00987,-0.4514099999999999,0.00457,11.505,10.929,11.035,11.251,-2.8467,10
2015-06-07 03:19:00,1.5583,-0.0221599999999999,122.71,13.008,13.316,14.007,-0.00585,0.34077,0.0014499999999999,11.491,10.949,10.989,11.21,-2.9862,10
2015-06-07 03:20:00,1.5586,-0.0775499999999999,122.69,12.997,13.316,14.007,-0.00256,-0.21243,-0.00206,11.481,10.854,11.041,11.283,-3.0699,10
2015-06-07 03:21:00,1.5583,-0.06647,122.66,12.965,13.317,14.007,-0.00585,-0.7213699999999998,0.00333,11.471,10.972,10.972,11.183,-2.8188,10
2015-06-07 03:22:00,1.5594,-0.11078,122.63,12.927,13.318,14.007,-0.0094999999999999,-0.90725,0.0095399999999999,11.47,10.988,10.975,11.175,-2.9304,10
2015-06-07 03:23:00,1.5589,-0.08862,122.67,12.95,13.317,14.005,-0.0094999999999999,0.27881,-0.00446,11.452,10.909,11.033,11.281,-2.9025,10
2015-06-07 03:24:00,1.5586,-0.06647,122.68,12.903,13.317,13.99,-0.00384,-0.1858799999999999,-0.00897,11.43,10.899,10.968,11.217,-2.9025,10
2015-06-07 03:25:00,1.5575,-0.04431,122.7,12.848,13.316,13.985,-0.00859,-0.5045199999999999,0.0008,11.412,10.83,10.945,11.204,-2.9025,10
2015-06-07 03:26:00,1.558,-0.0221599999999999,122.67,12.818,13.317,13.985,-0.01078,0.1681699999999999,-0.00322,11.397,10.765,10.936,11.21,-2.9025,10
2015-06-07 03:27:00,1.5578,-0.0775499999999999,122.67,12.816,13.315,13.985,-0.01481,0.29652,-3e-05,11.384,10.795,10.931,11.203,-3.0141,10
2015-06-07 03:28:00,1.5578,-0.03323,122.66,12.767,13.316,13.985,-0.0179099999999999,-0.40716,0.0087799999999999,11.374,10.786,10.888,11.164,-2.8467,10
2015-06-07 03:29:00,1.5591,-0.0996999999999999,122.61,12.654,13.318,13.985,-0.01042,-0.0708099999999999,0.00029,11.344,10.742,10.933,11.228,-3.0141,10
2015-06-07 03:30:00,1.5575,-0.05539,122.65,12.676,13.319,13.976,-0.0060299999999999,-0.49124,-0.00019,11.327,10.773,10.911,11.214,-2.9862,10
2015-06-07 03:31:00,1.5569,-0.03323,122.65,12.609,13.317,13.963,-0.00804,0.65942,-0.00557,11.288,10.658,10.794,11.086,-2.9025,10
2015-06-07 03:32:00,1.5583,-0.0775499999999999,122.65,12.426,13.319,13.963,-0.0041999999999999,-0.2257099999999999,-0.00048,11.261,10.65,10.761,11.033,-2.9862,10
2015-06-07 03:33:00,1.5578,-0.12186,122.66,12.373,13.317,13.963,-0.0094999999999999,0.14162,-0.0001299999999999,11.242,10.715,10.724,10.98,-3.2095,10
2015-06-07 03:34:00,1.5594,-0.0775499999999999,122.66,12.334,13.317,13.963,-0.01097,-0.7789099999999999,0.00527,11.229,10.672,10.694,10.936,-3.2653,10
2015-06-07 03:35:00,1.5583,-0.04431,122.72,12.356,13.318,13.963,-0.0094999999999999,0.40716,0.00027,11.198,10.572,10.752,11.056,-3.2933,10
2015-06-07 03:36:00,1.5578,-0.04431,122.7,12.38,13.319,13.959,-0.01353,-0.1593199999999999,-0.00018,11.186,10.599,10.696,11.013,-3.0979,10
2015-06-07 03:37:00,1.5569,0.0,122.75,12.507,13.318,13.954,-0.01206,1.4737,-0.01735,11.173,10.669,10.749,11.093,-3.1259,10
2015-06-07 03:38:00,1.5569,-0.0221599999999999,122.71,12.544,13.319,13.941,-0.01188,-0.4027299999999999,0.0108299999999999,11.16,10.637,10.682,10.98,-3.07,10
2015-06-07 03:39:00,1.5586,-0.04431,122.71,12.522,13.317,13.941,-0.01243,-0.65942,0.00804,11.142,10.638,10.684,10.994,-2.9305,10
2015-06-07 03:40:00,1.5578,-0.0996999999999999,122.74,12.521,13.32,13.941,-0.0073099999999999,-0.3275,0.00127,11.133,10.56,10.62,10.946,-2.8188,10
2015-06-07 03:41:00,1.558,-0.08862,122.77,12.549,13.318,13.941,-0.00713,0.08851,-0.0024099999999999,11.13,10.539,10.712,11.069,-2.9584,10
2015-06-07 03:42:00,1.56,-0.11078,122.75,12.637,13.32,13.941,-0.0106,0.79218,-0.01218,11.121,10.455,10.689,11.084,-2.7909,10
2015-06-07 03:43:00,1.5589,-0.0775499999999999,122.72,12.714,13.32,13.941,-0.00987,-0.82759,0.0076,11.142,10.647,10.725,11.037,-2.7351,10
2015-06-07 03:44:00,1.558,-0.04431,122.74,12.824,13.321,13.923,-0.0027399999999999,0.3496199999999999,0.0030999999999999,11.138,10.636,10.753,11.102,-2.5676,10
2015-06-07 03:45:00,1.5572,-0.0775499999999999,122.76,12.77,13.32,13.919,-0.0073099999999999,-0.50009,0.00472,11.147,10.587,10.799,11.166,-2.3443,10
2015-06-07 03:46:00,1.5586,-0.03323,122.72,12.644,13.319,13.919,-0.0064,0.65942,-0.00476,11.15,10.596,10.729,11.09,-2.3443,10
2015-06-07 03:47:00,1.5578,-0.06647,122.73,12.447,13.321,13.906,-0.01243,0.2522599999999999,-0.00032,11.124,10.602,10.742,11.064,-2.456,10
2015-06-07 03:48:00,1.5564,-0.04431,122.73,12.534,13.32,13.897,-0.0047499999999999,-1.0621,0.00868,11.146,10.656,10.775,11.118,-2.4281,10
2015-06-07 03:49:00,1.5583,-0.05539,122.73,12.61,13.321,13.897,-0.00402,-0.92053,0.00289,11.162,10.549,10.758,11.124,-2.2607,10
2015-06-07 03:50:00,1.5575,-0.04431,122.72,12.497,13.321,13.897,-0.0117,0.61516,-0.00367,11.153,10.611,10.72,11.071,-2.484,10
2015-06-07 03:51:00,1.5591,-0.08862,122.68,12.452,13.323,13.888,-0.00749,-0.97363,0.00595,11.158,10.627,10.659,10.954,-2.5398,10
2015-06-07 03:52:00,1.558,-0.06647,122.7,12.395,13.322,13.877,-0.01078,-0.6018799999999999,0.00191,11.166,10.616,10.67,10.969,-2.5398,10
2015-06-07 03:53:00,1.5578,-0.04431,122.72,12.425,13.322,13.875,-0.0117,0.0575299999999999,-7e-05,11.17,10.491,10.668,11.022,-2.5677,10
2015-06-07 03:54:00,1.5575,-0.0221599999999999,122.73,12.464,13.321,13.853,-0.0140699999999999,-0.40716,0.00042,11.177,10.516,10.609,10.918,-2.5398,10
2015-06-07 03:55:00,1.5578,-0.0221599999999999,122.63,12.644,13.321,13.853,-0.00877,-0.1504699999999999,-0.00372,11.234,10.591,10.707,11.055,-2.5397,10
2015-06-07 03:56:00,1.558,-0.08862,122.6,12.848,13.321,13.853,-0.01755,-0.62844,0.01162,11.318,10.762,10.725,11.045,-2.3444,10
2015-06-07 03:57:00,1.5569,-0.0221599999999999,122.61,12.962,13.323,13.853,-0.0146199999999999,-0.46026,0.00911,11.347,10.601,10.767,11.142,-2.4002,10
2015-06-07 03:58:00,1.5586,-0.0221599999999999,122.62,13.016,13.322,13.851,-0.0031099999999999,-0.5178,-0.00079,11.361,10.637,10.717,11.074,-2.2048,10
2015-06-07 03:59:00,1.5575,-0.05539,122.64,13.012,13.322,13.838,-0.0027399999999999,0.02213,0.00337,11.327,10.542,10.684,11.085,-2.5676,10
2015-06-07 04:00:00,1.5575,-0.04431,122.64,13.061,13.323,13.831,-0.00768,-0.10179,0.00218,11.346,10.561,10.67,11.023,-2.6792,10
2015-06-07 04:01:00,1.558,-0.01108,122.66,13.046,13.322,13.829,-0.0069499999999999,0.50009,-0.00846,11.338,10.464,10.574,10.862,-2.6234,10
2015-06-07 04:02:00,1.558,-0.0775499999999999,122.65,12.95,13.32,13.813,-0.0106,0.47797,-0.00638,11.29,10.316,10.418,10.68,-2.7909,10
2015-06-07 04:03:00,1.558,-0.05539,122.67,12.896,13.323,13.809,-0.01078,0.4160099999999999,0.0015,11.262,10.236,10.399,10.706,-3.2374,10
2015-06-07 04:04:00,1.5575,-0.03323,122.66,12.843,13.323,13.807,-0.00676,0.12834,0.00192,11.269,10.253,10.385,10.699,-3.1816,10
2015-06-07 04:05:00,1.558,-0.0775499999999999,122.63,12.766,13.322,13.791,-0.00969,0.27881,-0.0020699999999999,11.238,10.119,10.361,10.659,-3.2933,10
2015-06-07 04:06:00,1.558,-0.0775499999999999,122.66,12.518,13.322,13.787,-0.0094999999999999,0.5886099999999999,-0.00215,11.217,10.075,10.287,10.588,-2.9584,10
2015-06-07 04:07:00,1.5566,0.06647,122.72,12.258,13.322,13.787,-0.0064,2.704,-0.01921,11.164,10.054,10.222,10.484,-2.9862,10
2015-06-07 04:08:00,1.5575,-0.01108,122.68,12.099,13.323,13.781,-0.01005,2.0048,-0.02687,11.137,10.034,10.113,10.324,-2.9583,10
2015-06-07 04:09:00,1.5583,-0.06647,122.7,11.985,13.323,13.765,-0.00676,2.2659,-0.01102,11.08,9.9535,10.048,10.243,-3.0421,10
2015-06-07 04:10:00,1.5572,0.0221599999999999,122.75,11.935,13.324,13.765,-0.01097,1.4826,-0.01506,11.044,9.8795,10.044,10.232,-3.1816,10
2015-06-07 04:11:00,1.5569,0.01108,122.78,11.965,13.325,13.765,-0.00621,1.7437,-0.0101099999999999,11.018,9.8447,10.05,10.246,-2.8188,10
2015-06-07 04:12:00,1.5578,-0.0775499999999999,122.78,12.012,13.324,13.754,-0.01389,3.1732,-0.04079,10.996,9.8343,10.055,10.246,-2.5397,10
2015-06-07 04:13:00,1.5572,-0.04431,122.78,12.019,13.323,13.743,-0.0094999999999999,4.2442,-0.0455399999999999,10.971,9.9252,9.974,10.12,-2.2327,10
2015-06-07 04:14:00,1.5578,-0.04431,122.81,12.013,13.324,13.743,-0.01206,3.8326,-0.04658,10.963,9.8687,10.027,10.122,-2.0094,10
2015-06-07 04:15:00,1.5586,0.0,122.86,11.983,13.325,13.743,-0.01243,4.9877,-0.06639,10.955,9.8994,10.047,10.181,-2.0094,10
2015-06-07 04:16:00,1.5578,-0.06647,122.88,11.919,13.326,13.723,-0.01152,5.9126,-0.0635,10.921,9.8728,10.016,10.148,-2.0094,10
2015-06-07 04:17:00,1.5572,-0.04431,122.86,11.846,13.326,13.721,-0.0073099999999999,7.0588,-0.05233,10.885,9.7866,9.954,10.113,-2.0094,10
2015-06-07 04:18:00,1.558,-0.0996999999999999,122.85,11.782,13.325,13.721,-0.0073099999999999,8.3733,-0.0599799999999999,10.864,9.751,9.9065,10.054,-2.0094,10
2015-06-07 04:19:00,1.5575,-0.05539,122.97,11.695,13.325,13.71,-0.0054799999999999,9.7186,-0.05138,10.821,9.6945,9.8787,10.03,-2.0095,10
2015-06-07 04:20:00,1.5564,0.01108,123.04,11.642,13.326,13.699,-0.0073099999999999,10.918,-0.07942,10.784,9.6981,9.878100000000002,10.011,-2.0095,10
2015-06-07 04:21:00,1.5572,-0.03323,123.05,11.625,13.325,13.686,-0.0069499999999999,10.117,-0.0704499999999999,10.767,9.6056,9.8379,9.9808,-2.0095,10
2015-06-07 04:22:00,1.5564,-0.04431,123.07,11.539,13.324,13.677,-0.0106,9.3203,-0.10197,10.738,9.5837,9.7198,9.7958,-1.8421,10
2015-06-07 04:23:00,1.5586,-0.0775499999999999,123.07,11.359,13.327,13.677,-0.01188,9.8337,-0.11675,10.686,9.4386,9.6165,9.7205,-1.7863,10
2015-06-07 04:24:00,1.5586,-0.04431,123.01,11.11,13.327,13.664,-0.00384,8.9132,-0.0353199999999999,10.633,9.3608,9.501,9.5708,-2.0095,10
2015-06-07 04:25:00,1.5583,-0.0332399999999999,123.07,10.893,13.329,13.656,-0.01353,10.361,-0.13879,10.579,9.306,9.4442,9.5161,-2.0095,10
2015-06-07 04:26:00,1.5575,-0.04431,122.96,10.781,13.329,13.657,-0.00384,11.861,-0.04472,10.543,9.1647,9.4188,9.5402,-1.9816,10
2015-06-07 04:27:00,1.5584,-0.0221599999999999,122.97,10.748,13.329,13.642,-0.00512,13.928,-0.07674,10.506,9.2058,9.3727,9.4292,-1.7583,10
2015-06-07 04:28:00,1.5583,-0.04431,122.98,10.761,13.332,13.635,0.0,16.145,-0.0051399999999999,10.477,9.2548,9.3742,9.4328,-1.4513,10
2015-06-07 04:29:00,1.5589,-0.08863,122.98,10.809,13.329,13.624,-0.0089599999999999,16.897,-0.14898,10.464,9.2513,9.3449,9.397900000000002,-1.2559,10
2015-06-07 04:30:00,1.5586,-0.0996999999999999,122.99,10.856,13.33,13.613,-0.00165,19.894,-0.0333999999999999,10.439,9.2263,9.3289,9.4001,-0.78146,10
2015-06-07 04:31:00,1.5589,-0.04431,122.97,10.863,13.332,13.601,-0.00219,22.797,-0.05145,10.412,9.185,9.3121,9.4077,-0.4744599999999999,10
2015-06-07 04:32:00,1.5578,0.01108,122.98,10.856,13.332,13.59,-0.0043899999999999,25.581,-0.11396,10.396,9.1572,9.3219,9.419,0.0,10
2015-06-07 04:33:00,1.5586,-0.06647,122.94,10.859,13.333,13.583,-0.00091,27.979,-0.02374,10.388,9.1295,9.3173,9.4346,0.3907399999999999,10
2015-06-07 04:34:00,1.5589,-0.05539,122.89,10.863,13.334,13.568,-0.0027399999999999,32.069,-0.0849,10.371,9.1305,9.296,9.4021,1.1164,10
2015-06-07 04:35:00,1.5581,-0.0996999999999999,122.9,10.882,13.334,13.561,0.0011,34.255,0.03778,10.376,9.1008,9.281,9.4164,1.8142,10
2015-06-07 04:36:00,1.5586,-0.03323,123.0,10.937,13.334,13.546,0.0094999999999999,39.88,0.3834099999999999,10.365,9.1594,9.2809,9.4233,2.0095,10
2015-06-07 04:37:00,1.5569,0.0,123.01,11.015,13.335,13.535,0.00969,43.947,0.4268299999999999,10.371,9.2467,9.3207,9.4561,2.4002,10
2015-06-07 04:38:00,1.5586,-0.08862,122.98,11.078,13.335,13.517,0.01261,46.832,0.5871899999999999,10.374,9.2953,9.2995,9.3874,3.3492,10
2015-06-07 04:39:00,1.5581,0.0221599999999999,123.06,11.138,13.336,13.503,0.01024,51.564,0.5281,10.378,9.3547,9.3805,9.5027,3.9911,10
2015-06-07 04:40:00,1.5581,-0.01108,123.05,11.237,13.335,13.5,0.0106,54.712,0.58259,10.396,9.3238,9.4564,9.6092,4.1864,10
2015-06-07 04:41:00,1.5581,-0.04431,123.0,11.361,13.336,13.482,0.01499,60.682,0.90836,10.42,9.4743,9.4715,9.6104,5.0795,10
2015-06-07 04:42:00,1.5581,-0.01108,122.95,11.467,13.337,13.468,0.0065799999999999,69.401,0.4525199999999999,10.441,9.5129,9.5394,9.7208,5.6377,10
2015-06-07 04:43:00,1.559,-0.0997099999999999,123.0,11.531,13.335,13.45,0.0106,77.108,0.8216499999999999,10.45,9.4745,9.5604,9.7801,6.0284,10
2015-06-07 04:44:00,1.559,-0.06647,122.96,11.567,13.337,13.438,0.00749,85.473,0.63743,10.465,9.521,9.574,9.8014,6.3354,10
2015-06-07 04:45:00,1.5581,-0.04431,123.04,11.595,13.337,13.42,0.01243,98.119,1.2284,10.471,9.4777,9.6068,9.8628,6.8936,10
2015-06-07 04:46:00,1.5598,-0.0775499999999999,122.97,11.581,13.338,13.418,0.00841,111.85,0.95236,10.496,9.5527,9.6504,9.8791,7.8983,10
2015-06-07 04:47:00,1.5584,-0.0332399999999999,122.97,11.6,13.338,13.4,0.0117,122.16,1.4237,10.526,9.666200000000002,9.7318,9.9291,8.4007,10
2015-06-07 04:48:00,1.559,-0.0775499999999999,122.88,11.631,13.338,13.385,0.01097,132.81,1.4697,10.548,9.718800000000002,9.7544,9.988,9.3776,10
2015-06-07 04:49:00,1.5595,-0.05539,122.9,11.689,13.338,13.374,0.00128,140.94,0.18267,10.592,9.7721,9.839,10.074,9.9357,10
2015-06-07 04:50:00,1.5592,-0.06647,122.94,11.728,13.339,13.354,0.00219,147.37,0.32939,10.615,9.7289,9.846100000000002,10.078,10.689,10
2015-06-07 04:51:00,1.5598,-0.0775499999999999,122.99,11.806,13.336,13.33,0.0027399999999999,152.15,0.41143,10.675,9.796,9.8824,10.078,11.359,10
2015-06-07 04:52:00,1.5603,-0.04431,123.03,11.925,13.336,13.326,-0.00055,157.08,-0.09113,10.781,9.9377,9.9621,10.129,11.974,10
2015-06-07 04:53:00,1.5598,-0.0775499999999999,123.03,12.078,13.338,13.308,-0.0031099999999999,161.39,-0.50904,10.87,9.9131,10.018,10.202,12.56,10
2015-06-07 04:54:00,1.559,-0.0997099999999999,123.05,12.174,13.338,13.306,-0.00183,166.29,-0.28808,10.966,9.9312,10.08,10.271,13.453,10
2015-06-07 04:55:00,1.5587,-0.05539,123.1,12.335,13.338,13.287,-0.00018,168.54,-0.0332399999999999,11.059,10.004,10.236,10.443,13.816,10
2015-06-07 04:56:00,1.5593,-0.12187,123.05,12.522,13.337,13.272,0.00457,173.36,0.7909199999999998,11.194,10.241,10.373,10.588,14.513,10
2015-06-07 04:57:00,1.5595,-0.06647,123.04,12.635,13.337,13.265,-0.0003699999999999,176.4,-0.06381,11.327,10.315,10.514,10.781,15.462,10
2015-06-07 04:58:00,1.559,-0.05539,123.02,12.66,13.334,13.253,-0.0027399999999999,179.47,-0.4819999999999999,11.447,10.369,10.598,10.865,16.076,10
2015-06-07 04:59:00,1.5604,-0.05539,123.04,12.738,13.333,13.244,-0.0011,183.72,-0.20394,11.544,10.371,10.664,10.996,17.081,10
2015-06-07 05:00:00,1.5585,-0.0443199999999999,122.99,12.734,13.332,13.242,-0.0054799999999999,185.62,-1.0122,11.659,10.4,10.615,10.871,17.918,10
2015-06-07 05:01:00,1.5607,-0.0553999999999999,122.99,12.687,13.332,13.223,0.00366,189.23,0.69196,11.707,10.241,10.613,10.887,18.532,10
2015-06-07 05:02:00,1.6111,-2.5703,122.95,12.63,13.331,13.223,0.01627,175.97,2.7001,11.804,10.29,10.525,10.732,18.755,10
2015-06-07 05:03:00,1.6472,-2.7587,122.89,12.595,13.329,13.222,0.02998,160.42,4.8128,11.869,10.214,10.557,10.767,19.341,10
2015-06-07 05:04:00,1.6466,-2.4041,122.88,12.585,13.327,13.222,0.03821,160.39,6.1268,11.942,10.162,10.554,10.746,20.095,10
2015-06-07 05:05:00,1.6488,-2.0496,122.9,12.586,13.327,13.222,0.0429599999999999,160.06,6.8787,12.03,10.216,10.524,10.658,21.155,10
2015-06-07 05:06:00,1.6494,-1.5621,122.97,12.628,13.327,13.221,0.03857,160.73,6.2018,12.109,10.189,10.532,10.671,21.658,10
2015-06-07 05:07:00,1.6491,-1.263,122.98,12.711,13.324,13.221,0.0509999999999999,159.9,8.1569,12.199,10.193,10.491,10.603,22.69,10
2015-06-07 05:08:00,1.6425,-0.65364,122.99,12.779,13.324,13.219,0.0431399999999999,160.68,6.9352,12.275,10.198,10.473,10.58,22.997,10
2015-06-07 05:09:00,1.6452,-0.29913,123.02,12.833,13.323,13.238,0.05118,160.28,8.2028,12.373,10.093,10.465,10.589,23.695,10
2015-06-07 05:10:00,1.6497,0.29913,122.99,12.834,13.323,13.244,0.0499,160.48,8.0104,12.447,10.158,10.388,10.457,24.365,10
2015-06-07 05:11:00,1.6477,0.46531,122.97,12.849,13.322,13.253,0.06087,160.4,9.7617,12.523,9.9912,10.382,10.483,25.369,10
2015-06-07 05:12:00,1.6442,1.0082,123.01,12.853,13.321,13.266,0.05448,159.94,8.711399999999998,12.609,9.9956,10.339,10.397,25.453,10
2015-06-07 05:13:00,1.6436,1.1301,122.99,12.883,13.317,13.286,0.0563,160.06,9.017,12.697,9.9559,10.341,10.395,26.346,10
2015-06-07 05:14:00,1.6354,1.54,123.02,12.962,13.316,13.31,0.06654,160.22,10.668,12.805,9.926100000000002,10.337,10.38,26.793,10
2015-06-07 05:15:00,1.6384,1.9389,123.03,13.011,13.317,13.327,0.0776899999999999,159.53,12.393,12.896,9.9013,10.318,10.358,27.462,10
2015-06-07 05:16:00,1.6403,2.0386,123.06,13.037,13.313,13.349,0.0692799999999999,160.45,11.124,12.989,9.9108,10.288,10.316,28.328,10
2015-06-07 05:17:00,1.6312,2.515,123.26,13.026,13.313,13.382,0.07276,160.12,11.645,13.093,9.8728,10.31,10.324,28.914,10
2015-06-07 05:18:00,1.6345,2.9691,123.28,12.864,13.311,13.408,0.0839099999999999,160.13,13.43,13.162,9.8065,10.292,10.295,29.528,10
2015-06-07 05:19:00,1.6381,3.2904,123.35,12.718,13.31,13.432,0.0831699999999999,160.22,13.332,13.237,9.7857,10.287,10.288,30.142,10
2015-06-07 05:20:00,1.6323,3.6339,123.36,12.638,13.31,13.472,0.0879299999999999,160.27,14.1,13.334,9.7897,10.262,10.246,30.728,10
2015-06-07 05:21:00,1.6284,3.944,123.34,12.637,13.308,13.504,0.0859199999999999,160.45,13.784,13.424,9.7578,10.271,10.272,31.063,10
2015-06-07 05:22:00,1.6314,4.1434,123.34,12.664,13.306,13.546,0.0873799999999999,160.26,14.004,13.538,9.7262,10.281,10.277,32.179,10
2015-06-07 05:23:00,1.6279,4.3872,123.3,12.683,13.305,13.582,0.08994,160.03,14.391,13.665,9.7748,10.238,10.195,32.682,10
2015-06-07 05:24:00,1.6284,4.8082,123.37,12.734,13.303,13.621,0.0989,160.37,15.867,13.768,9.7473,10.281,10.217,33.017,10
2015-06-07 05:25:00,1.6287,4.9301,123.32,12.809,13.303,13.669,0.10438,160.09,16.715,13.903,9.812,10.285,10.164,33.826,10
2015-06-07 05:26:00,1.6312,5.1849,123.31,12.89,13.302,13.718,0.10091,159.59,16.102,13.98,9.7863,10.333,10.22,34.412,10
2015-06-07 05:27:00,1.6312,5.5504,123.33,12.955,13.3,13.761,0.1069399999999999,160.5,17.167,14.081,9.7789,10.329,10.227,35.053,10
2015-06-07 05:28:00,1.6312,5.8385,123.36,12.87,13.299,13.813,0.11132,159.56,17.764,14.155,9.7204,10.336,10.227,35.974,10
2015-06-07 05:29:00,1.6306,6.0711,123.06,12.756,13.296,13.871,0.10858,160.08,17.385,14.259,9.7758,10.324,10.186,36.477,10
2015-06-07 05:30:00,1.6295,6.4699,122.67,12.738,13.296,13.926,0.1140599999999999,159.81,18.232,14.351,9.7924,10.331,10.195,37.482,10
2015-06-07 05:31:00,1.63,6.8133,122.67,12.732,13.296,13.979,0.11589,159.92,18.534,14.454,9.8167,10.343,10.226,38.263,10
2015-06-07 05:32:00,1.6314,7.0348,122.65,12.755,13.295,14.034,0.10785,159.93,17.257,14.535,9.8923,10.354,10.247,39.212,10
2015-06-07 05:33:00,1.6394,5.8494,122.64,12.729,13.294,14.098,0.0966999999999999,178.0,17.15,14.628,9.9281,10.363,10.256,39.742,10
2015-06-07 05:34:00,1.6479,4.1544,122.56,12.722,13.293,14.156,0.0833499999999999,197.75,16.422,14.695,9.9728,10.391,10.32,40.189,10
2015-06-07 05:35:00,1.632,7.4779,122.6,12.741,13.292,14.222,0.10986,169.69,18.633,14.884,10.106,10.393,10.312,40.803,10
2015-06-07 05:36:00,1.6308,7.732599999999999,122.54,12.791,13.292,14.287,0.12247,165.0,20.21,15.062,10.229,10.403,10.32,41.472,10
2015-06-07 05:37:00,1.6289,8.064999999999998,122.65,12.862,13.291,14.344,0.1191799999999999,165.66,19.744,15.228,10.296,10.425,10.362,41.975,10
2015-06-07 05:38:00,1.6278,8.3198,122.63,12.901,13.29,14.41,0.12028,165.71,19.93,15.348,10.316,10.469,10.427,42.812,10
2015-06-07 05:39:00,1.6289,8.4748,122.65,12.96,13.289,14.471,0.12759,165.85,21.159,15.497,10.416,10.467,10.418,43.454,10
2015-06-07 05:40:00,1.6283,8.6853,122.64,13.065,13.287,14.539,0.1244799999999999,165.24,20.567,15.679,10.395,10.508,10.465,44.096,10
2015-06-07 05:41:00,1.6292,8.9733,122.63,13.197,13.287,14.605,0.12539,165.39,20.736,15.873,10.37,10.534,10.492,44.681,10
2015-06-07 05:42:00,1.6303,9.3832,122.57,13.336,13.283,14.67,0.1277699999999999,165.68,21.173,16.054,10.406,10.553,10.506,44.876,10
2015-06-07 05:43:00,1.6292,9.4718,122.57,13.379,13.282,14.738,0.1339799999999999,165.62,22.196,16.216,10.408,10.572,10.54,45.211,10
2015-06-07 05:44:00,1.6267,9.970300000000002,122.61,13.457,13.281,14.811,0.13599,165.76,22.55,16.427,10.43,10.626,10.614,45.546,10
2015-06-07 05:45:00,1.6358,9.926,122.62,13.601,13.278,14.885,0.13727,165.61,22.724,16.637,10.455,10.658,10.644,46.551,10
2015-06-07 05:46:00,1.6581,10.148,122.59,13.795,13.28,14.957,0.1389199999999999,165.66,23.011,16.86,10.528,10.672,10.638,46.886,10
2015-06-07 05:47:00,1.6661,10.458,122.59,13.951,13.275,15.026,0.1414799999999999,165.41,23.398,17.054,10.513,10.712,10.688,47.082,10
2015-06-07 05:48:00,1.6622,10.613,122.58,14.072,13.274,15.098,0.14824,165.16,24.48,17.263,10.54,10.728,10.73,48.03,10
2015-06-07 05:49:00,1.6675,11.067,122.61,14.117,13.272,15.173,0.13599,165.17,22.468,17.403,10.532,10.769,10.79,48.226,10
2015-06-07 05:50:00,1.6608,11.244,122.53,14.102,13.271,15.253,0.1471399999999999,165.56,24.36,17.566,10.588,10.798,10.807,48.561,10
2015-06-07 05:51:00,1.6603,10.978,122.54,14.147,13.268,15.335,0.14842,165.23,24.518,17.776,10.674,10.83,10.835,48.896,10
2015-06-07 05:52:00,1.6553,10.635,122.56,14.225,13.266,15.409,0.13782,166.09,22.883,17.985,10.698,10.895,10.914,49.538,10
2015-06-07 05:53:00,1.6501,11.156,122.57,14.283,13.265,15.492,0.15354,166.09,25.502,18.201,10.739,10.95,10.948,50.152,10
2015-06-07 05:54:00,1.6484,11.588,122.62,14.359,13.263,15.572,0.16012,165.35,26.48,18.423,10.75,10.993,11.01,50.236,10
2015-06-07 05:55:00,1.6432,11.82,122.62,14.514,13.26,15.658,0.1603,165.22,26.481,18.653,10.814,11.026,11.046,50.235,10
2015-06-07 05:56:00,1.6424,12.153,122.61,14.611,13.257,15.737,0.15573,165.88,25.839,18.821,10.847,11.065,11.116,50.235,10
2015-06-07 05:57:00,1.641,12.197,122.58,14.623,13.257,15.823,0.15756,165.95,26.148,18.977,10.909,11.097,11.161,50.235,10
2015-06-07 05:58:00,1.6399,12.407,122.47,14.575,13.255,15.908,0.16286,165.47,26.952,19.034,10.964,11.139,11.199,50.235,10
2015-06-07 05:59:00,1.6385,12.429,122.43,14.598,13.251,15.994,0.1608499999999999,164.95,26.532,19.219,11.022,11.198,11.26,50.542,10
2015-06-07 06:00:00,1.6371,12.562,122.59,14.655,13.25,16.081,0.16103,165.66,26.684,19.414,11.078,11.259,11.319,51.017,10
2015-06-07 06:01:00,1.6366,12.74,122.59,14.74,13.249,16.164,0.16305,165.4,26.981,19.606,11.11,11.278,11.366,51.434,10
2015-06-07 06:02:00,1.6363,12.861,122.7,14.719,13.246,16.255,0.1626799999999999,165.74,26.958,19.721,11.122,11.333,11.459,51.573,10
2015-06-07 06:03:00,1.633,13.227,122.79,14.718,13.245,16.346,0.1666999999999999,165.61,27.615,19.915,11.184,11.391,11.511,51.712,10
2015-06-07 06:04:00,1.6404,13.925,123.07,14.808,13.242,16.433,0.1698099999999999,165.45,28.101,20.169,11.262,11.445,11.573,53.33,10
2015-06-07 06:05:00,1.6424,14.501,123.01,14.888,13.243,16.52,0.18151,170.13,30.847,20.374,11.299,11.5,11.663,55.478,10
2015-06-07 06:06:00,1.6578,11.953,123.02,14.902,13.243,16.609,0.14221,200.6,28.379,20.529,11.349,11.565,11.732,58.213,10
2015-06-07 06:07:00,1.6658,8.7626,122.99,14.87,13.242,16.701,0.10967,218.95,23.858,20.724,11.439,11.611,11.786,60.919,10
2015-06-07 06:08:00,1.6479,16.373,122.98,14.813,13.239,16.794,0.16707,189.18,31.527,20.862,11.468,11.682,11.874,63.905,10
2015-06-07 06:09:00,1.6402,18.279,122.99,14.727,13.236,16.88,0.19028,182.32,34.689,20.943,11.54,11.731,11.93,67.086,10
2015-06-07 06:10:00,1.6407,19.486,123.05,14.728,13.238,16.974,0.20033,182.08,36.472,21.113,11.619,11.824,12.017,69.987,10
2015-06-07 06:11:00,1.6377,20.815,123.05,14.707,13.235,17.062,0.20472,182.95,37.457,21.25,11.762,11.881,12.067,72.805,10
2015-06-07 06:12:00,1.6421,21.646,123.1,14.703,13.233,17.154,0.21203,182.54,38.698,21.464,11.775,12.017,12.248,75.902,10
2015-06-07 06:13:00,1.644,22.92,122.87,14.767,13.231,17.24,0.21002,183.09,38.458,21.714,11.943,12.091,12.311,78.971,10
2015-06-07 06:14:00,1.6468,24.538,122.62,14.932,13.23,17.332,0.23652,183.5,43.403,21.925,12.083,12.213,12.426,82.31999999999998,10
2015-06-07 06:15:00,1.6487,25.745,122.57,15.248,13.23,17.417,0.24512,183.27,44.926,22.098,12.19,12.348,12.574,85.584,10
2015-06-07 06:16:00,1.6567,28.337,122.63,15.489,13.229,17.506,0.25261,183.37,46.317,22.317,12.311,12.467,12.7,88.765,10
2015-06-07 06:17:00,1.6575,30.209,122.61,15.555,13.225,17.591,0.2628499999999999,182.75,48.03,22.418,12.342,12.592,12.871,92.08600000000001,10
2015-06-07 06:18:00,1.657,31.727,122.67,15.554,13.224,17.682,0.2760099999999999,184.08,50.811,22.604,12.543,12.732,12.99,95.21100000000001,10
2015-06-07 06:19:00,1.6572,33.898,122.65,15.72,13.224,17.766,0.2862399999999999,181.78,52.026,22.86,12.741,12.85,13.075,98.391,10
2015-06-07 06:20:00,1.6605,36.135,122.66,15.895,13.22,17.856,0.30506,181.99,55.518,23.13,12.787,13.04,13.315,101.71,10
2015-06-07 06:21:00,1.6649,37.099,122.65,16.132,13.219,17.94,0.3123699999999999,181.19,56.597,23.355,13.026,13.141,13.378,104.87,10
2015-06-07 06:22:00,1.6624,39.701,122.61,16.318,13.218,18.021,0.32388,181.47,58.775,23.535,13.094,13.306,13.579,108.52,10
2015-06-07 06:23:00,1.6671,41.75,122.53,16.367,13.217,18.106,0.3355699999999999,182.35,61.189,23.747,13.347,13.416,13.68,111.84,10
2015-06-07 06:24:00,1.6715,43.533,122.58,16.422,13.216,18.198,0.3505599999999999,181.9,63.765,23.887,13.39,13.59,13.915,115.25,10
2015-06-07 06:25:00,1.6756,46.491,122.57,16.451,13.213,18.285,0.36701,182.87,67.11,24.09,13.622,13.714,14.021,118.62,10
2015-06-07 06:26:00,1.6841,48.34,122.56,16.375,13.212,18.369,0.3913099999999999,182.76,71.513,24.24,13.748,13.877,14.2,121.99,10
2015-06-07 06:27:00,1.6877,51.464,122.65,16.337,13.21,18.457,0.4031899999999999,183.17,73.86,24.408,13.903,14.07,14.395,125.51,10
2015-06-07 06:28:00,1.694,53.634,122.67,16.421,13.21,18.543,0.41891,182.41,76.408,24.646,14.138,14.206,14.514,129.08,10
2015-06-07 06:29:00,1.6995,56.038,122.67,16.353,13.209,18.639,0.4293199999999999,182.69,78.43099999999998,24.817,14.261,14.391,14.714,132.34,10
2015-06-07 06:30:00,1.7045,58.851,122.64,16.339,13.206,18.716,0.4455899999999999,186.71,83.16599999999998,24.969,14.393,14.593,14.931,136.05,10
2015-06-07 06:31:00,1.7105,61.906,122.57,16.332,13.205,18.801,0.45727,190.39,87.057,25.168,14.641,14.735,15.067,139.54,10
2015-06-07 06:32:00,1.7143,65.461,122.58,16.357,13.204,18.883,0.46969,193.44,90.861,25.395,14.835,14.922,15.249,142.83,10
2015-06-07 06:33:00,1.719,67.742,122.54,16.314,13.201,18.974,0.4950899999999999,191.39,94.724,25.495,15.024,15.092,15.423,146.4,10
2015-06-07 06:34:00,1.7328,71.453,122.65,16.378,13.201,19.057,0.4927199999999999,192.8,94.97600000000001,25.727,15.242,15.282,15.62,150.0,10
2015-06-07 06:35:00,1.7383,74.421,122.65,16.506,13.198,19.143,0.52451,190.88,100.13,25.971,15.388,15.473,15.877,153.63,10
2015-06-07 06:36:00,1.752,78.01,122.66,16.77,13.198,19.226,0.53822,198.38,106.75,26.205,15.603,15.654,16.096,157.56,10
2015-06-07 06:37:00,1.7589,81.596,122.57,16.918,13.197,19.312,0.57677,194.27,112.03,26.428,15.771,15.893,16.357,160.99,10
2015-06-07 06:38:00,1.768,84.84099999999998,122.62,17.104,13.197,19.394,0.57859,196.84,113.87,26.652,16.012,16.098,16.538,164.31,10
2015-06-07 06:39:00,1.7823,87.46599999999998,122.74,17.21,13.193,19.474,0.5952199999999999,198.12,117.93,26.882,16.202,16.31,16.784,168.07,10
2015-06-07 06:40:00,1.7974,91.827,123.29,17.219,13.194,19.556,0.5935599999999999,204.21,121.2,27.144,16.525,16.461,16.87,171.78,10
2015-06-07 06:41:00,1.8043,94.308,123.31,17.264,13.191,19.638,0.6021499999999999,210.6,126.78,27.358,16.693,16.609,17.073,175.21,10
2015-06-07 06:42:00,1.8169,97.42,123.27,17.339,13.19,19.725,0.62316,210.25,131.02,27.499,16.764,16.843,17.323,178.86,10
2015-06-07 06:43:00,1.8252,102.63,123.31,17.406,13.189,19.806,0.64453,209.91,135.24,27.697,17.043,17.024,17.48,182.57,10
2015-06-07 06:44:00,1.8356,106.23,123.3,17.397,13.188,19.885,0.67285,205.68,138.38,27.881,17.297,17.22,17.66,185.87,10
2015-06-07 06:45:00,1.8585,109.86,123.27,17.352,13.184,19.972,0.70648,203.13,143.44,28.111,17.563,17.495,17.953,189.38,10
2015-06-07 06:46:00,1.8689,114.59,123.31,17.403,13.186,20.05,0.72364,201.37,145.72,28.393,17.75,17.813,18.205,193.18,10
2015-06-07 06:47:00,1.8849,117.94,123.36,17.525,13.185,20.135,0.74795,204.14,152.68,28.681,17.99,18.036,18.473,196.5,10
2015-06-07 06:48:00,1.9149,119.41,123.35,17.602,13.184,20.214,0.7707899999999999,206.07,158.84,28.868,18.247,18.272,18.718,200.2,10
2015-06-07 06:49:00,1.9273,125.27,123.38,17.55,13.181,20.287,0.7821099999999999,207.62,162.38,29.111,18.53,18.523,18.869,203.71,10
2015-06-07 06:50:00,1.9416,128.28,123.33,17.558,13.178,20.366,0.81628,204.02,166.53,29.294,18.803,18.714,19.119,207.12,10
2015-06-07 06:51:00,1.9617,131.64,123.3,17.618,13.177,20.446,0.8488,202.2,171.57,29.499,19.03,19.025,19.423,210.74,10
2015-06-07 06:52:00,1.9714,133.13,123.38,17.685,13.179,20.525,0.8809599999999999,194.61,171.4,29.714,19.314,19.278,19.622,214.62,10
2015-06-07 06:53:00,1.9851,140.47,123.41,17.832,13.176,20.599,0.8847899999999999,201.51,178.28,29.991,19.551,19.59,19.955,218.08,10
2015-06-07 06:54:00,2.013,147.33,123.37,17.982,13.175,20.679,0.89027,211.96,188.68,30.275,19.814,19.768,20.126,221.78,10
2015-06-07 06:55:00,2.0375,152.07,123.34,18.27,13.171,20.758,0.89776,215.04,193.01,30.451,19.925,19.973,20.409,225.74,10
2015-06-07 06:56:00,2.0606,153.83,123.31,18.542,13.171,20.835,0.94874,206.71,196.09,30.59,20.226,20.229,20.704,229.23,10
2015-06-07 06:57:00,2.0829,157.77,123.37,18.796,13.168,20.915,0.96153,210.22,202.11,30.884,20.572,20.583,20.932,233.19,10
2015-06-07 06:58:00,2.1025,162.62,123.43,18.915,13.166,20.995,0.98601,208.92,205.99,31.145,20.783,20.851,21.218,237.71,10
2015-06-07 06:59:00,2.1333,166.28,123.39,19.141,13.165,21.07,1.0028,212.02,212.59,31.408,21.092,21.101,21.401,241.59,10
2015-06-07 07:00:00,2.152,170.01,123.39,19.387,13.163,21.152,1.0362,210.47,218.12,31.681,21.17,21.391,21.723,245.44,10
2015-06-07 07:01:00,2.1743,174.01,123.36,19.598,13.161,21.227,1.0574,210.47,222.53,31.91,21.381,21.556,21.844,249.4,10
2015-06-07 07:02:00,2.209,179.29,123.3,19.697,13.161,21.309,1.0634,213.06,226.57,31.965,21.533,21.544,21.853,253.59,10
2015-06-07 07:03:00,2.2318,185.61,123.27,19.564,13.157,21.39,1.0682,219.94,234.93,31.974,21.733,21.85,21.991,257.51,10
2015-06-07 07:04:00,2.258,189.78,123.35,19.41,13.157,21.47,1.0797,221.55,239.17,32.029,21.726,22.06,22.228,261.64,10
2015-06-07 07:05:00,2.2858,193.93,123.28,19.424,13.157,21.56,1.1047,221.71,244.83,32.161,21.87,22.193,22.464,265.57,10
2015-06-07 07:06:00,2.3062,199.27,123.36,19.44,13.154,21.635,1.1013,227.04,249.99,32.242,22.107,22.396,22.498,269.45,10
2015-06-07 07:07:00,2.3287,202.61,123.37,19.341,13.151,21.72,1.0921,232.53,253.91,32.249,22.254,22.481,22.558,273.77,10
2015-06-07 07:08:00,2.3593,209.03,123.32,19.252,13.151,21.793,1.1255,230.8,259.74,32.274,22.389,22.682,22.789,278.26,10
2015-06-07 07:09:00,2.4042,213.36,123.3,19.22,13.148,21.873,1.1796,225.4,265.81,32.384,22.477,22.952,22.999,282.54,10
2015-06-07 07:10:00,2.4248,217.03,123.25,19.276,13.146,21.952,1.2238,220.6,269.92,32.403,22.412,22.998,23.105,286.53,10
2015-06-07 07:11:00,2.4496,218.48,123.29,19.333,13.146,22.029,1.2596,217.34,273.74,32.389,22.554,23.063,23.283,290.34,10
2015-06-07 07:12:00,2.4824,224.76,123.24,19.423,13.145,22.111,1.2448,226.1,281.43,32.509,22.903,23.42,23.446,294.32,10
2015-06-07 07:13:00,2.5099,229.28,123.3,19.417,13.144,22.187,1.2667,225.85,286.08,32.634,23.154,23.658,23.82,298.2,10
2015-06-07 07:14:00,2.5418,232.79,123.38,19.472,13.144,22.262,1.2956,226.88,293.92,32.853,23.505,24.15,24.111,302.11,10
2015-06-07 07:15:00,2.5655,236.12,123.35,19.334,13.141,22.342,1.2936,228.84,296.02,32.84,23.791,24.146,24.241,306.01,10
2015-06-07 07:16:00,2.5845,238.62,123.32,19.376,13.139,22.417,1.2917,233.03,301.0,33.098,24.06,24.642,24.575,309.94,10
2015-06-07 07:17:00,2.6151,242.52,123.33,19.621,13.139,22.494,1.2914,235.83,304.53,33.298,24.223,24.858,24.946,312.9,10
2015-06-07 07:18:00,2.6503,250.14,123.3,19.699,13.138,22.571,1.3337,232.97,310.73,33.208,24.242,24.901,25.183,316.75,10
2015-06-07 07:19:00,2.6663,251.88,123.31,19.76,13.137,22.646,1.3281,237.18,314.98,33.426,24.65,25.393,25.512,321.46,10
2015-06-07 07:20:00,2.6919,255.41,123.19,19.899,13.135,22.723,1.3343,239.08,318.97,33.707,24.63,25.526,25.781,325.34,10
2015-06-07 07:21:00,2.7442,262.94,123.26,19.999,13.135,22.796,1.4106,231.36,326.33,33.918,25.168,25.954,25.995,329.28,10
2015-06-07 07:22:00,2.7577,266.71,123.33,20.135,13.133,22.879,1.4404,230.09,331.38,34.228,25.547,26.287,26.36,333.13,10
2015-06-07 07:23:00,2.7844,271.52,123.3,20.357,13.132,22.957,1.4558,231.74,337.29,34.392,25.773,26.539,26.701,337.19,10
2015-06-07 07:24:00,2.8097,275.97,123.38,20.301,13.13,23.028,1.5405,223.83,344.78,34.309,25.643,26.488,26.868,341.25,10
2015-06-07 07:25:00,2.8375,280.29,123.3,20.095,13.128,23.111,1.5352,227.03,348.51,34.305,25.829,26.725,27.139,345.24,10
2015-06-07 07:26:00,2.8494,286.12,123.3,20.072,13.128,23.192,1.5296,230.4,352.38,34.415,26.239,27.156,27.502,349.31,10
2015-06-07 07:27:00,2.8865,287.67,123.31,20.123,13.124,23.268,1.6165,220.32,356.09,34.603,26.416,27.354,27.738,352.85,10
2015-06-07 07:28:00,2.9121,292.37,123.33,20.227,13.122,23.353,1.6481,219.1,361.07,34.728,26.544,27.391,27.943,356.89,10
2015-06-07 07:29:00,2.9457,295.42,123.35,20.301,13.12,23.432,1.607,228.35,366.92,34.76,26.666,27.61,28.157,360.69,10
2015-06-07 07:30:00,2.9825,301.8,123.28,20.323,13.119,23.513,1.6102,230.73,371.5,34.824,26.97,27.901,28.484,365.32,10
2015-06-07 07:31:00,3.0156,304.82,123.26,20.213,13.115,23.602,1.632,231.64,378.02,34.686,26.853,27.935,28.637,369.28,10
2015-06-07 07:32:00,3.0255,310.3,123.34,20.019,13.114,23.681,1.6327,233.1,380.56,34.517,26.818,27.86,28.794,372.79,10
2015-06-07 07:33:00,3.0685,313.75,123.34,19.978,13.112,23.77,1.7111,225.46,385.76,34.517,27.124,28.148,28.962,376.69,10
2015-06-07 07:34:00,3.0979,317.01,123.37,19.906,13.112,23.855,1.733,226.25,392.08,34.401,27.115,28.21,29.119,380.9,10
2015-06-07 07:35:00,3.1178,321.63,123.34,19.654,13.11,23.946,1.7654,224.46,396.14,34.056,26.962,28.035,29.131,385.03,10
2015-06-07 07:36:00,3.1506,329.02,123.35,19.243,13.109,24.038,1.7749,227.19,403.21,33.569,26.722,28.048,29.178,389.21,10
2015-06-07 07:37:00,3.1974,334.05,123.41,19.049,13.107,24.125,1.828,225.45,412.08,33.311,26.821,28.049,29.291,395.1,10
2015-06-07 07:38:00,3.2269,338.41,123.41,19.141,13.106,24.22,1.8525,224.48,415.82,33.158,26.66,27.991,29.368,399.6,10
2015-06-07 07:39:00,3.2541,343.27,123.45,19.124,13.104,24.305,1.8876,222.7,420.33,32.975,26.512,28.062,29.409,403.59,10
2015-06-07 07:40:00,3.3026,348.68,123.43,19.129,13.104,24.387,1.8927,226.41,428.5,32.937,26.576,28.187,29.495,408.94,10
2015-06-07 07:41:00,3.3354,350.43,123.42,19.192,13.102,24.47,1.8916,229.86,434.76,32.764,26.652,28.309,29.67,412.85,10
2015-06-07 07:42:00,3.3602,357.78,123.4,19.132,13.102,24.561,1.9185,228.64,438.6,32.603,26.52,28.253,29.736,416.78,10
2015-06-07 07:43:00,3.3993,360.62,123.34,18.997,13.102,24.645,1.9077,232.81,444.06,32.373,26.577,28.334,29.76,420.21,10
2015-06-07 07:44:00,3.4315,365.07,123.43,18.872,13.1,24.722,1.9727,227.18,448.14,31.976,26.352,28.142,29.649,424.24,10
2015-06-07 07:45:00,3.4581,370.48,123.49,18.797,13.098,24.802,2.0033,226.51,453.77,31.654,26.356,28.158,29.757,428.81,10
2015-06-07 07:46:00,3.5077,375.25,123.46,18.755,13.1,24.885,2.0211,226.89,458.55,31.443,26.222,28.139,29.791,433.74,10
2015-06-07 07:47:00,3.5302,379.36,123.43,18.762,13.1,24.955,2.0815,223.36,464.87,31.346,26.404,28.313,29.917,438.19,10
2015-06-07 07:48:00,3.555,384.43,123.45,18.717,13.098,25.032,2.1016,223.56,469.76,31.136,26.316,28.343,29.933,441.96,10
2015-06-07 07:49:00,3.6128,387.13,123.49,18.691,13.099,25.106,2.0691,230.97,477.87,30.919,26.33,28.378,30.054,445.5,10
2015-06-07 07:50:00,3.6274,394.27,123.42,18.76,13.099,25.167,2.1196,227.43,481.99,30.842,26.501,28.467,30.105,449.5,10
2015-06-07 07:51:00,3.6601,398.25,123.42,18.805,13.098,25.234,2.1134,229.79,485.57,31.059,26.71,28.884,30.419,453.46,10
2015-06-07 07:52:00,3.6942,401.3,123.52,18.945,13.1,25.299,2.1112,233.68,493.31,31.189,26.726,28.933,30.582,457.36,10
2015-06-07 07:53:00,3.716,405.49,123.54,19.033,13.098,25.358,2.1339,233.07,497.3,31.337,27.007,29.284,30.804,460.63,10
2015-06-07 07:54:00,3.7438,409.3,123.47,19.173,13.097,25.418,2.197,227.95,500.8,31.536,27.154,29.35,31.052,464.2,10
2015-06-07 07:55:00,3.7581,411.91,123.54,19.271,13.096,25.476,2.2557,221.87,500.46,31.654,27.441,29.686,31.22,467.91,10
2015-06-07 07:56:00,3.7806,413.81,123.6,19.362,13.097,25.536,2.2988,220.91,507.8,31.88,27.775,29.976,31.508,472.21,10
2015-06-07 07:57:00,3.8236,421.11,123.6,19.333,13.097,25.587,2.2922,224.47,514.5,31.972,27.775,29.958,31.663,477.04,10
2015-06-07 07:58:00,3.8495,423.83,123.58,19.053,13.097,25.641,2.3311,221.96,517.39,31.786,27.523,29.756,31.47,480.07,10
2015-06-07 07:59:00,3.9062,428.44,123.58,18.994,13.094,25.69,2.3229,225.76,524.34,31.778,27.945,30.115,31.732,484.66,10
2015-06-07 08:00:00,3.9304,435.38,123.62,19.072,13.094,25.751,2.3053,231.09,532.7,32.005,28.285,30.426,31.994,488.37,10
2015-06-07 08:01:00,3.9612,438.39,123.57,19.223,13.094,25.805,2.3422,227.81,533.55,32.29,28.433,30.621,32.367,491.77,10
2015-06-07 08:02:00,3.9821,442.74,123.61,19.257,13.094,25.849,2.3349,231.8,541.19,32.377,28.67,30.845,32.558,495.42,10
2015-06-07 08:03:00,4.0143,446.05,123.6,19.44,13.093,25.91,2.3475,231.64,543.71,32.706,29.019,31.297,33.009,498.97,10
2015-06-07 08:04:00,4.0556,451.23,123.54,19.567,13.092,25.95,2.3575,233.38,550.19,32.854,28.603,30.95,32.901,503.82,10
2015-06-07 08:05:00,4.085,454.49,123.53,19.528,13.091,26.005,2.3914,232.26,555.42,33.016,29.164,31.339,33.131,507.41,10
2015-06-07 08:06:00,4.1177,455.12,123.53,19.61,13.092,26.047,2.432,230.79,561.2,33.284,29.465,31.94,33.615,510.51,10
2015-06-07 08:07:00,4.1444,460.36,123.51,19.818,13.089,26.094,2.4789,226.28,560.84,33.765,29.478,32.114,33.799,514.76,10
2015-06-07 08:08:00,4.1564,465.34,123.48,19.808,13.09,26.137,2.5243,223.69,564.65,33.946,29.745,32.176,34.054,518.66,10
2015-06-07 08:09:00,4.1925,468.9,123.47,19.815,13.088,26.189,2.53,227.44,575.38,34.0,29.735,32.128,34.231,522.34,10
2015-06-07 08:10:00,4.2316,472.72,123.47,19.734,13.087,26.237,2.4876,232.99,579.56,33.996,30.001,32.426,34.32,525.85,10
2015-06-07 08:11:00,4.2678,478.15,123.46,19.657,13.086,26.275,2.497,232.98,581.75,34.029,30.094,32.416,34.394,530.23,10
2015-06-07 08:12:00,4.2813,482.0,123.47,19.515,13.087,26.333,2.4937,234.98,585.97,34.108,30.145,32.399,34.475,533.77,10
2015-06-07 08:13:00,4.3215,485.99,123.42,19.487,13.085,26.38,2.5392,233.44,592.65,34.166,30.241,32.669,34.723,537.36,10
2015-06-07 08:14:00,4.3454,489.35,123.44,19.373,13.084,26.431,2.5903,230.61,597.34,34.043,30.12,32.394,34.553,540.39,10
2015-06-07 08:15:00,4.385,495.31,123.51,19.342,13.083,26.479,2.6038,232.13,604.4,34.156,30.231,32.755,34.824,544.4,10
2015-06-07 08:16:00,4.4115,496.7,123.49,19.453,13.084,26.52,2.6385,230.49,608.12,34.342,30.477,32.873,35.043,547.9,10
2015-06-07 08:17:00,4.4307,500.18,123.53,19.591,13.084,26.572,2.6409,232.98,615.24,34.597,30.436,32.912,35.097,551.86,10
2015-06-07 08:18:00,4.4571,504.69,123.52,19.75,13.082,26.613,2.637,231.97,611.67,34.912,31.111,33.329,35.27,555.18,10
2015-06-07 08:19:00,4.4882,508.05,123.48,19.814,13.082,26.673,2.6578,232.14,616.98,34.821,30.95,33.36,35.565,558.74,10
2015-06-07 08:20:00,4.5201,512.09,123.53,19.731,13.08,26.718,2.6615,234.68,624.59,34.742,30.752,33.241,35.477,562.94,10
2015-06-07 08:21:00,4.5543,517.07,123.47,19.639,13.08,26.762,2.727,230.21,627.75,34.737,30.985,33.38,35.661,566.23,10
2015-06-07 08:22:00,4.5765,519.62,123.49,19.709,13.078,26.817,2.7002,233.89,631.48,34.895,31.375,33.835,35.973,569.52,10
2015-06-07 08:23:00,4.6079,522.64,123.43,19.943,13.079,26.858,2.7887,227.81,635.19,35.301,31.961,34.374,36.528,572.95,10
2015-06-07 08:24:00,4.6319,525.86,123.46,20.291,13.077,26.921,2.7811,228.86,636.44,35.82,32.324,34.559,36.822,576.4,10
2015-06-07 08:25:00,4.6346,525.97,123.47,20.384,13.077,26.962,2.7146,235.87,640.25,35.972,32.321,34.576,36.853,579.75,10
2015-06-07 08:26:00,4.6759,531.23,123.35,20.412,13.076,27.001,2.784,232.33,646.61,36.066,32.387,34.702,37.076,583.37,10
2015-06-07 08:27:00,4.7199,535.5,123.44,20.385,13.074,27.052,2.8614,227.84,651.84,36.25,32.627,34.937,37.341,586.88,10
2015-06-07 08:28:00,4.7256,537.65,123.45,20.333,13.073,27.107,2.8594,228.81,654.12,36.372,32.805,35.04,37.51,590.22,10
2015-06-07 08:29:00,4.7679,544.94,123.42,20.306,13.071,27.149,2.9055,227.14,659.85,36.435,33.203,35.317,37.736,593.43,10
2015-06-07 08:30:00,4.7833,546.48,123.34,20.2,13.07,27.196,2.9616,223.43,661.67,36.471,33.127,35.316,37.798,596.8,10
2015-06-07 08:31:00,4.8237,550.05,123.37,19.979,13.068,27.246,2.9133,229.1,667.37,36.345,32.819,35.11,37.652,600.24,10
2015-06-07 08:32:00,4.852,555.85,123.39,19.84,13.07,27.294,2.9291,230.09,673.91,36.311,33.07,35.31,38.004,604.03,10
2015-06-07 08:33:00,4.8859,555.46,123.38,19.963,13.069,27.351,3.0058,224.94,676.09,36.506,32.918,35.269,38.01,607.38,10
2015-06-07 08:34:00,4.9213,556.33,123.42,19.939,13.067,27.399,2.9812,228.56,681.36,36.464,33.171,35.328,38.094,610.87,10
2015-06-07 08:35:00,4.9518,563.33,123.37,19.831,13.067,27.442,2.9961,228.86,685.61,36.315,33.047,35.233,38.062,614.3,10
2015-06-07 08:36:00,4.9865,569.25,123.29,19.644,13.068,27.494,2.9729,232.25,690.38,35.966,32.676,34.901,37.877,617.94,10
2015-06-07 08:37:00,5.0107,573.92,123.35,19.589,13.065,27.543,3.0099,231.69,697.28,35.74,32.419,34.713,37.7,622.03,10
2015-06-07 08:38:00,5.0412,578.04,123.36,19.552,13.064,27.599,3.0731,228.81,703.06,35.645,32.407,34.84,37.743,625.85,10
2015-06-07 08:39:00,5.0484,580.36,123.74,19.541,13.065,27.644,3.1341,225.21,705.77,35.632,32.318,34.756,37.833,629.84,10
2015-06-07 08:40:00,5.0771,583.12,123.8,19.491,13.066,27.686,3.1581,225.21,711.2,35.574,32.106,34.707,37.754,633.22,10
2015-06-07 08:41:00,5.1067,585.41,123.79,19.493,13.065,27.737,3.181,224.45,713.91,35.608,32.42,34.964,38.002,636.79,10
2015-06-07 08:42:00,5.1324,590.68,123.82,19.693,13.063,27.772,3.1799,225.68,717.59,35.751,32.703,35.341,38.298,639.88,10
2015-06-07 08:43:00,5.163,593.62,123.89,19.681,13.063,27.822,3.199,225.29,720.71,35.667,32.334,34.948,38.081,643.51,10
2015-06-07 08:44:00,5.1913,598.79,123.87,19.651,13.062,27.871,3.1995,227.72,728.51,35.512,32.602,35.173,38.22,646.91,10
2015-06-07 08:45:00,5.2227,602.25,123.9,19.92,13.062,27.899,3.1751,230.27,731.0599999999998,35.597,32.805,35.39,38.472,650.12,10
2015-06-07 08:46:00,5.2332,605.3,123.91,19.978,13.062,27.947,3.2556,225.67,734.6599999999999,35.636,32.578,35.487,38.523,653.22,10
2015-06-07 08:47:00,5.2569,608.37,123.91,19.899,13.062,27.982,3.304,223.62,738.83,35.637,32.628,35.574,38.641,656.81,10
2015-06-07 08:48:00,5.307,613.19,123.88,19.765,13.062,28.017,3.2395,229.84,744.5399999999998,35.563,32.753,35.579,38.644,660.15,10
2015-06-07 08:49:00,5.3236,615.76,123.97,19.694,13.061,28.058,3.3057,226.75,749.5499999999998,35.54,32.896,35.606,38.759,664.05,10
2015-06-07 08:50:00,5.3459,621.19,123.95,19.681,13.061,28.09,3.2906,228.56,752.09,35.559,33.017,35.865,38.949,667.23,10
2015-06-07 08:51:00,5.3773,622.87,123.88,19.77,13.061,28.12,3.3179,228.93,759.5599999999998,35.679,32.955,35.921,39.01,671.25,10
2015-06-07 08:52:00,5.403,627.41,123.97,19.709,13.061,28.156,3.2925,230.94,760.3099999999998,35.658,33.077,35.971,39.164,674.6,10
2015-06-07 08:53:00,5.4413,630.73,123.94,19.622,13.059,28.186,3.317,230.8,765.5299999999999,35.559,33.298,36.116,39.266,678.06,10
2015-06-07 08:54:00,5.4454,633.23,123.95,19.745,13.06,28.224,3.4146,224.68,767.1599999999999,35.64,33.421,36.12,39.333,681.55,10
2015-06-07 08:55:00,5.4772,636.55,123.96,19.908,13.058,28.243,3.3173,233.46,774.38,36.001,33.767,36.422,39.593,684.74,10
2015-06-07 08:56:00,5.4951,638.76,123.93,20.105,13.059,28.286,3.3835,229.23,775.46,36.314,34.126,36.891,39.958,687.5,10
2015-06-07 08:57:00,5.5127,640.88,123.93,20.273,13.057,28.311,3.4321,226.35,776.8099999999998,36.66,34.41,37.138,40.345,690.48,10
2015-06-07 08:58:00,5.5322,644.66,123.91,20.206,13.057,28.343,3.3902,230.53,781.52,36.818,34.512,37.251,40.49,693.62,10
2015-06-07 08:59:00,5.5627,647.39,123.94,20.308,13.057,28.358,3.4291,229.52,787.0,36.814,34.49,37.224,40.68,696.88,10
2015-06-07 09:00:00,5.5814,650.11,123.95,20.382,13.055,28.389,3.445,229.05,789.0299999999999,37.007,34.829,37.668,40.986,699.9,10
2015-06-07 09:01:00,5.61,652.8,123.91,20.21,13.056,28.416,3.5034,225.46,789.8099999999998,37.1,34.944,37.624,41.019,703.44,10
2015-06-07 09:02:00,5.626,656.1,123.95,19.859,13.056,28.449,3.4809,227.66,792.4199999999998,37.137,34.754,37.68,41.095,707.26,10
2015-06-07 09:03:00,5.6579,658.1,123.94,19.786,13.056,28.469,3.4926,230.35,804.4,37.466,35.826,38.683,41.647,710.07,10
2015-06-07 09:04:00,5.6671,659.92,123.87,20.123,13.054,28.499,3.5685,224.65,801.63,38.029,36.08,39.013,42.318,713.68,10
2015-06-07 09:05:00,5.6833,662.56,123.88,20.355,13.055,28.53,3.5455,225.41,799.14,38.418,36.241,39.088,42.785,716.78,10
2015-06-07 09:06:00,5.6875,663.9,123.89,20.507,13.053,28.558,3.5002,230.36,806.19,38.625,36.711,39.496,42.993,718.84,10
2015-06-07 09:07:00,5.6956,665.36,123.91,20.503,13.052,28.593,3.4999,230.96,808.21,38.894,37.544,40.224,43.469,721.82,10
2015-06-07 09:08:00,5.7352,668.13,123.88,20.484,13.051,28.613,3.5632,226.59,807.36,38.833,37.003,39.825,43.229,724.88,10
2015-06-07 09:09:00,5.7671,672.82,123.88,20.39,13.05,28.649,3.5734,228.98,818.21,38.49,36.998,39.49,42.948,728.0599999999998,10
2015-06-07 09:10:00,5.791,675.5,123.87,20.483,13.05,28.679,3.6209,226.55,820.1799999999998,38.544,37.353,39.374,42.933,731.08,10
2015-06-07 09:11:00,5.8174,679.46,123.89,20.443,13.049,28.709,3.672,224.79,825.39,38.634,37.407,39.588,43.126,735.01,10
2015-06-07 09:12:00,5.8413,684.81,123.88,20.456,13.048,28.73,3.6201,229.22,829.7899999999998,38.911,37.646,39.949,43.463,738.6799999999998,10
2015-06-07 09:13:00,5.858,685.39,123.84,20.369,13.045,28.773,3.6319,228.59,830.1,39.18,37.815,40.357,43.831,741.58,10
2015-06-07 09:14:00,5.882,686.88,123.81,20.586,13.047,28.804,3.705,224.6,832.09,39.383,37.677,40.117,43.884,744.12,10
2015-06-07 09:15:00,5.8853,689.14,123.87,20.82,13.046,28.85,3.7475,222.46,833.6699999999998,39.416,37.592,40.436,44.047,746.63,10
2015-06-07 09:16:00,5.9125,690.94,123.89,20.915,13.046,28.857,3.7102,226.83,841.5599999999998,39.544,38.269,40.756,44.45,750.4199999999998,10
2015-06-07 09:17:00,5.9117,694.54,123.89,21.11,13.046,28.89,3.7062,227.42,842.83,39.916,38.959,41.429,44.733,752.95,10
2015-06-07 09:18:00,5.9427,696.3,123.88,21.223,13.046,28.929,3.7462,224.49,840.82,40.348,38.766,41.42,44.878,756.69,10
2015-06-07 09:19:00,5.9826,699.1,123.89,21.198,13.043,28.952,3.7617,225.42,847.9,40.301,39.039,41.263,45.065,760.2899999999998,10
2015-06-07 09:20:00,6.0132,703.32,123.91,20.961,13.044,28.985,3.7966,225.01,854.26,40.045,38.344,40.839,44.74,763.5399999999998,10
2015-06-07 09:21:00,6.0409,703.91,123.87,20.637,13.04,29.029,3.8427,223.36,858.26,40.046,38.478,40.926,44.951,766.83,10
2015-06-07 09:22:00,6.0572,706.63,123.89,20.603,13.04,29.057,3.7805,227.12,858.5499999999998,40.476,39.432,41.823,45.385,769.14,10
2015-06-07 09:23:00,6.0668,707.72,123.89,20.832,13.039,29.089,3.8018,226.19,859.7799999999999,40.729,39.358,41.573,45.546,772.12,10
2015-06-07 09:24:00,6.0712,711.92,123.83,21.039,13.04,29.127,3.8946,221.87,864.07,40.865,39.453,41.807,45.752,775.0599999999998,10
2015-06-07 09:25:00,6.094,712.13,123.84,21.073,13.036,29.166,3.8916,223.23,868.65,40.984,39.453,42.106,45.979,778.32,10
2015-06-07 09:26:00,6.1031,717.99,123.87,21.068,13.036,29.206,3.8584,224.97,867.95,41.214,39.63,42.186,46.088,780.7999999999998,10
2015-06-07 09:27:00,6.1361,717.55,123.88,21.16,13.035,29.244,3.8423,227.57,874.37,41.361,39.865,42.236,46.342,783.87,10
2015-06-07 09:28:00,6.165,724.02,123.87,21.349,13.035,29.284,3.9095,223.94,875.27,41.554,39.937,42.156,46.309,787.7999999999998,10
2015-06-07 09:29:00,6.1821,726.5399999999998,123.83,21.288,13.033,29.326,3.9226,224.16,879.1799999999998,41.896,40.58,42.395,46.458,789.97,10
2015-06-07 09:30:00,6.2181,730.2999999999998,123.86,21.297,13.035,29.362,3.9276,224.18,880.46,41.893,40.195,42.175,46.624,793.76,10
2015-06-07 09:31:00,6.223,734.99,123.9,21.282,13.033,29.401,3.99,221.99,885.69,41.977,40.588,42.078,45.741,797.47,10
2015-06-07 09:32:00,6.2574,732.72,123.88,21.124,13.034,29.446,3.973,224.63,892.33,42.272,41.153,42.729,46.209,800.6,10
2015-06-07 09:33:00,6.2734,729.1599999999999,123.84,21.268,13.032,29.483,4.0066,222.38,890.87,42.796,42.122,43.248,46.618,802.75,10
2015-06-07 09:34:00,6.2764,732.0399999999998,123.89,21.561,13.03,29.538,4.0218,221.54,890.9099999999999,43.064,42.112,43.433,47.107,804.73,10
2015-06-07 09:35:00,6.2888,737.2999999999998,124.4,21.529,13.029,29.586,4.0451,221.58,896.2799999999999,42.778,41.479,43.114,47.215,807.61,10
2015-06-07 09:36:00,6.2948,740.7799999999999,124.67,21.487,13.03,29.617,4.0369,222.8,899.4099999999999,42.788,41.932,43.447,47.357,810.0499999999998,10
2015-06-07 09:37:00,6.3103,741.02,124.66,21.574,13.027,29.668,4.0528,222.75,902.7,42.979,42.113,43.616,47.563,812.7,10
2015-06-07 09:38:00,6.2943,745.0499999999998,124.62,21.744,13.028,29.718,4.0791,221.78,904.62,43.169,42.409,43.858,47.739,815.5499999999998,10
2015-06-07 09:39:00,6.3248,747.6799999999998,124.6,21.867,13.027,29.758,4.0761,222.06,905.11,43.292,42.75,44.237,48.081,818.64,10
2015-06-07 09:40:00,6.3336,747.52,124.58,21.948,13.026,29.808,4.0814,222.0,906.05,43.74,43.213,44.503,48.357,821.63,10
2015-06-07 09:41:00,6.3389,751.65,124.58,22.03,13.026,29.848,4.0384,225.18,909.2600000000001,43.878,43.334,44.394,48.436,824.9199999999998,10
2015-06-07 09:42:00,6.3694,753.9099999999999,124.6,21.974,13.025,29.899,4.1183,222.32,915.48,44.045,42.944,44.611,48.658,827.82,10
2015-06-07 09:43:00,6.3997,756.33,124.6,21.818,13.024,29.944,4.1369,222.29,919.54,43.798,42.518,44.397,48.681,830.94,10
2015-06-07 09:44:00,6.4228,756.62,124.6,21.757,13.022,29.995,4.172,221.06,922.2,43.851,43.243,44.748,48.619,833.1,10
2015-06-07 09:45:00,6.417,758.7899999999998,124.57,21.709,13.02,30.052,4.1399,222.75,922.05,44.001,43.623,44.986,48.846,835.44,10
2015-06-07 09:46:00,6.4341,762.07,124.6,21.733,13.021,30.095,4.1402,223.05,923.44,43.96,43.338,44.852,48.612,837.87,10
2015-06-07 09:47:00,6.4564,763.27,124.71,21.621,13.02,30.148,4.1713,222.11,926.44,44.288,44.435,45.554,49.146,840.57,10
2015-06-07 09:48:00,6.4707,765.1599999999999,124.64,21.784,13.019,30.205,4.2059,220.79,928.59,44.652,44.473,45.597,49.36,844.1599999999999,10
2015-06-07 09:49:00,6.4856,765.85,124.69,21.768,13.017,30.256,4.2246,220.36,930.78,44.361,43.328,45.101,49.554,846.45,10
2015-06-07 09:50:00,6.4613,764.5599999999998,124.67,21.698,13.016,30.318,4.3423,213.51,927.07,44.393,43.962,45.349,49.428,848.22,10
2015-06-07 09:51:00,6.5092,766.88,124.73,21.827,13.016,30.37,4.2784,218.21,933.5,44.749,44.911,46.459,50.207,851.14,10
2015-06-07 09:52:00,6.5045,770.96,124.78,22.015,13.015,30.416,4.2253,220.19,930.32,45.183,45.519,46.759,50.5,853.39,10
2015-06-07 09:53:00,6.534,772.0,124.66,21.961,13.014,30.47,4.2686,219.42,936.56,45.509,45.483,46.663,50.185,856.61,10
2015-06-07 09:54:00,6.5318,774.62,124.71,21.966,13.013,30.53,4.3031,218.65,940.82,45.631,45.66,46.957,50.445,858.2799999999999,10
2015-06-07 09:55:00,6.5505,777.7899999999998,124.66,21.98,13.012,30.59,4.2151,223.57,942.28,45.545,45.189,46.839,50.601,861.4299999999998,10
2015-06-07 09:56:00,6.5788,779.82,124.67,22.044,13.012,30.64,4.3025,219.86,945.86,45.79,45.812,47.038,50.788,865.0399999999998,10
2015-06-07 09:57:00,6.5976,779.6599999999999,124.67,22.073,13.009,30.7,4.2757,221.27,945.99,45.77,45.228,46.979,50.876,868.27,10
2015-06-07 09:58:00,6.6009,783.32,124.67,22.176,13.008,30.755,4.3321,219.42,950.5,45.787,45.621,47.328,51.16,871.0,10
2015-06-07 09:59:00,6.6102,783.44,124.68,22.305,13.009,30.821,4.3345,219.47,951.18,46.031,45.609,47.61,51.483,872.44,10
2015-06-07 10:00:00,6.6287,785.33,124.68,22.307,13.008,30.879,4.344,218.71,950.02,45.749,45.812,47.117,51.225,873.7999999999998,10
2015-06-07 10:01:00,6.6353,787.5399999999998,124.67,22.174,13.006,30.937,4.3368,220.49,956.16,45.823,46.118,47.31,51.245,874.72,10
2015-06-07 10:02:00,6.6468,788.75,124.64,22.241,13.007,30.995,4.3149,222.32,958.93,45.874,45.9,47.132,51.509,877.65,10
2015-06-07 10:03:00,6.6788,789.32,124.63,22.53,13.004,31.058,4.4254,215.57,953.84,46.011,45.74,47.246,51.582,880.6,10
2015-06-07 10:04:00,6.6793,794.59,124.64,22.818,13.005,31.117,4.4975,213.43,959.87,46.08,45.5,46.74,51.202,883.5499999999998,10
2015-06-07 10:05:00,6.7341,796.26,124.62,22.837,13.003,31.175,4.3509,221.63,964.24,46.185,45.829,47.177,51.08,887.24,10
2015-06-07 10:06:00,6.7627,801.0,124.58,22.74,13.002,31.242,4.4055,219.94,968.92,46.324,45.874,46.859,50.799,889.86,10
2015-06-07 10:07:00,6.7693,804.59,124.61,22.593,13.001,31.304,4.4091,222.15,979.35,46.217,45.42,47.258,51.281,892.57,10
2015-06-07 10:08:00,6.7638,800.4299999999998,124.6,22.657,13.001,31.368,4.4163,219.37,968.7600000000001,46.595,46.434,48.36,51.77,894.0399999999998,10
2015-06-07 10:09:00,6.7547,800.8099999999998,124.55,22.556,12.999,31.427,4.4907,216.71,973.08,46.764,46.862,48.659,51.99,895.35,10
2015-06-07 10:10:00,6.711,794.5499999999998,124.59,22.565,12.999,31.489,4.6213,208.85,965.12,47.032,47.195,48.85,52.449,896.44,10
2015-06-07 10:11:00,6.7429,799.7799999999999,124.57,22.572,13.0,31.542,4.5665,213.74,975.96,47.346,48.074,49.167,52.699,898.22,10
2015-06-07 10:12:00,6.7511,801.6699999999998,124.65,22.638,12.998,31.613,4.5545,212.87,969.46,47.778,48.558,49.681,53.069,900.0,10
2015-06-07 10:13:00,6.7743,805.0299999999999,124.62,22.914,12.996,31.681,4.5075,217.08,978.47,48.211,49.192,50.514,53.369,901.9,10
2015-06-07 10:14:00,6.7657,803.13,124.61,23.213,12.997,31.729,4.4697,216.96,969.68,48.779,49.46,50.895,53.766,903.8900000000002,10
2015-06-07 10:15:00,6.7817,805.0499999999998,124.56,23.374,12.995,31.805,4.5373,215.47,977.6,48.871,48.507,50.518,53.952,906.37,10
2015-06-07 10:16:00,6.7798,804.5299999999999,124.59,23.529,12.997,31.868,4.5475,215.54,980.04,49.045,48.486,50.806,54.316,908.61,10
2015-06-07 10:17:00,6.8063,810.24,124.54,23.302,12.993,31.94,4.5556,215.21,980.33,48.831,47.745,50.289,54.112,911.07,10
2015-06-07 10:18:00,6.8126,807.9,124.56,23.005,12.993,31.993,4.4826,218.31,978.42,48.767,48.172,50.828,54.611,911.82,10
2015-06-07 10:19:00,6.8112,808.96,124.57,22.999,12.992,32.065,4.4844,219.77,985.4,48.941,48.408,50.742,54.713,914.25,10
2015-06-07 10:20:00,6.8316,812.2799999999999,124.55,23.129,12.988,32.137,4.6219,212.76,983.29,48.951,47.849,50.533,54.763,916.29,10
2015-06-07 10:21:00,6.8569,814.7899999999998,124.62,22.93,12.989,32.203,4.5076,219.53,989.42,48.573,47.272,50.154,54.49,918.52,10
2015-06-07 10:22:00,6.8911,816.5599999999998,124.65,22.838,12.988,32.275,4.596,217.58,999.69,48.276,47.382,50.353,54.37,922.38,10
2015-06-07 10:23:00,6.9093,820.88,124.61,22.818,12.987,32.354,4.6482,214.28,995.94,48.127,47.046,49.973,54.259,925.6400000000002,10
2015-06-07 10:24:00,6.944,825.52,124.58,22.743,12.987,32.417,4.6095,217.4,1002.1,47.827,46.797,49.434,54.096,928.18,10
2015-06-07 10:25:00,6.9632,827.98,124.53,22.731,12.986,32.501,4.6723,214.46,1002.0,47.762,46.841,49.847,54.322,931.67,10
2015-06-07 10:26:00,6.9707,830.12,124.47,22.837,12.987,32.57,4.6914,214.38,1005.6,48.065,47.573,50.448,54.606,932.87,10
2015-06-07 10:27:00,6.9372,827.6799999999998,124.62,23.078,12.984,32.637,4.7091,213.09,1003.5,48.616,47.828,50.919,54.959,934.35,10
2015-06-07 10:28:00,6.9619,828.83,124.53,23.158,12.985,32.71,4.6945,213.11,1000.2,48.786,48.308,51.215,55.216,936.67,10
2015-06-07 10:29:00,6.9777,831.9299999999998,124.58,23.276,12.984,32.786,4.7416,213.05,1009.8,48.673,47.666,50.485,54.817,941.2600000000001,10
2015-06-07 10:30:00,7.0485,837.65,124.65,23.128,12.983,32.851,4.7548,213.94,1017.1,48.226,47.352,50.24,54.638,945.91,10
2015-06-07 10:31:00,7.0853,843.02,124.65,22.81,12.983,32.93,4.7519,215.81,1025.4,47.934,46.918,50.103,54.601,950.24,10
2015-06-07 10:32:00,7.1122,846.94,124.71,22.672,12.983,32.996,4.7174,218.1,1028.8,47.889,48.203,50.089,54.674,953.63,10
2015-06-07 10:33:00,7.1105,847.94,124.66,22.902,12.982,33.076,4.7063,218.67,1029.0,48.203,48.311,50.477,54.761,957.42,10
2015-06-07 10:34:00,7.1578,852.1699999999998,124.68,22.969,12.982,33.132,4.6718,221.49,1034.7,47.839,47.588,50.052,54.76,962.55,10
2015-06-07 10:35:00,7.2073,856.15,124.61,22.866,12.981,33.196,4.6997,221.29,1039.9,47.54,47.648,49.346,54.31,966.69,10
2015-06-07 10:36:00,7.256599999999999,863.07,124.69,22.726,12.98,33.267,4.765,220.41,1050.2,47.322,47.61,49.441,54.138,972.35,10
2015-06-07 10:37:00,7.2862,869.63,124.68,22.623,12.978,33.329,4.9317,214.52,1057.9,47.162,47.48,49.363,54.344,979.15,10
2015-06-07 10:38:00,7.3636,874.98,124.65,22.695,12.98,33.386,4.8742,218.42,1064.5,47.172,47.388,49.976,54.474,986.75,10
2015-06-07 10:39:00,7.3642,879.62,124.62,22.903,12.98,33.467,4.8079,222.2,1068.2,47.392,47.808,50.062,54.808,991.94,10
2015-06-07 10:40:00,7.4302,885.71,124.65,22.979,12.978,33.52,4.9136,218.95,1075.8,47.356,46.586,49.964,54.911,996.84,10
2015-06-07 10:41:00,7.4413,889.5399999999998,124.67,22.776,12.978,33.587,4.9022,220.12,1079.0,47.0,45.959,49.263,54.672,999.43,10
2015-06-07 10:42:00,7.4438,889.7,124.76,22.566,12.978,33.644,4.9617,218.15,1082.3,47.034,46.895,50.058,55.121,1001.6,10
2015-06-07 10:43:00,7.4076,882.5499999999998,124.78,22.633,12.978,33.7,4.9532,216.04,1069.9,47.537,47.846,51.078,55.733,999.12,10
2015-06-07 10:44:00,7.3993,882.15,124.75,22.851,12.977,33.759,4.9515,217.54,1077.0,47.86,47.99,51.249,56.238,1000.7,10
2015-06-07 10:45:00,7.4031,879.52,124.69,22.865,12.978,33.82,5.0011,214.45,1072.4,47.775,47.974,51.496,56.351,1000.9,10
2015-06-07 10:46:00,7.3563,879.2999999999998,124.67,22.974,12.976,33.889,4.9796,214.5,1068.1,48.071,48.537,52.173,56.736,997.46,10
2015-06-07 10:47:00,7.319,872.52,124.64,23.259,12.975,33.939,5.054,209.25,1057.5,48.529,48.491,52.121,56.6,995.5100000000001,10
2015-06-07 10:48:00,7.2915,869.0599999999998,124.63,23.205,12.975,33.991,5.0386,209.61,1056.1,48.197,47.996,51.68,56.593,991.46,10
2015-06-07 10:49:00,7.3113,873.14,124.62,23.008,12.973,34.06,4.9813,212.01,1056.0,47.889,47.501,51.595,56.271,990.34,10
2015-06-07 10:50:00,7.3726,879.82,124.57,22.596,12.974,34.112,4.9637,214.99,1067.0,47.452,46.655,50.772,55.644,994.04,10
2015-06-07 10:51:00,7.3814,881.7,124.71,22.601,12.974,34.167,4.9256,216.8,1067.8,47.614,47.477,51.241,55.887,997.67,10
2015-06-07 10:52:00,7.4218,885.44,124.73,22.792,12.973,34.224,4.9715,216.71,1077.3,47.458,47.38,51.066,55.842,1002.5,10
2015-06-07 10:53:00,7.4545,888.02,124.68,22.868,12.973,34.279,4.9525,218.46,1081.9,46.97,47.002,50.183,55.433,1004.4,10
2015-06-07 10:54:00,7.4473,888.97,124.71,22.749,12.973,34.332,5.0093,216.22,1083.0,46.673,46.428,50.199,55.293,1003.1,10
2015-06-07 10:55:00,7.4074,885.34,124.65,22.636,12.973,34.383,4.929,217.3,1071.0,46.778,46.913,50.746,55.488,997.77,10
2015-06-07 10:56:00,7.4013,883.02,124.64,22.834,12.972,34.448,4.874,220.92,1076.7,46.935,47.143,51.022,55.882,998.75,10
2015-06-07 10:57:00,7.3532,877.72,124.61,23.004,12.972,34.491,4.795,223.11,1069.7,47.319,47.576,51.436,56.235,997.21,10
2015-06-07 10:58:00,7.364499999999999,877.57,124.63,23.21,12.973,34.535,4.8998,216.3,1059.8,47.627,48.467,51.768,56.591,996.43,10
2015-06-07 10:59:00,7.3823,879.59,124.6,23.192,12.972,34.589,4.9426,217.18,1073.4,47.248,48.629,51.15,56.149,999.55,10
2015-06-07 11:00:00,7.3768,882.95,124.63,23.153,12.972,34.648,4.9138,217.64,1069.4,47.313,48.617,51.775,56.059,1000.1,10
2015-06-07 11:01:00,7.3982,882.0599999999998,124.66,23.344,12.972,34.692,4.9547,215.37,1066.9,47.649,48.678,51.442,56.358,1003.3,10
2015-06-07 11:02:00,7.4395,888.24,124.67,23.285,12.971,34.745,5.0353,214.42,1079.6,47.856,48.763,52.034,56.616,1009.6,10
2015-06-07 11:03:00,7.4461,889.44,124.58,23.178,12.969,34.802,5.0924,211.4,1076.5,48.034,49.392,52.396,56.762,1013.8,10
2015-06-07 11:04:00,7.4626,889.96,124.67,23.344,12.969,34.833,5.1103,212.92,1088.0,48.499,50.478,52.862,57.085,1019.5,10
2015-06-07 11:05:00,7.4863,892.65,124.58,23.53,12.968,34.886,5.0315,215.28,1083.2,48.946,50.534,52.837,57.558,1022.1,10
2015-06-07 11:06:00,7.5265,899.34,124.57,23.548,12.969,34.934,4.9941,218.78,1092.5,48.569,49.611,51.667,57.01,1027.8,10
2015-06-07 11:07:00,7.551199999999999,903.36,124.67,23.323,12.967,34.978,5.1087,215.97,1103.0,48.301,49.713,51.459,56.419,1029.7,10
2015-06-07 11:08:00,7.5884,907.96,124.65,23.418,12.966,35.028,5.1014,216.35,1103.6,48.609,49.826,51.565,56.704,1033.2,10
2015-06-07 11:09:00,7.6533,910.88,124.62,23.343,12.966,35.088,5.1644,216.31,1117.0,48.49,49.884,51.685,57.087,1041.3,10
2015-06-07 11:10:00,7.7191,923.92,124.62,23.399,12.964,35.119,5.252,213.54,1121.2,48.224,48.899,51.247,57.194,1052.9,10
2015-06-07 11:11:00,6.9575,819.09,124.37,23.214,12.965,35.163,4.6225,217.16,1002.9,47.796,48.065,50.589,56.523,986.65,10
2015-06-07 11:12:00,6.2435,727.2899999999998,124.12,23.388,12.963,35.223,4.1372,214.25,882.7799999999999,47.161,47.613,49.696,55.111,785.5599999999998,10
2015-06-07 11:13:00,7.4074,880.48,124.56,23.724,12.964,35.259,5.121,208.81,1069.4,47.024,47.692,50.231,55.649,1031.2,10
2015-06-07 11:14:00,7.5134,894.49,124.57,23.782,12.965,35.313,5.1878,209.05,1084.3,47.213,48.131,50.628,55.617,993.73,10
2015-06-07 11:15:00,6.4513,755.57,124.31,23.77,12.965,35.361,4.3775,209.85,922.62,47.438,48.177,50.371,55.619,922.33,10
2015-06-07 11:16:00,6.0613,707.06,124.16,23.707,12.963,35.413,4.1496,207.61,862.38,46.914,46.637,48.655,53.053,766.87,10
2015-06-07 11:17:00,7.6961,920.56,124.72,23.817,12.963,35.442,5.255,212.83,1118.2,46.512,46.082,48.349,53.858,1054.0,10
2015-06-07 11:18:00,5.027,563.19,123.75,23.957,12.963,35.483,3.2208,213.3,686.06,45.792,44.634,47.219,52.568,633.03,10
2015-06-07 11:19:00,7.854199999999999,938.9,124.68,23.942,12.964,35.523,5.2337,218.25,1142.2,45.404,44.593,47.223,52.663,1045.5,10
2015-06-07 11:20:00,7.8228,933.27,124.69,23.737,12.963,35.561,5.0344,224.91,1132.3,45.441,45.616,47.752,53.213,1048.4,10
2015-06-07 11:21:00,7.973,954.71,124.74,23.398,12.962,35.606,5.1683,224.44,1159.8,45.581,46.244,48.158,53.649,1069.3,10
2015-06-07 11:22:00,7.835,937.03,124.66,23.442,12.963,35.642,5.1148,223.4,1142.3,45.7,46.097,48.715,54.261,1059.7,10
2015-06-07 11:23:00,7.9151,946.97,124.66,23.738,12.962,35.678,5.3276,216.48,1153.4,45.881,46.262,49.063,54.611,1060.6,10
2015-06-07 11:24:00,8.1643,980.46,124.81,23.934,12.962,35.71,5.4097,220.12,1190.8,45.96,47.116,49.562,55.193,1100.3,10
2015-06-07 11:25:00,4.162,453.22,123.39,24.019,12.961,35.737,2.5,221.14,552.33,45.702,45.437,48.22,53.978,563.71,10
2015-06-07 11:26:00,5.1134,575.32,123.76,23.717,12.962,35.766,3.2177,218.12,704.24,44.853,43.53,46.434,52.088,609.48,10
2015-06-07 11:27:00,7.086,840.48,124.42,23.33,12.962,35.808,4.7804,213.99,1021.3,44.477,43.767,46.086,51.566,919.25,10
2015-06-07 11:28:00,8.3375,1000.0,124.96,23.13,12.963,35.84,5.6629,215.12,1218.0,44.464,44.262,46.981,52.694,1116.6,10
2015-06-07 11:29:00,8.0533,963.62,124.89,23.13,12.963,35.869,5.3358,220.08,1174.2,44.676,45.574,47.744,53.225,1085.4,10
2015-06-07 11:30:00,7.9268,948.19,124.89,23.31,12.964,35.896,5.1483,224.39,1155.4,45.077,46.068,48.449,54.049,1066.4,10
2015-06-07 11:31:00,7.9841,957.27,124.86,23.366,12.962,35.93,5.235,222.38,1164.1,45.127,45.502,48.404,54.547,1075.5,10
2015-06-07 11:32:00,7.9005,947.61,124.81,23.074,12.962,35.953,5.1774,222.46,1151.7,44.75,45.188,48.102,54.353,1056.8,10
2015-06-07 11:33:00,7.852,940.93,124.83,23.104,12.962,35.984,5.0543,225.45,1139.4,44.678,45.592,48.307,54.292,1055.6,10
2015-06-07 11:34:00,7.667099999999999,917.06,124.71,23.303,12.962,35.987,4.8676,229.38,1116.7,44.609,45.168,47.899,54.064,1045.8,10
2015-06-07 11:35:00,6.8643,813.86,124.5,23.335,12.962,36.026,4.2139,234.78,989.23,44.193,44.651,47.652,53.612,926.72,10
2015-06-07 11:36:00,7.5936,909.11,124.72,23.495,12.962,36.035,4.6716,237.62,1109.9,44.193,44.713,47.83,53.718,1034.1,10
2015-06-07 11:37:00,7.8697,943.15,124.73,23.656,12.962,36.06,5.0758,225.64,1144.9,44.499,44.928,48.198,54.277,1052.7,10
2015-06-07 11:38:00,7.8975,947.1,124.75,23.451,12.962,36.064,5.1882,222.8,1155.8,44.7,45.473,48.833,54.699,1056.0,10
2015-06-07 11:39:00,7.9154,947.41,124.65,23.473,12.96,36.102,5.1902,221.82,1151.1,45.098,46.165,49.35,55.238,1059.1,10
2015-06-07 11:40:00,7.953299999999999,953.1400000000002,124.64,23.477,12.96,36.118,5.2502,219.91,1154.5,45.563,47.074,49.977,55.354,1068.2,10
2015-06-07 11:41:00,7.9748,957.73,124.68,23.707,12.962,36.138,5.2883,219.74,1161.7,45.892,47.568,50.295,55.436,1075.7,10
2015-06-07 11:42:00,8.0311,966.81,124.72,23.756,12.961,36.14,5.2708,222.29,1171.5,46.247,48.558,51.023,55.925,1086.8,10
2015-06-07 11:43:00,7.9356,947.77,124.7,23.564,12.96,36.16,5.1671,222.72,1150.6,46.865,49.656,52.077,56.45,1076.0,10
2015-06-07 11:44:00,7.929299999999999,947.63,124.65,23.431,12.961,36.179,5.2394,220.59,1155.8,47.454,50.183,52.325,56.839,1078.7,10
2015-06-07 11:45:00,7.8101,928.73,124.65,23.327,12.959,36.185,5.2273,216.66,1132.5,47.985,50.806,53.126,56.97,1061.2,10
2015-06-07 11:46:00,7.829399999999999,934.02,124.64,23.615,12.956,36.215,5.199,218.45,1135.7,48.032,50.683,52.247,56.503,1065.2,10
2015-06-07 11:47:00,7.1221,839.0499999999998,124.39,23.977,12.957,36.244,4.7173,217.66,1026.5,47.705,50.438,52.039,55.814,964.74,10
2015-06-07 11:48:00,6.467,754.83,124.12,23.804,12.956,36.257,4.2118,218.62,921.45,47.37,49.681,51.293,54.462,864.2799999999999,10
2015-06-07 11:49:00,7.7344,918.38,124.48,23.592,12.959,36.27,5.1149,219.73,1123.3,47.324,50.354,51.619,54.972,1035.9,10
2015-06-07 11:50:00,7.8849,936.13,124.53,23.514,12.959,36.296,5.2041,221.13,1150.8,47.044,49.765,51.035,54.399,1064.0,10
2015-06-07 11:51:00,7.9237,940.2,124.58,23.773,12.959,36.319,5.3156,215.48,1145.3,46.598,49.028,50.462,55.136,1068.2,10
2015-06-07 11:52:00,7.936899999999999,944.15,124.62,23.634,12.957,36.335,5.3192,216.11,1149.5,45.82,48.118,50.109,54.763,1067.8,10
2015-06-07 11:53:00,7.9223,942.13,124.67,23.42,12.958,36.335,5.226,219.41,1146.5,45.93,48.688,50.599,54.522,1066.2,10
2015-06-07 11:54:00,7.959399999999999,943.0,124.64,23.308,12.957,36.351,5.2075,221.09,1151.3,45.871,48.305,49.827,53.981,1068.3,10
2015-06-07 11:55:00,7.9424,942.09,124.59,23.257,12.956,36.374,5.1581,224.68,1158.9,45.524,48.442,49.751,54.285,1066.4,10
2015-06-07 11:56:00,7.8365,932.36,124.6,23.375,12.958,36.374,5.019,227.39,1141.3,45.584,49.059,50.185,54.543,1058.7,10
2015-06-07 11:57:00,7.8425,932.87,124.59,23.678,12.958,36.404,5.2004,218.37,1135.5,45.636,48.69,50.221,55.091,1051.7,10
2015-06-07 11:58:00,7.7591,923.29,124.56,23.548,12.959,36.414,5.2344,214.23,1121.3,45.087,47.707,49.529,54.959,1041.1,10
2015-06-07 11:59:00,7.8554,932.86,124.55,23.21,12.959,36.443,5.1758,220.83,1142.9,44.81,47.761,49.96,55.188,1050.2,10
2015-06-07 12:00:00,7.9355,943.61,124.58,23.377,12.957,36.453,5.2041,221.98,1155.0,44.89,47.844,50.072,54.857,1061.1,10
2015-06-07 12:01:00,8.0122,957.23,124.59,23.454,12.959,36.453,5.2958,220.37,1167.0,44.974,48.091,49.719,54.131,1074.6,10
2015-06-07 12:02:00,8.044399999999998,961.81,124.62,23.511,12.959,36.475,5.3104,220.05,1168.4,45.194,48.2,50.062,54.512,1079.7,10
2015-06-07 12:03:00,8.0309,965.45,124.59,23.447,12.959,36.482,5.3661,217.96,1169.5,45.263,48.601,50.063,54.292,1081.7,10
2015-06-07 12:04:00,7.988,958.77,124.56,23.415,12.959,36.489,5.4022,215.21,1162.6,45.284,48.505,49.981,53.825,1076.8,10
2015-06-07 12:05:00,8.006999999999998,957.99,124.54,23.253,12.959,36.489,5.303,220.7,1170.2,45.315,49.155,50.304,54.113,1077.9,10
2015-06-07 12:06:00,8.000999999999998,957.49,124.55,23.338,12.959,36.489,5.2824,221.2,1168.4,45.503,49.78,50.77,54.869,1078.8,10
2015-06-07 12:07:00,8.0197,958.65,124.62,23.596,12.96,36.493,5.3397,218.47,1166.4,45.834,50.42,51.048,55.263,1084.4,10
2015-06-07 12:08:00,8.0167,956.94,124.54,23.452,12.96,36.503,5.3227,219.02,1165.8,45.887,50.793,51.37,55.811,1084.3,10
2015-06-07 12:09:00,8.0035,956.41,124.54,23.486,12.959,36.523,5.3293,219.41,1169.2,45.828,50.742,51.155,56.085,1083.5,10
2015-06-07 12:10:00,7.8954,945.0,124.51,23.455,12.956,36.529,5.297,217.32,1151.1,45.877,50.881,51.77,56.251,1070.1,10
2015-06-07 12:11:00,7.9543,950.08,124.45,23.518,12.958,36.53,5.3264,217.44,1158.1,46.229,51.458,52.496,57.208,1079.7,10
2015-06-07 12:12:00,7.960899999999999,950.73,124.45,23.529,12.957,36.53,5.3069,217.29,1153.1,46.682,51.374,52.52,56.719,1085.2,10
2015-06-07 12:13:00,7.7933,929.32,124.42,23.649,12.958,36.54,5.1736,220.29,1139.7,46.638,51.024,51.968,56.46,1059.6,10
2015-06-07 12:14:00,7.6406,910.6400000000002,124.39,23.612,12.96,36.565,5.0203,220.63,1107.6,46.835,51.36,52.582,56.563,1035.8,10
2015-06-07 12:15:00,7.875899999999999,940.1400000000002,124.46,23.541,12.958,36.566,5.1731,220.78,1141.9,46.969,51.034,52.666,55.53,1071.1,10
2015-06-07 12:16:00,7.7645,924.71,124.39,23.245,12.957,36.566,5.0042,226.56,1133.6,46.927,51.409,52.96,55.7,1060.8,10
2015-06-07 12:17:00,7.7314,920.62,124.33,23.28,12.957,36.564,4.9554,226.26,1121.2,47.057,51.724,52.218,55.551,1060.0,10
2015-06-07 12:18:00,7.8427,937.32,124.38,23.11,12.957,36.563,4.9732,228.74,1137.5,46.891,51.566,52.743,55.384,1076.8,10
2015-06-07 12:19:00,7.5726,899.13,124.34,23.119,12.958,36.563,4.7267,233.39,1103.3,47.19,52.151,52.868,55.639,1059.4,10
2015-06-07 12:20:00,7.442,883.07,124.26,23.329,12.96,36.587,4.6196,234.34,1082.6,47.183,52.178,52.709,55.086,1034.3,10
2015-06-07 12:21:00,7.3067,868.39,124.22,23.492,12.958,36.585,4.5636,232.36,1060.4,46.707,51.544,51.739,54.693,1009.6,10
2015-06-07 12:22:00,6.8588,812.8099999999998,124.15,23.521,12.958,36.581,4.3282,227.53,984.83,46.495,51.014,51.356,54.407,935.74,10
2015-06-07 12:23:00,5.175,595.82,123.62,23.449,12.957,36.602,3.2082,225.82,723.88,45.935,49.872,50.437,53.641,689.44,10
2015-06-07 12:24:00,6.4985,761.35,124.05,23.32,12.958,36.606,4.0405,230.87,934.29,45.603,49.442,49.881,52.853,852.26,10
2015-06-07 12:25:00,7.4611,885.61,124.31,23.552,12.958,36.606,4.6235,233.1,1077.6,45.52,49.605,50.083,53.276,1011.0,10
2015-06-07 12:26:00,7.0496,835.49,124.21,23.839,12.96,36.607,4.3179,236.16,1019.8,45.349,49.159,49.884,52.632,961.95,10
2015-06-07 12:27:00,6.5596,771.25,124.02,23.763,12.959,36.61,3.8749,242.34,937.7600000000001,45.282,49.675,50.192,52.715,946.88,10
2015-06-07 12:28:00,5.4144,625.8,123.71,23.646,12.959,36.607,3.0959,246.2,763.7,45.357,49.49,50.417,52.81,804.95,10
2015-06-07 12:29:00,1.9416,112.28,122.22,23.559,12.959,36.604,0.6339099999999999,241.16,152.79,45.209,48.18,48.813,51.294,254.14,10
2015-06-07 12:30:00,2.1352,155.8,122.28,23.468,12.958,36.604,0.86582,232.82,201.67,44.591,46.182,46.732,49.313,236.31,10
2015-06-07 12:31:00,2.0879,148.52,122.29,23.407,12.959,36.604,0.8576099999999999,227.47,194.92,43.589,44.237,44.751,47.044,208.92,10
2015-06-07 12:32:00,2.2284,174.68,122.37,23.293,12.961,36.595,1.0001,223.14,223.12,42.632,42.461,43.021,44.563,221.43,10
2015-06-07 12:33:00,2.5426,227.63,122.86,23.172,12.961,36.591,1.2997,220.87,287.52,41.804,41.17,41.614,43.03,264.55,10
2015-06-07 12:34:00,3.3362,348.48,123.36,22.975,12.962,36.565,1.8597,230.47,428.95,41.103,39.934,40.352,41.784,384.89,10
2015-06-07 12:35:00,4.4501,500.17,123.85,22.818,12.966,36.563,2.6732,230.89,615.18,40.541,39.685,40.189,41.731,522.06,10
2015-06-07 12:36:00,3.6713,393.86,123.56,22.855,12.968,36.557,2.1522,226.93,488.36,40.164,39.401,39.688,41.565,456.76,10
2015-06-07 12:37:00,2.2774,185.67,122.88,22.832,12.969,36.524,1.0578,224.23,237.2,39.623,38.505,38.837,40.616,233.57,10
2015-06-07 12:38:00,2.0948,150.4,122.68,22.791,12.97,36.489,0.87787,223.92,196.56,39.018,37.29,37.726,39.541,194.6,10
2015-06-07 12:39:00,2.034,138.11,122.62,22.732,12.972,36.485,0.8187499999999999,220.91,180.87,38.477,36.262,36.712,38.638,178.36,10
2015-06-07 12:40:00,1.938,115.01,122.55,22.676,12.974,36.459,0.70252,219.49,154.2,37.96,35.278,35.801,37.647,154.27,10
2015-06-07 12:41:00,1.8616,95.074,122.49,22.647,12.976,36.424,0.6045399999999999,217.03,131.18,37.468,34.334,34.811,36.306,134.21,10
2015-06-07 12:42:00,1.8467,91.657,122.49,22.502,12.977,36.378,0.59176,214.22,126.75,36.825,33.29,33.845,34.965,125.83,10
2015-06-07 12:43:00,1.85,92.807,122.61,22.271,12.977,36.338,0.62643,202.81,127.0,36.231,32.558,33.098,33.998,124.29,10
2015-06-07 12:44:00,1.8409,90.184,122.58,22.146,12.979,36.309,0.62587,198.64,124.31,35.618,31.82,32.278,33.269,121.43,10
2015-06-07 12:45:00,1.8318,86.64499999999998,122.57,22.14,12.98,36.26,0.61839,193.87,119.87,35.035,31.145,31.69,32.851,117.47,10
2015-06-07 12:46:00,1.8219,84.799,122.57,22.132,12.983,36.201,0.60142,191.9,115.4,34.657,30.516,31.166,32.35,115.65,10
2015-06-07 12:47:00,1.8225,83.915,122.61,22.051,12.985,36.143,0.60526,192.58,116.56,34.306,30.346,30.759,31.762,115.65,10
2015-06-07 12:48:00,1.8219,86.503,122.78,21.953,12.987,36.084,0.5932199999999999,197.87,117.36,34.077,29.99,30.483,31.509,115.85,10
2015-06-07 12:49:00,1.817,85.828,122.93,21.89,12.988,36.026,0.5913899999999999,199.5,117.98,33.805,29.724,30.195,31.081,115.44,10
2015-06-07 12:50:00,1.8076,80.421,122.97,21.651,12.989,35.962,0.5722399999999999,198.48,113.59,33.354,29.33,29.65,30.421,111.12,10
2015-06-07 12:51:00,1.7876,74.715,122.94,21.55,12.991,35.89,0.5463299999999999,192.63,105.22,32.963,29.189,29.317,30.205,103.93,10
2015-06-07 12:52:00,1.7771,71.829,123.04,21.59,12.994,35.819,0.5315499999999999,191.25,101.65,32.671,28.921,29.162,29.98,101.59,10
2015-06-07 12:53:00,1.7801,73.79699999999998,123.01,21.615,12.995,35.736,0.53666,190.18,102.06,32.393,28.669,28.932,29.752,102.32,10
2015-06-07 12:54:00,1.7843,74.42799999999998,123.02,21.568,12.996,35.665,0.53192,193.37,102.86,32.176,27.343,28.794,29.684,103.18,10
2015-06-07 12:55:00,1.7768,72.55899999999998,123.0,21.573,12.998,35.579,0.50966,197.77,100.77,31.94,27.231,28.606,29.47,100.34,10
2015-06-07 12:56:00,1.7681,68.921,122.99,21.566,12.999,35.492,0.4917699999999999,196.07,96.424,31.668,27.406,28.44,29.222,97.025,10
2015-06-07 12:57:00,1.7595,67.229,123.01,21.502,13.002,35.412,0.4956099999999999,188.62,93.47600000000001,31.353,27.237,28.12,29.071,93.878,10
2015-06-07 12:58:00,1.7554,62.917,122.97,21.403,13.003,35.328,0.4812,190.4,91.608,31.017,26.791,27.706,28.741,90.984,10
2015-06-07 12:59:00,1.7456,61.259,122.96,21.338,13.004,35.226,0.4649699999999999,190.89,88.73099999999998,30.628,26.124,27.212,28.13,87.613,10
2015-06-07 13:00:00,1.7458,60.231,123.0,21.248,13.008,35.124,0.4615,186.06,85.86,30.344,26.246,26.933,27.582,85.747,10
2015-06-07 13:01:00,1.7426,59.203,123.02,21.242,13.009,35.031,0.45129,190.43,85.927,30.053,26.105,26.612,27.294,84.57599999999998,10
2015-06-07 13:02:00,1.7332,57.711,123.01,21.185,13.012,34.929,0.43268,193.28,83.637,29.476,25.407,25.912,26.671,82.236,10
2015-06-07 13:03:00,1.7286,55.167,123.0,20.95,13.013,34.822,0.4164399999999999,194.93,81.18399999999998,28.796,24.685,25.227,25.952,78.726,10
2015-06-07 13:04:00,1.7225,50.611,123.01,20.841,13.015,34.717,0.3892599999999999,195.08,75.929,28.585,24.142,24.75,25.432,74.242,10
2015-06-07 13:05:00,1.7168,49.185,122.96,20.8,13.017,34.6,0.37356,194.71,72.735,28.549,23.842,24.485,25.164,71.79,10
2015-06-07 13:06:00,1.7118,46.962,123.01,20.673,13.021,34.491,0.36481,195.42,71.294,28.271,23.684,24.216,24.886,70.704,10
2015-06-07 13:07:00,1.7107,46.851,123.0,20.532,13.022,34.37,0.3651699999999999,195.19,71.279,28.031,23.684,23.948,24.59,70.678,10
2015-06-07 13:08:00,1.7126,46.95,122.99,20.435,13.026,34.255,0.3763,195.74,73.658,27.889,23.642,23.729,24.439,72.322,10
2015-06-07 13:09:00,1.7165,51.075,123.02,20.372,13.026,34.135,0.3956399999999999,194.65,77.012,27.909,23.595,23.616,24.244,75.72,10
2015-06-07 13:10:00,1.7206,55.256,122.99,20.267,13.03,34.006,0.4082299999999999,194.8,79.52899999999998,27.921,23.677,23.59,23.975,80.679,10
2015-06-07 13:11:00,1.7283,59.447,123.03,20.2,13.03,33.878,0.43268,197.87,85.599,27.975,23.788,23.662,24.037,85.665,10
2015-06-07 13:12:00,1.7365,63.916,123.04,20.169,13.033,33.744,0.4500199999999999,198.62,89.35899999999998,27.953,23.945,23.762,24.396,90.57,10
2015-06-07 13:13:00,1.75,69.336,123.1,20.151,13.034,33.622,0.4828799999999999,199.2,96.181,27.987,24.255,23.922,24.696,96.812,10
2015-06-07 13:14:00,1.7635,75.132,123.01,20.126,13.036,33.49,0.5295999999999998,193.37,102.39,27.865,24.494,23.951,24.741,102.89,10
2015-06-07 13:15:00,1.7979,85.49599999999998,123.07,20.112,13.037,33.359,0.6160999999999999,187.98,115.86,27.687,24.443,23.919,24.382,114.58,10
2015-06-07 13:16:00,1.8673,105.69,123.08,20.112,13.04,33.232,0.7381999999999999,189.27,139.6,27.616,24.125,23.954,24.268,135.87,10
2015-06-07 13:17:00,1.9729,129.95,123.18,20.124,13.042,33.099,0.8858399999999998,190.85,169.16,27.548,24.2,24.067,24.359,160.88,10
2015-06-07 13:18:00,2.1697,170.83,123.32,20.135,13.044,32.969,1.1485,186.77,214.55,27.385,24.3,24.042,24.681,202.51,10
2015-06-07 13:19:00,3.0083,299.84,123.73,19.961,13.045,32.829,1.9856,185.35,366.55,26.879,24.459,24.177,25.114,314.18,10
2015-06-07 13:20:00,6.3454,750.2799999999999,124.92,19.55,13.047,32.694,4.985,182.82,910.96,26.539,25.931,25.786,26.991,857.8099999999998,10
2015-06-07 13:21:00,7.3243,877.32,125.31,19.171,13.047,32.557,5.607,189.87,1064.4,26.775,28.377,28.254,29.648,996.0100000000001,10
2015-06-07 13:22:00,6.8954,822.61,125.23,19.019,13.049,32.428,5.2705,189.55,998.88,27.356,30.094,30.101,31.988,942.33,10
2015-06-07 13:23:00,6.7642,805.75,125.21,18.955,13.048,32.286,5.1374,190.22,977.27,27.842,31.287,31.583,33.317,916.11,10
2015-06-07 13:24:00,7.085,850.88,125.35,19.024,13.049,32.157,5.2676,195.21,1028.2,28.306,32.425,32.834,34.767,950.42,10
2015-06-07 13:25:00,7.5263,906.17,125.48,19.297,13.051,32.025,5.4556,201.9,1101.5,28.514,32.895,33.621,35.657,995.83,10
2015-06-07 13:26:00,7.8865,950.25,125.57,19.568,13.052,31.902,5.5642,207.14,1152.5,29.127,33.498,34.546,36.491,1031.0,10
2015-06-07 13:27:00,8.0448,968.93,125.53,19.761,13.051,31.766,5.3614,219.94,1179.1,29.524,33.963,35.105,37.027,1019.1,10
2015-06-07 13:28:00,8.0585,970.2600000000001,125.49,19.951,13.054,31.644,5.148,229.29,1180.2,29.998,34.345,35.435,37.538,1004.1,10
2015-06-07 13:29:00,7.979199999999999,963.79,125.44,20.089,13.052,31.509,5.0241,233.56,1173.4,30.513,35.597,35.974,38.483,1001.6,10
2015-06-07 13:30:00,7.9553,956.92,125.43,20.268,13.051,31.383,4.9626,235.13,1166.8,30.92,37.472,37.449,40.945,1007.8,10
2015-06-07 13:31:00,7.7331,931.3,125.36,20.518,13.053,31.267,4.9433,230.25,1139.2,31.182,38.923,39.236,43.087,1004.7,10
2015-06-07 13:32:00,3.7398,405.24,123.81,20.737,13.05,31.142,2.1846,225.63,492.43,31.498,39.462,39.876,43.3,457.14,10
2015-06-07 13:33:00,6.1513,723.4,124.58,20.818,13.051,31.026,3.9382,223.17,879.7999999999998,31.768,39.546,40.302,43.424,755.65,10
2015-06-07 13:34:00,7.2065,862.58,125.04,20.779,13.051,30.919,4.7284,221.83,1049.2,32.08,41.115,41.893,44.69,946.71,10
2015-06-07 13:35:00,5.0893,587.02,124.26,20.829,13.048,30.815,3.2692,218.86,714.77,32.312,41.635,42.162,45.172,645.04,10
2015-06-07 13:36:00,3.5169,378.14,123.76,20.849,13.05,30.703,2.1183,217.42,460.6,32.219,41.159,41.854,44.308,437.96,10
2015-06-07 13:37:00,2.7597,268.44,123.41,20.844,13.047,30.602,1.514,218.48,330.73,31.705,40.009,40.715,42.714,319.04,10
2015-06-07 13:38:00,2.8942,288.37,123.4,20.893,13.047,30.495,1.5585,227.35,354.29,31.179,38.948,39.729,42.133,335.51,10
2015-06-07 13:39:00,3.5996,384.26,123.63,20.908,13.05,30.399,2.0759,226.44,468.33,30.888,38.356,39.143,41.326,412.65,10
2015-06-07 13:40:00,5.4876,640.0,124.42,20.955,13.051,30.314,3.5234,219.17,771.99,30.948,38.496,39.478,41.966,692.3,10
2015-06-07 13:41:00,3.0174,305.74,123.53,21.031,13.05,30.214,1.6955,222.25,377.24,30.795,37.85,39.207,41.715,360.88,10
2015-06-07 13:42:00,2.492,225.71,123.31,21.115,13.051,30.126,1.2598,223.21,281.18,30.655,36.954,38.267,40.722,269.99,10
2015-06-07 13:43:00,2.7885,269.16,123.36,21.058,13.051,30.044,1.4725,226.1,332.7,30.322,36.183,37.274,39.594,301.09,10
2015-06-07 13:44:00,4.6387,527.71,124.13,21.03,13.051,29.963,2.8555,225.65,644.36,30.358,36.007,37.41,39.814,550.05,10
2015-06-07 13:45:00,4.4125,497.05,124.07,21.078,13.049,29.882,2.7038,223.4,602.97,30.641,36.195,37.606,40.171,520.0,10
2015-06-07 13:46:00,6.316,748.85,124.74,21.131,13.049,29.813,4.0555,223.03,904.87,30.888,36.641,38.143,40.976,786.22,10
2015-06-07 13:47:00,5.0891,584.16,124.25,21.236,13.049,29.739,3.1414,226.81,712.08,31.339,37.252,38.818,41.829,612.1,10
2015-06-07 13:48:00,7.1657,857.76,125.08,21.278,13.049,29.665,4.7504,220.19,1046.4,31.872,38.364,39.776,43.055,912.18,10
2015-06-07 13:49:00,5.8518,686.71,124.55,21.376,13.047,29.594,3.8277,219.31,839.1799999999998,32.438,38.923,40.533,43.926,736.0599999999998,10
2015-06-07 13:50:00,6.1471,725.24,124.64,21.474,13.045,29.531,4.17,211.02,880.11,32.8,39.587,40.928,44.432,785.08,10
2015-06-07 13:51:00,5.5596,648.61,124.54,21.457,13.046,29.466,3.6642,213.72,782.44,33.076,39.683,41.267,44.846,708.92,10
2015-06-07 13:52:00,6.6883,794.01,124.86,21.495,13.043,29.414,4.3508,220.79,960.67,33.297,39.99,41.813,45.634,840.82,10
2015-06-07 13:53:00,6.7948,805.2899999999998,124.73,21.619,13.042,29.356,4.3704,223.95,978.72,33.65,40.305,42.304,46.292,847.52,10
2015-06-07 13:54:00,8.2244,986.09,125.23,21.625,13.042,29.312,5.4156,221.86,1201.6,34.124,41.161,43.43,47.652,1060.1,10
2015-06-07 13:55:00,8.1911,980.06,125.21,21.624,13.04,29.27,5.4435,220.36,1199.5,34.548,41.508,44.08,48.536,1068.7,10
2015-06-07 13:56:00,7.2592,863.3099999999998,124.92,21.777,13.038,29.223,4.7854,220.04,1053.1,34.963,42.529,45.063,49.586,956.74,10
2015-06-07 13:57:00,4.9817,576.96,124.18,21.944,13.036,29.197,3.1228,223.31,697.33,35.284,42.221,44.875,49.403,647.54,10
2015-06-07 13:58:00,2.8343,277.93,123.35,21.863,13.034,29.164,1.4985,227.96,341.05,35.055,40.955,43.813,47.892,341.33,10
2015-06-07 13:59:00,2.8963,286.76,123.35,21.85,13.033,29.135,1.5657,224.71,350.03,34.681,39.766,42.472,46.183,327.08,10
2015-06-07 14:00:00,4.5257,512.68,124.01,21.925,13.03,29.12,2.8208,221.3,624.1,34.413,38.857,41.696,45.573,552.12,10
2015-06-07 14:01:00,3.7071,403.87,123.74,21.807,13.032,29.094,2.2204,220.8,490.45,34.12,37.886,40.964,44.799,441.34,10
2015-06-07 14:02:00,3.1022,316.05,123.47,21.669,13.031,29.091,1.7373,221.92,385.89,33.938,37.653,40.622,44.046,372.25,10
2015-06-07 14:03:00,2.6648,254.49,123.25,21.53,13.029,29.092,1.4558,215.52,313.56,33.557,36.241,39.264,42.681,291.26,10
2015-06-07 14:04:00,3.3177,349.26,123.52,21.456,13.031,29.076,2.0046,210.75,423.43,33.135,35.696,38.393,41.799,369.86,10
2015-06-07 14:05:00,4.9647,572.59,124.13,21.533,13.03,29.061,3.1825,217.81,693.08,33.212,36.402,38.886,42.02,605.3,10
2015-06-07 14:06:00,3.0447,310.0,123.49,21.64,13.03,29.061,1.7322,219.51,380.13,33.441,36.282,38.704,41.952,364.03,10
2015-06-07 14:07:00,2.6362,249.46,123.27,21.76,13.031,29.061,1.408,219.62,309.18,33.242,35.805,38.021,40.895,284.87,10
2015-06-07 14:08:00,3.0144,305.74,123.4,21.897,13.032,29.061,1.8014,208.76,375.09,32.878,34.973,37.225,40.275,342.27,10
2015-06-07 14:09:00,2.6073,245.45,123.23,21.807,13.03,29.061,1.4392,209.87,302.02,32.298,34.268,36.371,39.287,279.44,10
2015-06-07 14:10:00,2.4854,225.25,123.1,21.712,13.033,29.061,1.3497,207.87,280.59,31.778,33.474,35.507,38.475,260.02,10
2015-06-07 14:11:00,2.4237,215.31,123.15,21.61,13.033,29.061,1.2924,208.44,269.37,31.39,33.08,34.724,37.568,249.85,10
2015-06-07 14:12:00,2.4045,211.7,123.06,21.572,13.036,29.061,1.2433,213.3,265.18,31.049,32.287,34.025,36.648,244.16,10
2015-06-07 14:13:00,3.0656,307.99,123.41,21.464,13.035,29.061,1.7987,209.97,379.33,30.795,32.129,33.642,35.971,322.15,10
2015-06-07 14:14:00,5.3118,614.61,124.36,21.536,13.034,29.062,3.4699,216.18,748.01,30.895,32.783,34.273,36.883,638.74,10
2015-06-07 14:15:00,7.0935,847.25,125.09,21.608,13.036,29.062,4.8785,210.39,1026.3,31.421,34.813,35.939,38.891,912.61,10
2015-06-07 14:16:00,7.6073,913.77,125.23,21.746,13.035,29.062,5.1076,216.14,1103.8,32.222,36.682,37.982,41.209,976.29,10
2015-06-07 14:17:00,7.6453,918.27,125.19,22.052,13.034,29.062,5.003,222.93,1115.2,32.942,38.328,39.557,43.167,981.56,10
2015-06-07 14:18:00,7.5837,907.8,125.12,22.248,13.034,29.062,4.8067,230.83,1109.4,33.504,39.44,40.774,44.715,977.66,10
2015-06-07 14:19:00,7.481,894.08,125.08,22.375,13.031,29.062,4.7164,231.3,1090.8,34.002,40.437,42.101,46.186,969.72,10
2015-06-07 14:20:00,7.4128,885.99,124.94,22.523,13.028,29.062,4.7596,226.39,1077.5,34.489,41.143,43.046,47.329,963.8900000000002,10
2015-06-07 14:21:00,7.318399999999999,874.4099999999999,124.88,22.548,13.027,29.062,4.7328,224.94,1064.5,34.492,41.067,43.232,47.976,954.08,10
2015-06-07 14:22:00,7.309599999999999,872.5399999999998,124.92,22.557,13.023,29.062,4.7439,223.93,1062.1,34.662,41.365,43.95,48.724,955.78,10
2015-06-07 14:23:00,7.2022,858.88,124.9,22.668,13.024,29.073,4.6342,227.02,1051.9,34.937,42.173,44.673,49.297,945.59,10
2015-06-07 14:24:00,7.255899999999999,868.2999999999998,124.88,22.889,13.021,29.093,4.6234,227.98,1053.9,35.562,43.183,45.413,50.129,956.55,10
2015-06-07 14:25:00,7.2141,860.83,124.84,22.896,13.017,29.114,4.6481,224.3,1042.5,35.969,44.018,45.85,50.726,953.73,10
2015-06-07 14:26:00,7.1364,851.48,124.76,23.094,13.016,29.14,4.6092,225.21,1038.0,36.285,44.391,46.482,51.113,947.44,10
2015-06-07 14:27:00,7.0842,844.27,124.78,23.256,13.012,29.177,4.6519,220.72,1026.7,36.617,44.896,46.936,51.505,942.81,10
2015-06-07 14:28:00,7.0473,841.35,124.76,23.272,13.007,29.211,4.6225,219.89,1016.4,36.76,44.492,46.888,51.94,939.52,10
2015-06-07 14:29:00,7.0203,834.0,124.75,23.215,13.009,29.255,4.6576,217.38,1012.4,36.924,44.993,47.408,52.358,935.7600000000001,10
2015-06-07 14:30:00,6.963,828.6799999999998,124.72,23.377,13.002,29.303,4.6408,217.44,1009.1,37.354,44.891,47.397,52.392,932.05,10
2015-06-07 14:31:00,6.6776,794.71,124.63,23.507,13.001,29.347,4.3438,220.72,958.74,37.381,44.483,47.181,52.519,904.77,10
2015-06-07 14:32:00,5.4335,629.12,124.11,23.541,13.001,29.402,3.5114,218.31,766.5499999999998,37.192,43.624,46.434,51.682,697.51,10
2015-06-07 14:33:00,6.0217,709.03,124.24,23.545,12.998,29.46,4.0454,212.04,857.9,37.246,43.24,46.16,51.024,798.26,10
2015-06-07 14:34:00,5.4952,639.59,124.24,23.516,12.997,29.534,3.6199,212.59,770.44,37.145,42.636,45.581,50.544,720.2,10
2015-06-07 14:35:00,4.5415,511.61,123.86,23.442,12.995,29.598,2.8421,219.16,621.26,36.841,41.453,44.665,49.692,591.24,10
2015-06-07 14:36:00,6.4181,761.14,124.43,23.3,12.994,29.664,4.0264,228.6,920.02,36.528,40.749,43.959,49.182,846.65,10
2015-06-07 14:37:00,4.247,473.22,123.8,23.167,12.993,29.736,2.5478,228.02,579.81,36.467,40.366,43.777,48.404,550.94,10
2015-06-07 14:38:00,3.2523,338.84,123.35,23.007,12.995,29.81,1.8807,222.22,417.55,36.342,39.447,43.063,47.298,408.26,10
2015-06-07 14:39:00,5.1129,588.04,123.92,22.953,12.994,29.88,3.2547,218.99,712.81,36.247,39.127,42.452,46.89,648.04,10
2015-06-07 14:40:00,5.2494,603.46,124.0,22.989,12.994,29.954,3.3392,220.26,735.71,36.325,39.025,42.593,46.782,678.23,10
2015-06-07 14:41:00,3.4317,361.21,123.37,22.909,12.993,30.027,2.0388,215.13,438.92,36.464,38.901,42.236,46.209,398.12,10
2015-06-07 14:42:00,6.69,792.39,124.44,22.99,12.994,30.099,4.4447,217.1,964.52,36.498,38.935,41.773,46.163,860.01,10
2015-06-07 14:43:00,6.878,816.5399999999998,124.43,23.249,12.993,30.169,4.5181,219.6,992.12,36.845,39.829,42.896,47.193,902.77,10
2015-06-07 14:44:00,6.7701,801.45,124.39,23.271,12.993,30.245,4.3954,221.34,972.87,37.141,40.396,43.663,48.117,890.5,10
2015-06-07 14:45:00,6.6619,789.71,124.41,23.468,12.992,30.318,4.3167,223.0,962.61,37.58,41.161,44.129,48.716,879.13,10
2015-06-07 14:46:00,6.5703,773.7999999999998,124.38,23.507,12.991,30.383,4.2463,222.43,944.47,37.989,42.112,44.555,48.999,867.9199999999998,10
2015-06-07 14:47:00,6.4528,762.46,124.32,23.481,12.99,30.456,4.1789,221.58,925.95,38.338,42.301,44.985,48.894,855.46,10
2015-06-07 14:48:00,6.3559,749.89,124.28,23.499,12.987,30.527,4.1316,220.06,909.16,38.837,43.285,45.822,49.666,844.9299999999998,10
2015-06-07 14:49:00,6.2937,742.4199999999998,124.33,23.57,12.985,30.612,4.0845,220.47,900.44,39.295,44.099,46.412,50.33,839.99,10
2015-06-07 14:50:00,6.2984,738.84,124.32,23.786,12.986,30.675,4.0694,222.33,904.67,39.567,44.318,46.51,50.423,840.49,10
2015-06-07 14:51:00,6.3041,744.65,124.35,23.775,12.983,30.757,4.0867,221.86,906.6400000000002,39.847,44.844,46.775,50.631,844.39,10
2015-06-07 14:52:00,6.2838,744.38,124.3,23.735,12.983,30.837,4.0927,219.88,899.9,40.063,45.009,46.718,50.628,842.21,10
2015-06-07 14:53:00,6.1511,723.94,124.13,23.634,12.98,30.911,3.8809,225.45,874.9,40.019,44.638,46.615,50.012,829.08,10
2015-06-07 14:54:00,3.4678,364.57,123.36,23.372,12.979,30.989,1.9234,232.11,445.88,39.965,44.55,46.669,49.521,492.2,10
2015-06-07 14:55:00,2.4816,219.04,123.05,23.445,12.979,31.072,1.1756,233.81,274.88,39.622,43.042,44.726,47.818,316.59,10
2015-06-07 14:56:00,2.2135,177.42,122.93,23.473,12.978,31.155,0.968,232.39,224.89,38.909,40.933,43.026,46.183,262.22,10
2015-06-07 14:57:00,3.514,363.51,123.36,23.369,12.981,31.236,1.9446,230.3,445.49,38.396,40.151,42.01,44.599,399.7,10
2015-06-07 14:58:00,6.6154,782.84,124.47,23.405,12.98,31.323,4.2404,224.38,951.44,38.345,40.824,42.356,45.043,865.27,10
2015-06-07 14:59:00,6.5246,774.1699999999998,124.55,23.456,12.979,31.401,4.1459,227.28,942.19,38.471,41.671,43.061,45.612,873.73,10
2015-06-07 15:00:00,5.8871,691.4,124.33,23.472,12.98,31.474,3.6392,231.27,841.9299999999998,38.788,42.073,43.573,46.134,779.65,10
2015-06-07 15:01:00,3.9114,423.74,123.56,23.479,12.98,31.55,2.2162,234.01,517.04,39.099,42.194,43.915,46.246,540.69,10
2015-06-07 15:02:00,2.345,200.16,122.89,23.56,12.978,31.629,1.0583,238.66,252.59,38.939,41.299,42.722,44.949,298.91,10
2015-06-07 15:03:00,2.6186,243.16,123.02,23.604,12.978,31.705,1.3154,231.59,304.56,38.533,40.058,41.225,43.35,311.2,10
2015-06-07 15:04:00,4.5942,517.94,123.78,23.598,12.98,31.774,2.8431,222.61,630.73,38.355,39.763,40.921,43.424,561.24,10
2015-06-07 15:05:00,6.4036,755.98,124.36,23.686,12.977,31.851,4.0915,224.01,916.55,38.589,40.405,42.018,44.491,820.08,10
2015-06-07 15:06:00,5.3054,614.25,124.13,23.756,12.978,31.922,3.3782,219.9,742.71,38.912,41.338,42.807,45.086,691.36,10
2015-06-07 15:07:00,6.4256,758.64,124.49,23.826,12.977,31.982,4.2502,217.91,926.1,39.132,42.056,43.238,45.363,847.4299999999998,10
2015-06-07 15:08:00,6.0896,713.71,124.29,23.881,12.977,32.052,4.0107,216.93,870.2799999999999,39.422,42.928,43.83,46.249,811.0,10
2015-06-07 15:09:00,4.8483,553.73,123.91,24.011,12.975,32.112,3.107,215.63,669.8,39.468,42.349,43.27,46.255,640.28,10
2015-06-07 15:10:00,4.2113,469.46,123.63,23.993,12.977,32.18,2.6552,215.93,571.08,38.934,41.266,42.379,45.702,537.26,10
2015-06-07 15:11:00,5.5373,644.53,124.0,23.933,12.974,32.241,3.6743,212.1,779.21,38.635,41.012,42.249,45.716,728.96,10
2015-06-07 15:12:00,4.2336,470.76,123.67,23.844,12.974,32.311,2.6994,214.31,579.17,38.437,41.106,42.003,45.335,556.54,10
2015-06-07 15:13:00,2.6581,249.22,123.1,23.887,12.973,32.373,1.482,208.68,309.43,38.196,39.665,40.946,44.237,311.57,10
2015-06-07 15:14:00,2.8827,284.77,123.15,23.794,12.974,32.433,1.6255,216.5,352.2,37.818,38.758,40.255,43.236,338.63,10
2015-06-07 15:15:00,2.2832,187.96,122.96,23.712,12.972,32.508,1.1052,215.48,238.13,37.611,37.715,39.383,42.256,240.4,10
2015-06-07 15:16:00,2.2782,188.28,122.91,23.686,12.971,32.563,1.1108,212.74,236.09,37.438,37.019,38.68,41.252,233.58,10
2015-06-07 15:17:00,2.9877,297.46,123.18,23.655,12.973,32.622,1.7045,215.68,367.99,37.329,36.561,37.792,40.398,333.71,10
2015-06-07 15:18:00,4.5583,515.22,123.8,23.547,12.974,32.678,2.8396,220.83,627.61,37.072,36.497,37.476,40.16,561.69,10
2015-06-07 15:19:00,3.8432,420.29,123.6,23.521,12.972,32.739,2.3041,223.13,514.44,36.935,36.628,37.594,40.15,477.95,10
2015-06-07 15:20:00,2.8389,276.67,123.11,23.409,12.974,32.797,1.5536,221.09,343.61,36.86,36.361,37.305,39.684,329.36,10
2015-06-07 15:21:00,2.4724,222.13,123.03,23.386,12.974,32.844,1.2468,221.15,275.74,36.687,35.634,36.468,39.032,265.32,10
2015-06-07 15:22:00,2.3361,197.84,122.97,23.339,12.975,32.903,1.1418,219.1,250.17,36.148,34.624,35.394,37.936,237.84,10
2015-06-07 15:23:00,2.2464,181.45,122.84,23.239,12.974,32.94,1.0618,217.65,231.09,35.429,33.363,34.441,36.994,218.84,10
2015-06-07 15:24:00,2.1616,166.23,122.87,23.128,12.978,32.991,0.98716,216.15,213.38,34.917,32.563,33.597,35.953,202.42,10
2015-06-07 15:25:00,2.0931,152.91,122.81,23.07,12.977,33.05,0.90776,218.26,198.11,34.57,32.013,33.062,35.32,188.26,10
2015-06-07 15:26:00,2.0403,143.28,122.82,23.046,12.981,33.071,0.86012,215.29,185.19,34.35,31.651,32.587,34.709,175.94,10
2015-06-07 15:27:00,2.0136,134.26,122.78,22.991,12.98,33.095,0.8331,211.01,175.81,34.007,30.925,31.964,34.21,166.99,10
2015-06-07 15:28:00,1.9714,125.99,122.79,22.859,12.981,33.125,0.77887,213.79,166.5,33.695,30.538,31.525,33.631,158.77,10
2015-06-07 15:29:00,1.9342,116.57,122.75,22.73,12.982,33.151,0.72721,211.81,154.02,33.615,30.336,31.339,33.157,148.54,10
2015-06-07 15:30:00,1.888,104.42,122.7,22.695,12.984,33.175,0.6671599999999999,213.19,142.26,33.538,30.002,30.951,32.512,137.45,10
2015-06-07 15:31:00,1.8539,96.165,122.63,22.708,12.987,33.173,0.62607,210.25,131.64,33.372,29.803,30.614,32.228,128.01,10
2015-06-07 15:32:00,1.8398,92.238,122.58,22.653,12.988,33.205,0.60691,201.75,122.44,33.17,29.355,30.144,31.478,122.01,10
2015-06-07 15:33:00,1.8291,88.17799999999998,122.74,22.562,12.988,33.208,0.59121,200.85,118.73,32.819,29.063,29.744,31.037,118.78,10
2015-06-07 15:34:00,1.8258,88.497,122.65,22.494,12.993,33.207,0.6025099999999999,196.73,118.53,32.596,28.801,29.461,30.602,118.28,10
2015-06-07 15:35:00,1.8348,90.046,122.6,22.478,12.993,33.207,0.61785,197.25,121.83,32.392,28.597,29.165,30.247,120.48,10
2015-06-07 15:36:00,1.8502,92.192,122.67,22.497,12.994,33.206,0.6441299999999999,195.89,126.19,32.101,28.41,28.887,29.999,123.44,10
2015-06-07 15:37:00,1.8648,95.1,122.71,22.468,12.997,33.205,0.63536,204.33,129.8,31.852,28.187,28.583,29.447,126.23,10
2015-06-07 15:38:00,1.8802,98.628,122.73,22.429,12.998,33.205,0.6563499999999999,206.45,135.47,31.584,28.004,28.472,29.48,130.38,10
2015-06-07 15:39:00,1.892,102.42,122.88,22.4,13.0,33.19,0.6923099999999999,203.3,140.71,31.45,27.97,28.375,29.475,134.72,10
2015-06-07 15:40:00,1.8953,102.06,122.89,22.432,13.001,33.168,0.67825,204.79,138.84,31.443,27.839,28.406,29.556,133.91,10
2015-06-07 15:41:00,1.8645,93.981,123.0,22.422,13.003,33.168,0.61601,210.7,129.78,31.418,28.031,28.354,29.407,126.86,10
2015-06-07 15:42:00,1.8384,86.04999999999998,122.98,22.481,13.002,33.135,0.57859,209.0,120.93,31.411,28.012,28.342,29.427,119.53,10
2015-06-07 15:43:00,1.8224,82.355,122.96,22.527,13.004,33.114,0.55778,206.18,115.0,31.399,27.898,28.281,29.437,114.26,10
2015-06-07 15:44:00,1.8191,80.518,122.93,22.572,13.004,33.09,0.5461,204.71,111.79,31.393,27.85,28.25,29.431,111.73,10
2015-06-07 15:45:00,1.8097,75.242,122.95,22.546,13.005,33.06,0.51707,203.97,105.43,31.331,27.792,28.109,29.231,107.47,10
2015-06-07 15:46:00,1.7962,70.131,122.93,22.54,13.006,33.054,0.4803899999999999,205.64,98.791,31.261,27.686,28.082,29.193,100.56,10
2015-06-07 15:47:00,1.78,62.509,122.93,22.526,13.008,33.001,0.44771,206.71,92.55,31.182,27.55,27.89,29.032,93.954,10
2015-06-07 15:48:00,1.7715,61.902,122.87,22.446,13.009,32.975,0.43695,197.97,86.51099999999998,31.035,27.344,27.61,28.822,89.831,10
2015-06-07 15:49:00,1.7644,52.998,122.91,22.274,13.01,32.927,0.40027,193.64,77.51,30.802,27.08,27.445,28.671,82.754,10
2015-06-07 15:50:00,1.7531,45.299,122.82,22.17,13.012,32.897,0.3606599999999999,195.57,70.528,30.611,26.74,27.297,28.57,74.367,10
2015-06-07 15:51:00,1.7355,39.746,122.85,22.137,13.014,32.842,0.32234,194.97,62.854,30.52,26.433,26.938,28.01,67.623,10
2015-06-07 15:52:00,1.727,35.62,122.85,22.112,13.014,32.799,0.30591,194.12,59.384,30.441,26.053,26.664,27.522,62.719,10
2015-06-07 15:53:00,1.7308,34.293,122.79,21.949,13.014,32.776,0.29058,194.76,56.592,30.246,25.852,26.346,26.99,60.964,10
2015-06-07 15:54:00,1.7253,35.134,122.78,21.771,13.015,32.721,0.2958799999999999,195.28,57.784,30.061,25.455,26.301,26.881,61.271,10
2015-06-07 15:55:00,1.7234,37.656,122.74,21.679,13.018,32.669,0.3168699999999999,194.74,61.707,29.961,25.423,26.181,26.65,64.113,10
2015-06-07 15:56:00,1.7168,38.608,122.79,21.623,13.019,32.62,0.31705,193.97,61.498,29.875,25.331,26.108,26.66,65.617,10
2015-06-07 15:57:00,1.7132,36.76,122.72,21.537,13.019,32.572,0.30774,194.13,59.744,29.749,25.366,26.005,26.615,64.751,10
2015-06-07 15:58:00,1.7146,34.237,122.77,21.501,13.02,32.516,0.29387,195.09,57.324,29.67,25.383,25.964,26.656,61.993,10
2015-06-07 15:59:00,1.714,31.195,122.71,21.494,13.021,32.481,0.26795,195.75,52.447,29.643,25.357,25.983,26.766,59.179,10
2015-06-07 16:00:00,1.7171,26.262,122.75,21.48,13.02,32.418,0.2464099999999999,194.72,47.99,29.59,25.352,25.943,26.757,54.889,10
2015-06-07 16:01:00,1.721,20.587,122.75,21.492,13.025,32.358,0.20169,194.75,39.291,29.538,25.321,25.83,26.674,49.428,10
2015-06-07 16:02:00,1.7199,15.775,122.76,21.465,13.023,32.297,0.16847,195.08,32.867,29.356,25.227,25.705,26.57,44.664,10
2015-06-07 16:03:00,1.7207,10.509,122.74,21.449,13.025,32.241,0.1429199999999999,194.84,27.866,29.199,25.149,25.594,26.444,39.091,10
2015-06-07 16:04:00,1.729,6.0733,122.76,21.38,13.027,32.181,0.12522,195.19,24.443,29.026,25.067,25.511,26.35,34.661,10
2015-06-07 16:05:00,1.7158,1.947,122.74,21.356,13.027,32.123,0.09273,194.09,18.003,28.943,25.027,25.422,26.244,30.37,10
2015-06-07 16:06:00,1.7097,0.2655,122.76,21.346,13.03,32.064,0.07484,187.32,14.022,28.956,24.989,25.327,26.11,26.832,10
2015-06-07 16:07:00,1.7103,-0.2765699999999999,122.78,21.339,13.029,32.001,0.08086,184.06,14.887,28.909,24.883,25.255,26.029,25.411,10
2015-06-07 16:08:00,1.7078,-0.99564,122.78,21.307,13.031,31.947,0.0753899999999999,184.04,13.872,28.873,24.817,25.148,25.885,25.411,10
2015-06-07 16:09:00,1.7034,-0.7411999999999999,122.9,21.322,13.032,31.882,0.08196,186.94,15.322,28.888,24.779,25.143,25.85,26.136,10
2015-06-07 16:10:00,1.7018,-0.23232,122.86,21.343,13.033,31.811,0.08214,190.55,15.639,28.919,24.825,25.032,25.692,27.947,10
2015-06-07 16:11:00,1.7012,1.5156,122.81,21.336,13.034,31.743,0.08561,196.42,16.809,28.882,24.743,24.964,25.641,30.733,10
2015-06-07 16:12:00,1.7136,4.724,122.86,21.285,13.036,31.678,0.11026,196.15,21.624,28.824,24.779,24.922,25.514,33.853,10
2015-06-07 16:13:00,1.7057,9.8794,122.76,21.208,13.037,31.619,0.14457,194.31,28.087,28.759,24.718,24.898,25.477,39.398,10
2015-06-07 16:14:00,1.7079,17.867,122.8,21.09,13.036,31.537,0.1893,196.05,37.108,28.612,24.717,24.866,25.347,47.619,10
2015-06-07 16:15:00,1.7046,25.225,122.77,21.011,13.037,31.476,0.23421,194.85,45.631,28.538,24.67,24.908,25.255,54.586,10
2015-06-07 16:16:00,1.7217,35.293,122.73,20.969,13.04,31.408,0.2938999999999999,194.98,57.282,28.338,24.359,24.806,24.988,62.973,10
2015-06-07 16:17:00,1.7528,53.227,122.81,20.883,13.042,31.338,0.4006899999999999,194.72,77.988,27.931,23.769,24.315,24.371,78.607,10
2015-06-07 16:18:00,1.8657,91.907,123.05,20.781,13.042,31.274,0.6477,192.0,124.84,27.627,23.315,23.917,23.99,115.45,10
2015-06-07 16:19:00,2.9693,295.87,123.62,20.634,13.044,31.193,1.9239,188.56,361.6,27.265,23.49,23.973,24.146,338.81,10
2015-06-07 16:20:00,3.2547,338.27,123.75,20.578,13.047,31.121,2.1728,190.44,413.92,27.066,24.187,24.734,24.991,408.09,10
2015-06-07 16:21:00,2.3784,205.45,123.4,20.421,13.049,31.047,1.3383,191.13,255.69,26.611,24.087,24.663,24.912,242.43,10
2015-06-07 16:22:00,2.3151,197.39,123.42,20.091,13.05,30.967,1.2407,199.1,246.99,25.898,23.546,24.06,24.284,220.61,10
2015-06-07 16:23:00,2.3443,202.89,123.45,19.494,13.051,30.89,1.2463,204.35,254.65,25.133,22.984,23.427,23.636,219.77,10
2015-06-07 16:24:00,2.4115,214.74,123.36,18.633,13.052,30.814,1.2606,212.61,268.04,24.313,22.44,22.685,22.763,223.93,10
2015-06-07 16:25:00,2.4762,224.42,123.39,17.878,13.055,30.732,1.2998,215.4,280.03,23.82,21.889,22.075,22.204,231.25,10
2015-06-07 16:26:00,2.5544,237.8,123.5,17.224,13.055,30.644,1.3438,219.57,295.04,23.349,21.568,21.785,21.772,243.04,10
2015-06-07 16:27:00,2.5816,243.51,123.53,16.723,13.06,30.558,1.3584,220.07,298.93,23.061,21.594,21.622,21.517,248.11,10
2015-06-07 16:28:00,2.5992,243.54,123.55,16.336,13.066,30.465,1.3948,216.22,301.54,22.871,21.322,21.559,21.674,252.62,10
2015-06-07 16:29:00,2.6433,248.94,123.58,16.026,13.067,30.37,1.4149,218.94,309.75,22.354,21.388,21.519,21.71,257.98,10
2015-06-07 16:30:00,2.6513,249.68,123.61,15.787,13.071,30.274,1.376,227.28,312.72,22.155,21.723,21.838,22.089,258.87,10
2015-06-07 16:31:00,2.6048,242.51,123.63,15.655,13.076,30.166,1.3181,228.36,300.96,22.058,22.096,22.102,22.462,253.1,10
2015-06-07 16:32:00,2.5269,231.18,123.57,15.62,13.078,30.066,1.2462,231.91,288.98,22.066,22.374,22.42,22.738,243.87,10
2015-06-07 16:33:00,2.4526,217.32,123.54,15.603,13.079,29.954,1.1631,232.14,269.97,22.256,22.684,22.752,23.032,233.86,10
2015-06-07 16:34:00,2.3684,202.91,123.53,15.588,13.083,29.842,1.1027,232.04,255.89,22.423,22.833,22.998,23.281,222.44,10
2015-06-07 16:35:00,2.3337,196.59,123.5,15.538,13.084,29.736,1.0625,234.32,248.94,22.755,23.045,23.281,23.525,217.48,10
2015-06-07 16:36:00,2.3367,197.23,123.49,15.537,13.088,29.611,1.0651,233.99,249.17,22.876,23.182,23.387,23.721,218.9,10
2015-06-07 16:37:00,2.3213,194.94,123.52,15.591,13.089,29.49,1.0759,228.52,245.84,22.987,23.345,23.562,23.907,217.06,10
2015-06-07 16:38:00,2.3403,199.72,123.45,15.694,13.093,29.374,1.1053,226.29,250.1,22.98,23.517,23.595,23.921,220.05,10
2015-06-07 16:39:00,2.345,201.51,123.51,15.92,13.09,29.251,1.0961,227.41,249.29,22.888,23.472,23.628,23.987,221.22,10
2015-06-07 16:40:00,2.2473,184.43,123.45,16.075,13.094,29.128,1.0266,225.09,231.04,22.917,23.51,23.748,24.19,206.4,10
2015-06-07 16:41:00,2.1301,160.68,123.33,16.272,13.095,29.006,0.89495,227.44,203.53,22.813,23.304,23.653,24.094,185.99,10
2015-06-07 16:42:00,2.0406,142.28,123.23,16.517,13.097,28.885,0.7934499999999999,228.17,181.01,22.677,23.105,23.465,23.905,170.08,10
2015-06-07 16:43:00,1.969,127.02,123.2,16.842,13.098,28.761,0.7176799999999999,231.31,166.01,22.457,23.32,23.151,23.755,158.74,10
2015-06-07 16:44:00,1.9443,120.2,123.19,17.149,13.1,28.632,0.69066,226.88,156.71,22.142,23.465,23.011,24.08,151.66,10
2015-06-07 16:45:00,1.9115,113.48,123.2,17.263,13.1,28.502,0.65963,224.88,148.33,21.791,23.63,23.257,24.367,145.95,10
2015-06-07 16:46:00,1.8942,109.11,123.11,17.241,13.102,28.382,0.6349799999999999,225.05,142.88,21.661,23.898,23.458,24.508,141.52,10
2015-06-07 16:47:00,1.8656,103.43,123.08,17.174,13.103,28.253,0.5942699999999999,228.27,135.66,21.518,23.892,23.639,24.668,136.45,10
2015-06-07 16:48:00,1.8292,97.614,123.06,17.177,13.105,28.126,0.5751,224.07,128.87,21.333,23.96,23.746,24.711,130.68,10
2015-06-07 16:49:00,1.7893,90.61000000000001,123.09,17.19,13.106,27.998,0.54534,221.03,120.53,21.154,23.957,23.824,24.78,123.74,10
2015-06-07 16:50:00,1.7778,87.37099999999998,123.13,17.146,13.107,27.882,0.5378699999999998,214.98,115.61,21.082,24.017,23.895,24.811,119.88,10
2015-06-07 16:51:00,1.7726,84.11799999999998,123.2,17.159,13.109,27.76,0.53605,210.65,112.91,21.081,24.023,23.974,24.85,117.2,10
2015-06-07 16:52:00,1.7649,81.507,123.28,17.186,13.11,27.63,0.52034,213.13,110.89,20.997,23.995,23.975,24.805,115.95,10
2015-06-07 16:53:00,1.76,78.643,123.19,17.218,13.11,27.508,0.50575,215.64,109.04,20.92,23.961,24.056,24.879,114.58,10
2015-06-07 16:54:00,1.7586,80.23699999999998,123.17,17.272,13.111,27.392,0.49589,218.98,108.59,20.863,23.921,24.065,24.853,114.64,10
2015-06-07 16:55:00,1.7616,80.9,123.2,17.22,13.112,27.274,0.4979,221.09,110.07,20.896,23.958,24.081,24.841,116.25,10
2015-06-07 16:56:00,1.7732,86.53499999999998,123.2,17.124,13.113,27.158,0.53059,210.67,111.73,21.053,24.008,24.149,24.926,118.82,10
2015-06-07 16:57:00,1.7843,88.947,123.23,17.031,13.113,27.043,0.5731399999999999,204.38,117.13,21.202,23.961,24.18,25.014,122.55,10
2015-06-07 16:58:00,1.7779,87.08799999999998,123.21,16.961,13.115,26.936,0.55798,206.08,114.98,21.332,24.141,24.284,25.053,121.77,10
2015-06-07 16:59:00,1.7617,81.7,123.22,16.952,13.114,26.823,0.52166,206.14,107.53,21.561,24.192,24.346,25.127,116.59,10
2015-06-07 17:00:00,1.7413,73.78799999999998,123.21,16.994,13.115,26.709,0.48897,204.41,99.97900000000001,21.678,24.199,24.298,25.071,109.09,10
2015-06-07 17:01:00,1.7141,62.479,123.19,17.077,13.116,26.603,0.43895,196.78,86.357,21.646,24.041,24.253,25.059,99.004,10
2015-06-07 17:02:00,1.6985,52.71,123.21,17.146,13.118,26.499,0.37341,199.55,74.531,21.563,23.952,24.161,24.938,89.501,10
2015-06-07 17:03:00,1.6809,45.716,123.17,17.177,13.119,26.396,0.33361,198.64,66.262,21.597,23.913,23.998,24.718,80.91599999999998,10
2015-06-07 17:04:00,1.671,40.094,123.27,17.196,13.119,26.293,0.3062199999999999,199.28,61.026,21.586,23.7,23.884,24.629,75.037,10
2015-06-07 17:05:00,1.6685,36.144,123.2,17.198,13.119,26.195,0.2841199999999999,199.13,56.571,21.654,23.582,23.736,24.363,71.08,10
2015-06-07 17:06:00,1.6657,33.2,123.23,17.156,13.121,26.093,0.26477,198.48,52.558,21.537,23.336,23.505,24.095,67.624,10
2015-06-07 17:07:00,1.6649,30.633,123.2,17.096,13.122,25.999,0.2505299999999999,199.03,49.862,21.37,23.126,23.308,23.849,64.782,10
2015-06-07 17:08:00,1.665,28.653,123.19,17.035,13.121,25.909,0.23319,198.91,46.387,21.242,22.976,23.121,23.63,61.967,10
2015-06-07 17:09:00,1.6636,27.325,123.1,16.979,13.122,25.815,0.22935,198.84,45.607,21.254,22.821,22.985,23.453,60.545,10
2015-06-07 17:10:00,1.6639,26.594,123.08,16.914,13.124,25.721,0.21986,198.73,43.69,21.24,22.692,22.777,23.22,59.264,10
2015-06-07 17:11:00,1.6628,26.219,123.05,16.862,13.125,25.632,0.2184,199.53,43.581,21.134,22.484,22.651,23.071,58.874,10
2015-06-07 17:12:00,1.6623,25.709,123.1,16.768,13.127,25.543,0.2187699999999999,198.3,43.385,20.978,22.338,22.455,22.771,58.595,10
2015-06-07 17:13:00,1.6617,25.201,123.14,16.661,13.127,25.457,0.2070799999999999,199.73,41.36,20.847,22.21,22.282,22.545,57.593,10
2015-06-07 17:14:00,1.6607,24.05,123.24,16.587,13.127,25.366,0.19649,200.65,39.426,20.693,22.063,22.179,22.395,57.147,10
2015-06-07 17:15:00,1.6645,22.999,123.19,16.612,13.13,25.284,0.20343,199.48,40.581,20.519,21.976,22.04,22.164,55.614,10
2015-06-07 17:16:00,1.6678,21.073,123.18,16.623,13.131,25.2,0.19211,198.92,38.212,20.487,21.872,21.911,22.068,53.496,10
2015-06-07 17:17:00,1.6687,18.351,123.18,16.598,13.131,25.119,0.17696,200.19,35.428,20.366,21.713,21.805,21.93,50.764,10
2015-06-07 17:18:00,1.6671,16.204,123.18,16.521,13.13,25.041,0.16436,199.12,32.728,20.287,21.601,21.63,21.704,48.255,10
2015-06-07 17:19:00,1.6682,13.979,123.18,16.382,13.134,24.953,0.14099,198.85,28.025,20.205,21.37,21.473,21.609,45.914,10
2015-06-07 17:20:00,1.6721,11.035,123.13,16.294,13.134,24.877,0.12748,199.04,25.368,20.059,21.181,21.277,21.43,42.792,10
2015-06-07 17:21:00,1.6743,7.902999999999999,123.16,16.237,13.135,24.79,0.10593,198.58,21.031,19.911,21.064,21.15,21.257,39.14,10
2015-06-07 17:22:00,1.6801,4.7042,123.13,16.197,13.136,24.71,0.09113,199.01,18.139,19.877,20.905,20.997,21.152,35.434,10
2015-06-07 17:23:00,1.6625,2.0366,123.05,16.112,13.138,24.637,0.0688499999999999,199.12,13.706,19.809,20.681,20.869,21.026,32.005,10
2015-06-07 17:24:00,1.6597,0.66412,123.05,16.016,13.139,24.558,0.0582599999999999,191.98,11.189,19.771,20.639,20.726,20.813,28.799,10
2015-06-07 17:25:00,1.6614,-0.3874099999999999,123.14,15.942,13.14,24.473,0.04639,182.93,8.4648,19.682,20.443,20.582,20.629,25.565,10
2015-06-07 17:26:00,1.6639,-1.5718,123.21,15.961,13.142,24.399,0.0577099999999999,173.84,10.04,19.566,20.352,20.483,20.512,22.665,10
2015-06-07 17:27:00,1.6633,-2.6566,123.19,15.95,13.14,24.32,0.04456,163.46,7.2958,19.519,20.289,20.363,20.378,19.264,10
2015-06-07 17:28:00,1.5843,-0.19924,123.19,15.955,13.143,24.254,0.0204599999999999,173.94,3.5419,19.487,20.152,20.283,20.33,16.505,10
2015-06-07 17:29:00,1.5769,0.04428,123.18,15.923,13.144,24.174,0.01516,165.02,2.5025,19.264,20.005,20.101,20.134,14.47,10
2015-06-07 17:30:00,1.5775,0.02214,123.1,15.872,13.145,24.1,0.0217299999999999,154.14,3.3774,19.147,19.845,19.978,19.999,12.881,10
2015-06-07 17:31:00,1.5761,0.05535,123.12,15.87,13.146,24.027,0.02137,142.51,3.0316,18.953,19.526,19.776,19.802,11.18,10
2015-06-07 17:32:00,1.5756,0.04428,123.13,15.711,13.147,23.951,0.0255699999999999,133.13,3.4066,18.781,19.117,19.268,19.309,9.5909,10
2015-06-07 17:33:00,1.5764,0.02214,123.21,15.478,13.151,23.878,0.02338,127.34,2.9805,18.46,18.697,18.741,18.666,8.1133,10
2015-06-07 17:34:00,1.5753,0.04428,123.22,15.387,13.151,23.805,0.01991,123.61,2.4581,18.247,18.329,18.374,18.265,7.1376,10
2015-06-07 17:35:00,1.5756,-0.03321,123.16,15.381,13.155,23.73,0.01626,125.97,2.0439,17.992,18.155,18.031,17.961,6.5521,10
2015-06-07 17:36:00,1.5762,-0.05535,123.17,15.326,13.158,23.65,0.0166199999999999,132.59,2.2138,17.8,17.812,17.756,17.671,6.1619,10
2015-06-07 17:37:00,1.5765,-0.08856,123.15,15.153,13.161,23.582,0.0217399999999999,138.88,3.0212,17.775,17.668,17.606,17.474,6.4967,10
2015-06-07 17:38:00,1.5765,-0.07749,123.22,14.955,13.161,23.503,0.01717,148.78,2.5702,17.788,17.612,17.566,17.439,7.612,10
2015-06-07 17:39:00,1.5771,-0.05535,123.23,14.777,13.164,23.424,0.02283,156.5,3.5571,17.805,17.592,17.481,17.331,8.4764,10
2015-06-07 17:40:00,1.5763,-0.1549899999999999,123.18,14.623,13.165,23.345,0.01973,163.11,3.2134,17.86,17.661,17.49,17.34,9.7312,10
2015-06-07 17:41:00,1.576,-0.02214,123.18,14.474,13.17,23.264,0.01644,170.8,2.8036,17.719,17.5,17.485,17.339,10.986,10
2015-06-07 17:42:00,1.5779,-0.1549899999999999,123.13,14.369,13.172,23.183,0.01078,178.53,1.9234,17.571,17.365,17.416,17.29,12.241,10
2015-06-07 17:43:00,1.5766,-0.07749,123.2,14.333,13.174,23.096,0.0168099999999999,184.56,3.1008,17.574,17.357,17.391,17.223,13.412,10
2015-06-07 17:44:00,1.5757,-0.02214,123.27,14.331,13.174,23.013,0.0178999999999999,186.03,3.3292,17.651,17.432,17.427,17.255,13.803,10
2015-06-07 17:45:00,1.5763,-0.12178,123.21,14.359,13.177,22.928,0.00877,184.18,1.618,17.676,17.393,17.481,17.404,13.803,10
2015-06-07 17:46:00,1.5763,-0.1439199999999999,123.18,14.431,13.177,22.846,0.01242,182.4,2.2652,17.681,17.386,17.489,17.422,13.58,10
2015-06-07 17:47:00,1.5772,-0.11071,123.16,14.441,13.181,22.759,0.01187,181.78,2.1618,17.724,17.448,17.488,17.442,13.636,10
2015-06-07 17:48:00,1.5774,0.01107,123.3,14.407,13.182,22.673,0.01443,178.15,2.572,17.779,17.486,17.518,17.488,13.608,10
2015-06-07 17:49:00,1.5769,-0.0553599999999999,123.31,14.39,13.182,22.59,0.0219199999999999,174.93,3.8357,17.775,17.455,17.531,17.555,13.33,10
2015-06-07 17:50:00,1.578,-0.1771399999999999,123.24,14.382,13.184,22.507,0.01735,174.67,3.0346,17.822,17.462,17.578,17.633,13.023,10
2015-06-07 17:51:00,1.5769,-0.11071,123.34,14.373,13.186,22.412,0.01133,175.36,1.9867,17.855,17.613,17.554,17.562,13.386,10
2015-06-07 17:52:00,1.5778,-0.11071,123.41,14.377,13.186,22.332,0.01589,176.83,2.8102,17.904,17.62,17.57,17.574,13.553,10
2015-06-07 17:53:00,1.5783,-0.12179,123.39,14.421,13.187,22.245,0.0137,182.49,2.4938,17.915,17.636,17.609,17.629,14.111,10
2015-06-07 17:54:00,1.5783,-0.155,123.38,14.512,13.187,22.157,0.0106,186.43,1.9788,17.918,17.66,17.611,17.624,15.114,10
2015-06-07 17:55:00,1.6213,-2.3804,123.39,14.531,13.189,22.075,0.02466,178.05,4.2195,17.981,17.577,17.655,17.73,16.174,10
2015-06-07 17:56:00,1.6569,-2.0483,123.42,14.496,13.191,21.984,0.04476,160.29,7.1621,18.052,17.604,17.665,17.759,17.122,10
2015-06-07 17:57:00,1.6569,-1.6829,122.79,14.391,13.191,21.906,0.04147,160.71,6.6667,18.092,17.684,17.651,17.717,17.736,10
2015-06-07 17:58:00,1.6558,-1.3175,122.77,14.328,13.192,21.824,0.0582799999999999,160.35,9.338,18.124,17.65,17.677,17.739,18.573,10
2015-06-07 17:59:00,1.6525,-0.85253,122.78,14.293,13.192,21.744,0.0655799999999999,160.6,10.532,18.162,17.647,17.679,17.736,18.74,10
2015-06-07 18:00:00,1.6511,-0.5092999999999999,122.73,14.322,13.194,21.66,0.0654,160.82,10.519,18.206,17.667,17.683,17.755,18.741,10
2015-06-07 18:01:00,1.6492,-0.52038,122.72,14.347,13.196,21.574,0.0601,160.13,9.6236,18.253,17.603,17.693,17.795,18.741,10
2015-06-07 18:02:00,1.6478,0.13286,122.76,14.346,13.196,21.488,0.0586399999999999,160.23,9.391800000000002,18.294,17.672,17.68,17.752,19.438,10
2015-06-07 18:03:00,1.6462,0.58681,122.88,14.358,13.198,21.407,0.07033,159.86,11.249,18.35,17.632,17.707,17.794,20.108,10
2015-06-07 18:04:00,1.6426,0.96326,122.92,14.378,13.198,21.336,0.07563,160.2,12.113,18.386,17.678,17.721,17.802,20.973,10
2015-06-07 18:05:00,1.6495,1.1847,122.87,14.371,13.199,21.253,0.08093,160.44,12.982,18.375,17.664,17.698,17.806,21.391,10
2015-06-07 18:06:00,1.6451,1.4615,122.85,14.356,13.199,21.17,0.07673,160.28,12.295,18.379,17.675,17.664,17.77,21.42,10
2015-06-07 18:07:00,1.6376,1.6165,122.9,14.343,13.199,21.095,0.07015,159.91,11.215,18.418,17.63,17.681,17.788,21.726,10
2015-06-07 18:08:00,1.6343,2.0705,122.8,14.335,13.202,21.021,0.06869,160.19,11.008,18.415,17.642,17.662,17.799,22.703,10
2015-06-07 18:09:00,1.6332,2.6352,122.85,14.378,13.2,20.95,0.0885999999999999,159.62,14.14,18.361,17.623,17.621,17.726,23.009,10
2015-06-07 18:10:00,1.6335,3.1334,122.87,14.471,13.202,20.874,0.0869599999999999,160.16,13.926,18.313,17.587,17.61,17.706,23.734,10
2015-06-07 18:11:00,1.633,3.6981,122.77,14.537,13.204,20.8,0.0979199999999999,161.09,15.772,18.281,17.617,17.577,17.65,24.208,10
2015-06-07 18:12:00,1.6327,3.9749,122.8,14.571,13.204,20.734,0.09829,161.57,15.882,18.304,17.539,17.565,17.664,25.212,10
2015-06-07 18:13:00,1.633,4.0081,122.73,14.571,13.204,20.66,0.0880599999999999,160.44,14.13,18.323,17.405,17.556,17.705,25.436,10
2015-06-07 18:14:00,1.6316,4.3514,122.87,14.542,13.205,20.59,0.10085,159.43,16.078,18.341,17.43,17.503,17.603,25.436,10
2015-06-07 18:15:00,1.6325,4.584,122.95,14.525,13.206,20.526,0.1028599999999999,158.95,16.345,18.357,17.412,17.463,17.549,25.437,10
2015-06-07 18:16:00,1.6336,4.429,122.94,14.462,13.206,20.458,0.10176,159.28,16.208,18.336,17.401,17.43,17.483,25.437,10
2015-06-07 18:17:00,1.6316,4.5619,122.9,14.421,13.208,20.388,0.1045,161.7,16.897,18.283,17.368,17.407,17.488,25.437,10
2015-06-07 18:18:00,1.632,4.0526,122.87,14.403,13.207,20.328,0.09153,159.91,14.638,18.235,17.388,17.319,17.359,25.437,10
2015-06-07 18:19:00,1.6311,4.1523,122.98,14.42,13.209,20.263,0.09263,160.69,14.881,18.206,17.233,17.335,17.417,25.242,10
2015-06-07 18:20:00,1.6317,3.4215,122.96,14.441,13.209,20.204,0.0931799999999999,159.67,14.876,18.205,17.177,17.28,17.349,24.21,10
2015-06-07 18:21:00,1.6336,3.3218,123.02,14.438,13.211,20.153,0.08898,160.51,14.279,18.197,17.239,17.244,17.293,23.876,10
2015-06-07 18:22:00,1.632,3.0007,122.98,14.45,13.21,20.084,0.08185,160.44,13.131,18.171,17.179,17.193,17.249,23.374,10
2015-06-07 18:23:00,1.6309,2.7239,122.89,14.524,13.211,20.019,0.0865999999999999,159.99,13.857,18.15,17.096,17.19,17.241,22.955,10
2015-06-07 18:24:00,1.6339,2.5136,122.84,14.585,13.212,19.964,0.0807599999999999,160.66,12.973,18.16,17.076,17.14,17.204,22.76,10
2015-06-07 18:25:00,1.6348,2.2478,122.76,14.585,13.211,19.901,0.0796599999999999,159.72,12.721,18.155,16.987,17.089,17.138,22.76,10
2015-06-07 18:26:00,1.6444,0.3986299999999999,122.69,14.565,13.212,19.847,0.06395,173.39,10.991,18.078,16.929,17.03,17.085,22.76,10
2015-06-07 18:27:00,1.6439,1.3288,122.49,14.548,13.213,19.798,0.0675999999999999,164.67,11.159,17.985,16.834,16.945,16.976,22.007,10
2015-06-07 18:28:00,1.6389,1.4063,122.54,14.555,13.214,19.741,0.06504,161.28,10.49,17.942,16.677,16.885,16.933,21.616,10
2015-06-07 18:29:00,1.6419,1.207,122.6,14.533,13.215,19.687,0.07308,161.48,11.803,17.941,16.678,16.813,16.863,21.589,10
2015-06-07 18:30:00,1.6411,1.351,122.57,14.505,13.215,19.624,0.0776499999999999,161.71,12.559,17.874,16.619,16.754,16.827,21.98,10
2015-06-07 18:31:00,1.6398,1.7607,122.54,14.472,13.216,19.579,0.08222,161.32,13.258,17.863,16.595,16.713,16.79,22.733,10
2015-06-07 18:32:00,1.6387,2.3144,122.63,14.461,13.215,19.527,0.08387,160.67,13.467,17.86,16.594,16.661,16.747,22.984,10
2015-06-07 18:33:00,1.634,3.1006,122.65,14.447,13.217,19.478,0.07985,161.4,12.886,17.82,16.496,16.658,16.81,24.016,10
2015-06-07 18:34:00,1.6373,3.7983,122.71,14.483,13.217,19.426,0.0935499999999999,161.89,15.145,17.794,16.577,16.592,16.738,25.104,10
2015-06-07 18:35:00,1.6362,4.1526,122.71,14.483,13.217,19.382,0.0946499999999999,161.96,15.324,17.668,16.507,16.568,16.75,25.439,10
2015-06-07 18:36:00,1.639,4.4406,122.76,14.525,13.217,19.337,0.09721,161.82,15.728,17.605,16.404,16.517,16.717,25.439,10
2015-06-07 18:37:00,1.6459,3.898,122.74,14.534,13.216,19.291,0.0979399999999999,161.05,15.775,17.574,16.369,16.447,16.644,25.439,10
2015-06-07 18:38:00,1.6428,3.7651,122.69,14.51,13.218,19.243,0.0825899999999999,161.52,13.34,17.502,16.381,16.386,16.574,25.272,10
2015-06-07 18:39:00,1.6398,2.9567,122.69,14.477,13.217,19.201,0.0858799999999999,160.96,13.825,17.418,16.295,16.327,16.515,23.961,10
2015-06-07 18:40:00,1.6393,2.4584,122.71,14.432,13.218,19.156,0.0842299999999999,162.46,13.684,17.305,16.261,16.262,16.474,23.124,10
2015-06-07 18:41:00,1.6412,2.2701,122.6,14.444,13.219,19.11,0.08314,162.15,13.479,17.19,16.177,16.212,16.422,22.762,10
2015-06-07 18:42:00,1.6385,2.3477,122.62,14.535,13.22,19.065,0.0754599999999999,162.19,12.239,16.999,16.227,16.076,16.296,22.874,10
2015-06-07 18:43:00,1.6398,2.2369,122.64,14.564,13.219,19.025,0.07784,161.89,12.599,16.81,16.191,15.985,16.353,23.097,10
2015-06-07 18:44:00,1.6349,2.3809,122.59,14.581,13.221,18.989,0.08222,160.87,13.228,16.698,16.15,15.911,16.425,23.321,10
2015-06-07 18:45:00,1.6415,2.4584,122.69,14.58,13.219,18.946,0.08387,162.23,13.605,16.638,16.248,15.829,16.434,23.46,10
2015-06-07 18:46:00,1.6379,2.6799,122.67,14.569,13.223,18.906,0.0842299999999999,161.35,13.592,16.587,16.232,15.784,16.472,23.739,10
2015-06-07 18:47:00,1.6393,3.1118,122.72,14.552,13.224,18.865,0.08369,161.15,13.489,16.543,16.303,15.799,16.434,24.13,10
2015-06-07 18:48:00,1.6396,3.8538,122.75,14.53,13.224,18.825,0.0847799999999999,162.07,13.742,16.497,16.234,15.895,16.536,25.051,10
2015-06-07 18:49:00,1.6335,4.3632,122.85,14.536,13.226,18.794,0.09173,162.83,14.933,16.457,16.341,15.957,16.507,25.442,10
2015-06-07 18:50:00,1.6341,4.9169,122.77,14.568,13.225,18.753,0.10086,162.22,16.364,16.326,16.25,16.024,16.589,25.498,10
2015-06-07 18:51:00,1.6358,4.9392,122.82,14.583,13.225,18.713,0.10507,162.85,17.111,16.268,16.289,16.052,16.562,26.14,10
2015-06-07 18:52:00,1.6366,5.205,122.81,14.583,13.227,18.68,0.10105,162.73,16.446,16.253,16.291,16.087,16.567,26.67,10
2015-06-07 18:53:00,1.6363,5.3822,122.87,14.581,13.226,18.652,0.10817,160.67,17.38,16.241,16.286,16.109,16.541,26.781,10
2015-06-07 18:54:00,1.6382,5.3046,122.84,14.57,13.226,18.618,0.10032,161.22,16.174,16.256,16.312,16.12,16.533,26.53,10
2015-06-07 18:55:00,1.6374,5.3932,122.75,14.546,13.228,18.579,0.0979399999999999,161.66,15.832,16.264,16.273,16.134,16.55,26.335,10
2015-06-07 18:56:00,1.6363,5.1496,122.74,14.543,13.228,18.549,0.1058,161.5,17.083,16.277,16.281,16.149,16.531,26.168,10
2015-06-07 18:57:00,1.6396,4.6512,122.75,14.54,13.229,18.51,0.0946499999999999,167.41,15.799,16.274,16.285,16.137,16.507,25.721,10
2015-06-07 18:58:00,1.6515,2.2259,122.79,14.53,13.23,18.473,0.0685199999999999,189.35,12.937,16.295,16.259,16.146,16.498,25.498,10
2015-06-07 18:59:00,1.6399,4.3744,122.7,14.525,13.23,18.449,0.08734,166.52,14.511,16.318,16.247,16.139,16.477,25.443,10
2015-06-07 19:00:00,1.6366,4.474,122.78,14.534,13.23,18.414,0.09611,161.32,15.502,16.321,16.213,16.136,16.442,25.387,10
2015-06-07 19:01:00,1.6366,3.9646,122.73,14.571,13.229,18.376,0.0941,161.15,15.167,16.356,16.208,16.085,16.36,24.717,10
2015-06-07 19:02:00,1.6361,3.5106,122.79,14.543,13.231,18.352,0.0895399999999999,161.31,14.443,16.401,16.128,16.076,16.34,23.88,10
2015-06-07 19:03:00,1.6344,2.6911,122.78,14.494,13.23,18.321,0.0815,160.79,13.099,16.388,16.112,16.037,16.28,22.904,10
2015-06-07 19:04:00,1.6397,1.9048,122.76,14.502,13.23,18.288,0.07273,161.64,11.759,16.363,16.065,16.018,16.263,22.458,10
2015-06-07 19:05:00,1.6441,1.1629,122.67,14.518,13.23,18.273,0.0645099999999999,160.99,10.373,16.37,16.046,15.995,16.212,21.23,10
2015-06-07 19:06:00,1.6403,0.1439699999999999,122.78,14.525,13.23,18.241,0.06396,160.95,10.301,16.389,16.037,15.938,16.136,20.031,10
2015-06-07 19:07:00,1.6436,-1.1075,122.82,14.538,13.233,18.211,0.0506199999999999,161.28,8.166,16.38,15.925,15.934,16.157,18.775,10
2015-06-07 19:08:00,1.646,-2.226,122.76,14.532,13.232,18.185,0.04075,161.29,6.5644,16.414,15.882,15.901,16.116,17.157,10
2015-06-07 19:09:00,1.6097,-2.0488,122.81,14.531,13.229,18.162,0.02065,165.6,3.3495,16.429,15.846,15.862,16.055,15.511,10
2015-06-07 19:10:00,1.5504,-0.0442999999999999,122.77,14.503,13.231,18.127,0.01371,174.84,2.3964,16.408,15.791,15.772,15.973,13.754,10
2015-06-07 19:11:00,1.551,-0.0442999999999999,122.76,14.507,13.234,18.104,0.0177299999999999,164.87,2.9148,16.378,15.73,15.717,15.903,12.303,10
2015-06-07 19:12:00,1.551,-0.0664499999999999,122.76,14.544,13.233,18.081,0.01974,153.3,3.0218,16.359,15.655,15.67,15.852,10.796,10
2015-06-07 19:13:00,1.5505,-0.07753,122.74,14.617,13.233,18.062,0.01754,142.19,2.497,16.289,15.629,15.63,15.812,9.7085,10
2015-06-07 19:14:00,1.551,0.0,122.79,14.715,13.235,18.039,0.01444,128.53,1.8408,16.176,15.543,15.584,15.764,8.676299999999998,10
2015-06-07 19:15:00,1.5508,-0.03323,122.82,14.759,13.234,18.01,0.0168099999999999,114.19,1.9167,16.126,15.454,15.507,15.707,7.9231,10
2015-06-07 19:16:00,1.5494,-0.11075,122.75,14.75,13.233,17.988,0.0151699999999999,96.694,1.4659,16.109,15.417,15.436,15.624,6.612,10
2015-06-07 19:17:00,1.5505,-0.0664499999999999,122.68,14.746,13.236,17.972,0.01718,77.902,1.3538,16.091,15.322,15.358,15.553,6.0262,10
2015-06-07 19:18:00,1.5513,-0.0442999999999999,122.7,14.744,13.237,17.945,0.0122399999999999,66.686,0.8516599999999999,16.065,15.287,15.262,15.443,5.5798,10
2015-06-07 19:19:00,1.5494,-0.0885999999999999,122.75,14.733,13.237,17.927,0.01827,57.072,1.0287,16.012,15.182,15.209,15.401,5.0497,10
2015-06-07 19:20:00,1.5511,-0.02215,122.79,14.704,13.236,17.909,0.0159,51.539,0.8237999999999999,15.971,15.107,15.118,15.307,4.0454,10
2015-06-07 19:21:00,1.55,-0.07753,122.84,14.649,13.238,17.901,0.0146199999999999,47.15,0.6924599999999999,15.885,15.063,15.061,15.255,3.9617,10
2015-06-07 19:22:00,1.5514,-0.02215,122.83,14.625,13.239,17.872,0.0217499999999999,42.309,0.91922,15.842,14.945,14.958,15.166,3.3478,10
2015-06-07 19:23:00,1.5516,-0.01108,122.77,14.618,13.238,17.849,0.00694,39.193,0.2579799999999999,15.83,14.821,14.889,15.092,2.9015,10
2015-06-07 19:24:00,1.5502,-0.0553799999999999,122.7,14.626,13.238,17.822,0.01846,34.193,0.6319599999999999,15.818,14.797,14.77,14.929,2.1482,10
2015-06-07 19:25:00,1.5511,-0.02215,122.73,14.645,13.239,17.812,0.00457,32.127,0.15018,15.79,14.677,14.732,14.942,2.0087,10
2015-06-07 19:26:00,1.5511,-0.0553799999999999,122.71,14.69,13.239,17.79,0.0122399999999999,29.734,0.3672,15.755,14.603,14.665,14.854,2.0087,10
2015-06-07 19:27:00,1.5502,-0.0553799999999999,122.7,14.73,13.241,17.768,0.00914,28.636,0.25935,15.73,14.6,14.567,14.728,2.0087,10
2015-06-07 19:28:00,1.5511,-0.03323,122.67,14.764,13.242,17.749,0.0094999999999999,27.765,0.26749,15.691,14.447,14.524,14.706,2.0088,10
2015-06-07 19:29:00,1.5505,-0.07753,122.64,14.778,13.241,17.726,0.0117,27.415,0.31913,15.619,14.41,14.444,14.638,1.9809,10
2015-06-07 19:30:00,1.5508,-0.0664499999999999,122.64,14.765,13.243,17.72,0.01133,25.601,0.29675,15.58,14.335,14.387,14.582,1.7298,10
2015-06-07 19:31:00,1.5511,0.01108,122.62,14.738,13.243,17.701,0.0082199999999999,22.336,0.1839699999999999,15.567,14.233,14.288,14.482,1.3671,10
2015-06-07 19:32:00,1.5506,-0.0664499999999999,122.61,14.68,13.243,17.678,0.00713,18.442,0.13299,15.566,14.13,14.213,14.376,0.64171,10
2015-06-07 19:33:00,1.5503,-0.0442999999999999,122.56,14.598,13.243,17.665,0.00694,16.703,0.11518,15.561,14.101,14.097,14.256,0.0,10
2015-06-07 19:34:00,1.5497,-0.1218299999999999,122.56,14.538,13.243,17.638,0.0031099999999999,13.81,0.04075,15.56,13.865,14.039,14.235,-0.2790099999999999,10
2015-06-07 19:35:00,1.5517,-0.0553799999999999,122.55,14.484,13.243,17.615,0.0014599999999999,11.456,0.01302,15.569,13.902,13.932,14.032,-1.1719,10
2015-06-07 19:36:00,1.5508,-0.01108,122.57,14.429,13.244,17.607,0.00512,11.243,0.05893,15.542,13.753,13.861,14.0,-1.5067,10
2015-06-07 19:37:00,1.5506,0.0,122.61,14.365,13.244,17.588,-0.00402,8.8717,-0.0311099999999999,15.509,13.714,13.781,13.86,-1.8973,10
2015-06-07 19:38:00,1.5517,-0.01108,122.59,14.313,13.244,17.569,0.00128,9.2389,0.01133,15.477,13.614,13.718,13.807,-2.0089,10
2015-06-07 19:39:00,1.55,-0.0442999999999999,122.55,14.264,13.244,17.548,-0.00402,8.902699999999998,-0.03518,15.471,13.61,13.621,13.648,-1.8694,10
2015-06-07 19:40:00,1.55,-0.11076,122.51,14.214,13.246,17.538,-0.00402,10.124,-0.04428,15.469,13.423,13.594,13.713,-1.9531,10
2015-06-07 19:41:00,1.5517,-0.01108,122.5,14.156,13.245,17.515,0.0053,9.0133,0.04657,15.46,13.426,13.53,13.564,-1.9532,10
2015-06-07 19:42:00,1.5503,-0.01108,122.44,14.098,13.245,17.501,0.00512,9.2832,0.03984,15.447,13.323,13.438,13.533,-1.9811,10
2015-06-07 19:43:00,1.5498,-0.06646,122.39,14.05,13.245,17.491,-0.0014599999999999,8.1463,-0.01519,15.442,13.353,13.404,13.434,-2.009,10
2015-06-07 19:44:00,1.5512,-0.02215,122.43,14.035,13.247,17.465,-0.00238,6.4649,-0.0109999999999999,15.412,13.292,13.334,13.359,-2.009,10
2015-06-07 19:45:00,1.5509,-0.04431,122.46,14.032,13.249,17.448,-0.00493,5.4117,-0.02912,15.382,13.203,13.308,13.345,-2.009,10
2015-06-07 19:46:00,1.5506,-0.06646,122.41,14.038,13.246,17.438,-0.00914,5.7657,-0.04748,15.378,13.191,13.295,13.365,-2.009,10
2015-06-07 19:47:00,1.552,0.02215,122.47,14.051,13.249,17.415,-0.0054799999999999,3.8807,-0.0196099999999999,15.356,13.221,13.259,13.316,-2.009,10
2015-06-07 19:48:00,1.5498,-0.02215,122.42,14.071,13.25,17.393,-0.00238,3.2081,-0.0041099999999999,15.328,13.178,13.216,13.299,-2.0648,10
2015-06-07 19:49:00,1.5509,-0.0553799999999999,122.45,14.084,13.248,17.373,-0.00128,3.5091,-0.0104899999999999,15.29,13.16,13.196,13.316,-2.1764,10
2015-06-07 19:50:00,1.5507,0.01108,122.46,14.115,13.249,17.356,-0.00018,2.956,0.0009899999999999,15.259,13.172,13.182,13.326,-2.316,10
2015-06-07 19:51:00,1.5501,-0.04431,122.48,14.157,13.25,17.337,-0.00786,1.8762,-0.01485,15.208,13.146,13.174,13.331,-2.4834,10
2015-06-07 19:52:00,1.5509,-0.03323,122.39,14.186,13.25,17.325,0.0041999999999999,1.9824,0.0183299999999999,15.176,13.147,13.168,13.336,-2.3996,10
2015-06-07 19:53:00,1.5507,-0.04431,122.43,14.196,13.251,17.308,0.0003699999999999,1.1461,0.00694,15.127,13.114,13.151,13.322,-2.4554,10
2015-06-07 19:54:00,1.5498,0.0,122.35,14.19,13.251,17.285,-0.0043899999999999,0.25223,0.00319,15.086,13.097,13.131,13.298,-2.4275,10
2015-06-07 19:55:00,1.5501,-0.02215,122.42,14.202,13.252,17.265,0.0011,0.5487199999999999,-0.0044099999999999,15.029,13.049,13.114,13.315,-2.5392,10
2015-06-07 19:56:00,1.5502,-0.0775399999999999,122.35,14.217,13.252,17.246,0.0003699999999999,0.42481,-0.00173,14.97,13.02,13.093,13.297,-2.5113,10
2015-06-07 19:57:00,1.5504,-0.01108,122.42,14.262,13.252,17.234,-0.00457,0.2610799999999999,-0.00297,14.91,13.032,13.089,13.291,-2.3439,10
2015-06-07 19:58:00,1.5507,0.0,122.35,14.333,13.252,17.214,-0.00164,-0.2035599999999999,0.005,14.881,12.98,13.073,13.289,-2.4834,10
2015-06-07 19:59:00,1.5499,-0.09969,122.4,14.392,13.253,17.195,-0.00841,0.0,-0.0026099999999999,14.823,12.999,13.043,13.287,-2.3718,10
2015-06-07 20:00:00,1.5516,-0.03323,122.44,14.448,13.254,17.174,0.00091,0.78327,0.0025699999999999,14.786,12.964,12.997,13.298,-2.4276,10
2015-06-07 20:01:00,1.5526,0.01108,122.56,14.497,13.254,17.156,0.00366,-0.08408,0.00068,14.759,12.908,12.965,13.258,-2.1765,10
2015-06-07 20:02:00,1.551,0.01108,122.55,14.499,13.256,17.142,-0.00091,0.73458,0.00415,14.741,12.83,12.934,13.281,-2.2323,10
2015-06-07 20:03:00,1.5518,-0.02215,122.56,14.504,13.255,17.125,-0.00347,0.0575299999999999,-0.00653,14.726,12.811,12.883,13.238,-2.2323,10
2015-06-07 20:04:00,1.5527,-0.01108,122.59,14.487,13.253,17.099,-0.00512,1.1329,-0.00364,14.693,12.749,12.827,13.202,-2.4276,10
2015-06-07 20:05:00,1.5516,-0.02215,122.56,14.458,13.255,17.082,0.00055,-1.1727,-0.00027,14.679,12.623,12.764,13.132,-2.3718,10
2015-06-07 20:06:00,1.5491,-0.03323,122.52,14.422,13.255,17.067,-0.0047499999999999,-0.98684,0.0068799999999999,14.666,12.675,12.717,13.057,-2.1486,10
2015-06-07 20:07:00,1.5491,-0.12185,122.5,14.404,13.256,17.047,-0.00183,-0.3496,0.00062,14.606,12.699,12.719,13.057,-2.0928,10
2015-06-07 20:08:00,1.5505,-0.06646,122.5,14.405,13.258,17.022,-0.00585,0.15931,-0.00115,14.566,12.648,12.677,13.044,-2.1486,10
2015-06-07 20:09:00,1.551,-0.06646,122.58,14.397,13.258,17.001,-0.0065799999999999,0.4602299999999999,-0.0027499999999999,14.547,12.586,12.645,13.009,-2.316,10
2015-06-07 20:10:00,1.5519,-0.03323,122.59,14.378,13.258,16.99,-0.00493,0.94261,-0.00218,14.532,12.59,12.662,13.035,-2.6229,10
2015-06-07 20:11:00,1.5513,-0.01108,122.56,14.348,13.259,16.969,-0.00238,-0.3761599999999999,0.00519,14.497,12.478,12.641,13.037,-2.6508,10
2015-06-07 20:12:00,1.5511,-0.03323,122.61,14.341,13.258,16.948,0.0029199999999999,-0.30092,-0.00336,14.479,12.534,12.597,12.99,-2.9299,10
2015-06-07 20:13:00,1.5494,-0.01108,122.59,14.35,13.259,16.931,0.00018,0.0354,0.00379,14.451,12.496,12.626,13.064,-2.9299,10
2015-06-07 20:14:00,1.5494,-0.0996999999999999,122.61,14.354,13.26,16.902,-0.0047499999999999,-0.1681699999999999,0.00369,14.417,12.592,12.603,12.984,-3.0136,10
2015-06-07 20:15:00,1.5505,-0.03323,122.67,14.382,13.261,16.887,0.0007299999999999,0.17702,0.0004099999999999,14.37,12.513,12.648,13.078,-2.9857,10
2015-06-07 20:16:00,1.55,0.01108,122.76,14.365,13.261,16.872,-0.00183,-0.6947999999999999,0.0016299999999999,14.357,12.53,12.645,13.031,-3.0973,10
2015-06-07 20:17:00,1.55,-0.04431,122.79,14.379,13.262,16.849,-0.0049399999999999,-0.0044299999999999,0.00119,14.304,12.509,12.629,13.056,-2.902,10
2015-06-07 20:18:00,1.5511,0.03323,122.76,14.387,13.263,16.829,-0.00512,0.2434,0.00075,14.272,12.506,12.6,13.035,-2.5392,10
2015-06-07 20:19:00,1.5508,-0.0221599999999999,122.73,14.38,13.263,16.81,-0.01078,0.2832299999999999,-0.0038899999999999,14.249,12.535,12.602,13.004,-2.2323,10
2015-06-07 20:20:00,1.5503,-0.06647,122.7,14.383,13.26,16.8,-0.0029199999999999,-0.2478299999999999,-0.00222,14.236,12.481,12.624,13.063,-2.1486,10
2015-06-07 20:21:00,1.5514,0.0221599999999999,122.76,14.388,13.263,16.774,-0.00402,0.39387,-0.0024599999999999,14.19,12.623,12.618,13.044,-2.1486,10
2015-06-07 20:22:00,1.5508,-0.0775399999999999,122.75,14.402,13.263,16.76,-0.00201,-0.63727,0.00124,14.159,12.539,12.684,13.12,-2.0927,10
2015-06-07 20:23:00,1.5508,0.03323,122.75,14.402,13.264,16.732,-0.0047499999999999,0.13719,-0.00513,14.12,12.619,12.676,13.083,-2.0369,10
2015-06-07 20:24:00,1.5506,-0.06647,122.75,14.405,13.263,16.719,-0.00238,-0.1504699999999999,0.00396,14.076,12.573,12.703,13.14,-2.0091,10
2015-06-07 20:25:00,1.5497,-0.08862,122.67,14.383,13.265,16.704,-0.00256,0.4646799999999999,-0.0033,14.05,12.692,12.691,13.137,-2.0091,10
2015-06-07 20:26:00,1.5508,-0.04431,122.74,14.389,13.266,16.681,-0.0054799999999999,-0.11064,0.0022,14.017,12.653,12.75,13.173,-2.0091,10
2015-06-07 20:27:00,1.5511,-0.01108,122.77,14.384,13.265,16.658,0.0014599999999999,0.96477,0.00167,13.986,12.648,12.765,13.211,-2.0091,10
2015-06-07 20:28:00,1.5519,0.0,122.83,14.341,13.265,16.637,-0.01042,-0.1903,0.00627,13.969,12.65,12.728,13.144,-2.0091,10
2015-06-07 20:29:00,1.5508,-0.03323,122.79,14.319,13.267,16.624,-0.0041999999999999,-0.35404,0.0045399999999999,13.953,12.651,12.751,13.166,-2.0091,10
2015-06-07 20:30:00,1.5508,0.01108,122.79,14.277,13.265,16.605,-0.0014599999999999,1.0489,-0.00425,13.918,12.63,12.765,13.191,-2.0091,10
2015-06-07 20:31:00,1.5528,0.0,122.79,14.231,13.267,16.588,-0.0007299999999999,0.90281,-0.00304,13.903,12.65,12.699,13.097,-2.0091,10
2015-06-07 20:32:00,1.5517,0.01108,122.78,14.186,13.266,16.574,0.00329,1.1728,0.00379,13.88,12.62,12.697,13.092,-2.0091,10
2015-06-07 20:33:00,1.5528,0.0221599999999999,122.78,14.172,13.268,16.546,-0.0064,0.99133,-0.00338,13.859,12.61,12.67,13.047,-2.0091,10
2015-06-07 20:34:00,1.5514,-0.05539,122.75,14.159,13.268,16.533,-0.0053,0.2079999999999999,0.00289,13.849,12.63,12.63,12.969,-2.0091,10
2015-06-07 20:35:00,1.5517,-0.0221599999999999,122.79,14.134,13.269,16.514,-0.0054799999999999,0.3629,0.00185,13.829,12.589,12.598,12.926,-2.0928,10
2015-06-07 20:36:00,1.5514,0.0221599999999999,122.81,14.101,13.269,16.497,-0.0011,0.7833299999999999,-0.00132,13.799,12.477,12.586,12.939,-2.0091,10
2015-06-07 20:37:00,1.5506,-0.05539,122.77,14.081,13.27,16.476,-0.0047499999999999,-0.3850299999999999,0.00302,13.764,12.399,12.585,12.94,-2.0091,10
2015-06-07 20:38:00,1.5517,0.04431,122.74,14.064,13.27,16.463,-0.0065799999999999,-0.14604,-0.00594,13.759,12.435,12.512,12.841,-2.0091,10
2015-06-07 20:39:00,1.5509,-0.04431,122.76,14.052,13.271,16.444,-0.01097,-0.6372799999999998,0.00506,13.747,12.403,12.483,12.798,-2.0091,10
2015-06-07 20:40:00,1.5511,-0.03323,122.71,14.041,13.272,16.425,0.00018,0.23898,0.00265,13.726,12.318,12.458,12.788,-2.0091,10
2015-06-07 20:41:00,1.552,0.0,122.71,14.014,13.271,16.415,-0.0003699999999999,-0.0177,-0.00402,13.727,12.24,12.438,12.732,-2.0091,10
2015-06-07 20:42:00,1.5509,-0.01108,122.77,13.996,13.271,16.396,0.0011,-0.0044299999999999,-0.00387,13.71,12.219,12.394,12.668,-2.0091,10
2015-06-07 20:43:00,1.5503,-0.06647,122.74,13.962,13.271,16.374,-0.0053,-0.04868,0.0022699999999999,13.692,12.187,12.318,12.582,-2.0091,10
2015-06-07 20:44:00,1.5517,-0.01108,122.78,13.972,13.271,16.355,-0.0003699999999999,-0.23898,-0.0002,13.663,12.161,12.325,12.587,-2.0091,10
2015-06-07 20:45:00,1.5498,-0.05539,122.75,14.008,13.271,16.341,-0.00512,-0.84086,0.00408,13.654,12.127,12.329,12.555,-2.0091,10
2015-06-07 20:46:00,1.5503,-0.04431,122.8,14.043,13.272,16.324,-0.00841,0.5797499999999999,-0.00097,13.624,12.07,12.315,12.615,-2.0091,10
2015-06-07 20:47:00,1.5509,0.01108,122.82,14.03,13.272,16.302,-0.0053,-0.2345599999999999,-0.0046499999999999,13.613,12.058,12.242,12.461,-2.0091,10
2015-06-07 20:48:00,1.5503,0.03323,122.83,13.843,13.273,16.285,-0.0073099999999999,-0.61958,0.0091599999999999,13.581,11.962,12.152,12.371,-2.0091,10
2015-06-07 20:49:00,1.5514,-0.04431,122.84,13.599,13.273,16.268,-0.01188,0.77448,-0.01042,13.546,11.947,12.091,12.337,-2.0091,10
2015-06-07 20:50:00,1.55,-0.04431,122.83,13.49,13.274,16.258,-0.0003699999999999,-0.3805999999999999,0.0012899999999999,13.521,11.95,12.075,12.3,-2.009,10
2015-06-07 20:51:00,1.5514,-0.01108,122.91,13.468,13.275,16.239,-0.00329,-0.49567,-0.0005,13.498,11.867,12.083,12.3,-2.009,10
2015-06-07 20:52:00,1.5492,-0.04431,122.89,13.487,13.275,16.219,-0.00402,0.50894,0.00281,13.477,11.884,12.058,12.276,-2.009,10
2015-06-07 20:53:00,1.5489,-0.05539,122.86,13.493,13.274,16.2,-0.00055,-0.06196,-0.0045199999999999,13.454,11.827,12.076,12.271,-2.037,10
2015-06-07 20:54:00,1.5503,0.06647,122.86,13.508,13.275,16.179,-0.00091,-1.3011,0.00216,13.438,11.845,11.989,12.165,-2.037,10
2015-06-07 20:55:00,1.5511,-0.04431,122.81,13.499,13.274,16.16,-0.00183,-0.73465,0.0011199999999999,13.403,11.751,11.947,12.184,-2.3161,10
2015-06-07 20:56:00,1.55,0.03323,122.79,13.499,13.276,16.151,-0.00914,-1.1197,0.01348,13.409,11.79,11.908,12.098,-2.3161,10
2015-06-07 20:57:00,1.5498,-0.0775399999999999,122.7,13.508,13.275,16.13,-0.00585,0.10179,0.0008599999999999,13.374,11.745,11.851,12.108,-2.1486,10
2015-06-07 20:58:00,1.5509,-0.03323,122.79,13.496,13.278,16.109,-0.01225,-0.2434099999999999,0.0024599999999999,13.353,11.663,11.85,12.116,-2.0928,10
2015-06-07 20:59:00,1.5498,-0.03323,122.8,13.528,13.277,16.094,-0.0049399999999999,-0.18145,-0.0024299999999999,13.331,11.693,11.834,12.121,-2.0091,10
2015-06-07 21:00:00,1.5509,0.0221599999999999,122.82,13.576,13.28,16.075,-0.0011,-0.1681699999999999,0.0012999999999999,13.314,11.734,11.859,12.12,-2.0091,10
2015-06-07 21:01:00,1.5517,0.01108,122.84,13.604,13.28,16.06,-0.00457,0.08851,0.00095,13.296,11.74,11.858,12.141,-2.0091,10
2015-06-07 21:02:00,1.5511,0.05539,122.83,13.602,13.281,16.043,-0.00183,0.0575299999999999,0.0005199999999999,13.274,11.698,11.87,12.13,-2.0091,10
2015-06-07 21:03:00,1.5525,0.05539,122.85,13.588,13.278,16.028,-0.0069499999999999,0.90282,-0.01047,13.266,11.765,11.878,12.11,-2.0091,10
2015-06-07 21:04:00,1.55,-0.0221599999999999,122.82,13.556,13.279,16.002,-0.00329,-1.009,0.0060699999999999,13.25,11.814,11.841,12.026,-2.0091,10
2015-06-07 21:05:00,1.5506,-0.01108,122.84,13.537,13.28,15.992,-0.00402,0.1858799999999999,-0.0014599999999999,13.233,11.767,11.909,12.106,-2.0091,10
2015-06-07 21:06:00,1.5517,0.01108,122.9,13.526,13.282,15.97,-0.00841,0.5886099999999999,-0.0039699999999999,13.198,11.795,11.871,12.099,-2.0091,10
2015-06-07 21:07:00,1.5498,-0.04431,122.86,13.553,13.281,15.953,-0.00238,-0.10179,-0.00033,13.176,11.749,11.921,12.191,-2.0091,10
2015-06-07 21:08:00,1.5511,-0.04431,122.88,13.573,13.281,15.932,-0.00256,0.2566899999999999,0.0026099999999999,13.164,11.798,11.886,12.186,-2.0092,10
2015-06-07 21:09:00,1.55,-0.0221599999999999,122.91,13.573,13.281,15.913,-0.01389,-0.26111,0.00182,13.158,11.881,11.877,12.132,-2.0092,10
2015-06-07 21:10:00,1.5506,-0.03323,122.82,13.593,13.283,15.9,0.00256,0.00885,0.00287,13.145,11.83,11.934,12.249,-2.0092,10
2015-06-07 21:11:00,1.5503,-0.01108,122.85,13.575,13.282,15.879,-0.00165,0.5708999999999999,-0.0064,13.127,11.848,11.933,12.253,-2.0092,10
2015-06-07 21:12:00,1.55,-0.05539,122.88,13.532,13.283,15.864,-0.00329,0.1549,-0.00123,13.121,11.772,11.948,12.296,-2.0092,10
2015-06-07 21:13:00,1.5514,-0.06647,122.94,13.498,13.283,15.855,-0.00713,0.14162,-0.00398,13.123,11.862,11.937,12.276,-2.0092,10
2015-06-07 21:14:00,1.5509,-0.05539,122.95,13.497,13.283,15.827,-0.0029199999999999,-0.0354,0.0006099999999999,13.105,11.91,11.932,12.278,-2.0091,10
2015-06-07 21:15:00,1.5503,-0.04431,122.95,13.491,13.283,15.812,-0.00987,0.0398299999999999,-0.00364,13.099,11.866,11.967,12.329,-2.0091,10
2015-06-07 21:16:00,1.55,-0.05539,122.96,13.471,13.285,15.791,-0.0043899999999999,-0.13719,0.00265,13.09,11.826,11.936,12.287,-2.0091,10
2015-06-07 21:17:00,1.5517,0.04431,123.01,13.414,13.285,15.782,-0.0089599999999999,0.0929399999999999,0.0012899999999999,13.094,11.863,11.912,12.226,-2.0091,10
2015-06-07 21:18:00,1.5514,-0.0221599999999999,122.99,13.363,13.284,15.761,-0.01499,0.0840899999999999,0.0004299999999999,13.071,11.836,11.88,12.184,-2.037,10
2015-06-07 21:19:00,1.5503,-0.01108,123.02,13.313,13.287,15.744,-0.00804,-0.7789099999999999,0.0121099999999999,13.067,11.836,11.842,12.103,-2.1207,10
2015-06-07 21:20:00,1.5506,-0.0221599999999999,122.99,13.257,13.286,15.723,-0.00347,0.2257099999999999,0.003,13.049,11.831,11.812,12.063,-2.1486,10
2015-06-07 21:21:00,1.5525,-0.05539,123.03,13.22,13.286,15.708,-0.01024,0.49567,-0.00285,13.048,11.797,11.776,11.997,-2.1486,10
2015-06-07 21:22:00,1.552,0.04431,123.07,13.199,13.287,15.699,-0.00238,1.1241,-0.0037499999999999,13.026,11.68,11.807,12.028,-2.0649,10
2015-06-07 21:23:00,1.5511,-0.04431,123.05,13.193,13.285,15.678,-0.0041999999999999,0.1593199999999999,0.00247,13.005,11.594,11.809,12.06,-2.0371,10
2015-06-07 21:24:00,1.5506,-0.0221599999999999,123.07,13.246,13.287,15.667,-0.00128,-1.0533,0.00117,12.995,11.614,11.811,12.0,-2.0091,10
2015-06-07 21:25:00,1.5511,-0.03323,123.09,13.331,13.288,15.641,-0.0056699999999999,0.0929399999999999,-0.00199,12.968,11.586,11.815,12.051,-2.0091,10
2015-06-07 21:26:00,1.5525,0.0221599999999999,123.12,13.401,13.288,15.631,-0.0041999999999999,0.0840899999999999,-0.00143,12.961,11.625,11.777,12.034,-2.0091,10
2015-06-07 21:27:00,1.552,-0.03323,123.15,13.392,13.287,15.611,-0.00786,-0.7523499999999999,0.004,12.946,11.595,11.791,12.032,-2.0091,10
2015-06-07 21:28:00,1.5522,0.0,123.1,13.36,13.288,15.594,-0.0106,0.31422,-0.00116,12.919,11.572,11.766,12.041,-2.0091,10
2015-06-07 21:29:00,1.5506,0.0221599999999999,123.11,13.33,13.29,15.575,-0.0089599999999999,-0.2832399999999999,-0.0008499999999999,12.908,11.599,11.731,11.973,-2.0091,10
2015-06-07 21:30:00,1.5517,-0.03323,123.07,13.262,13.29,15.56,-0.0047499999999999,-0.0708099999999999,-0.00444,12.886,11.499,11.723,11.963,-1.9812,10
2015-06-07 21:31:00,1.5517,-0.04431,123.06,13.101,13.29,15.541,-0.00749,0.2478299999999999,-0.00109,12.865,11.559,11.642,11.825,-2.0091,10
2015-06-07 21:32:00,1.5517,0.03323,123.13,12.98,13.29,15.534,-0.0065799999999999,-0.27881,-0.00072,12.844,11.474,11.623,11.829,-2.0091,10
2015-06-07 21:33:00,1.552,0.01108,123.08,12.916,13.29,15.512,-0.0069499999999999,1.1993,-0.01013,12.805,11.439,11.579,11.826,-2.0091,10
2015-06-07 21:34:00,1.5511,-0.04431,123.13,12.887,13.29,15.497,-0.00585,0.13719,-0.0001499999999999,12.793,11.438,11.534,11.728,-2.0091,10
2015-06-07 21:35:00,1.5514,-0.05539,123.13,12.862,13.291,15.482,-0.0053,-0.03098,-0.00234,12.769,11.354,11.508,11.715,-2.0091,10
2015-06-07 21:36:00,1.5514,-0.01108,123.18,12.853,13.29,15.455,-0.0082299999999999,0.3629,-0.0017099999999999,12.736,11.344,11.494,11.701,-2.0091,10
2015-06-07 21:37:00,1.5511,-0.01108,122.85,12.852,13.29,15.444,-0.00457,-0.2699599999999999,0.0040699999999999,12.723,11.335,11.502,11.706,-2.0092,10
2015-06-07 21:38:00,1.5511,0.0,122.42,12.859,13.292,15.429,-0.0133399999999999,0.0044299999999999,0.00046,12.711,11.335,11.494,11.663,-2.0092,10
2015-06-07 21:39:00,1.5503,-0.01108,122.46,12.914,13.292,15.418,-0.0053,-0.31422,0.0046899999999999,12.695,11.401,11.511,11.658,-2.0092,10
2015-06-07 21:40:00,1.5514,0.0,122.52,13.019,13.291,15.396,-0.00219,0.14162,0.00149,12.672,11.43,11.539,11.732,-1.9533,10
2015-06-07 21:41:00,1.5509,-0.05539,122.48,13.067,13.293,15.384,-0.0073099999999999,0.07524,0.0002999999999999,12.664,11.383,11.49,11.648,-1.8417,10
2015-06-07 21:42:00,1.5509,-0.01108,122.43,13.059,13.294,15.364,-0.0117,-0.0663799999999999,0.00562,12.638,11.341,11.469,11.686,-1.8417,10
2015-06-07 21:43:00,1.5514,-0.04431,122.42,13.064,13.293,15.36,-0.00621,-0.1858799999999999,-0.0024299999999999,12.63,11.326,11.479,11.678,-2.0091,10
2015-06-07 21:44:00,1.5514,-0.0221599999999999,122.5,13.074,13.292,15.338,-0.0041999999999999,0.11064,0.0051599999999999,12.613,11.311,11.441,11.619,-2.0091,10
2015-06-07 21:45:00,1.5509,-0.04431,122.5,13.059,13.293,15.317,-0.0082299999999999,-0.02213,0.0007399999999999,12.596,11.297,11.432,11.592,-1.8138,10
2015-06-07 21:46:00,1.5503,-0.05539,122.52,13.078,13.294,15.304,-0.00219,-0.11949,-0.00538,12.586,11.291,11.44,11.612,-1.786,10
2015-06-07 21:47:00,1.5517,-0.03323,122.54,13.111,13.293,15.278,-0.00329,-0.26111,-0.0037699999999999,12.555,11.206,11.42,11.619,-1.7302,10
2015-06-07 21:48:00,1.552,-0.03323,122.59,13.101,13.293,15.272,-0.0049399999999999,-0.1681699999999999,-0.0012199999999999,12.557,11.197,11.35,11.533,-1.5906,10
2015-06-07 21:49:00,1.5514,-0.05539,122.59,13.034,13.295,15.259,-0.0056699999999999,-0.04426,-0.0017899999999999,12.536,11.227,11.329,11.517,-1.8976,10
2015-06-07 21:50:00,1.5522,0.0221599999999999,122.59,13.011,13.295,15.239,-0.00512,0.3053699999999999,-0.0069899999999999,12.512,11.186,11.324,11.507,-1.786,10
2015-06-07 21:51:00,1.5514,0.0,122.62,12.936,13.296,15.22,-0.00347,-0.2478299999999999,0.0017899999999999,12.487,11.097,11.209,11.389,-1.786,10
2015-06-07 21:52:00,1.5511,-0.0996999999999999,122.58,12.859,13.296,15.205,-0.00366,0.23898,-0.00152,12.465,11.098,11.149,11.322,-1.8418,10
2015-06-07 21:53:00,1.552,-0.06647,122.6,12.793,13.296,15.183,-0.00932,-0.2168499999999999,0.00149,12.432,11.043,11.138,11.296,-2.0092,10
2015-06-07 21:54:00,1.5517,-0.03323,122.65,12.718,13.297,15.174,-0.00621,-0.82759,0.00282,12.416,10.97,11.153,11.326,-2.0092,10
2015-06-07 21:55:00,1.5522,0.06647,122.68,12.634,13.297,15.161,-0.0056699999999999,-1.1993,0.01156,12.393,10.936,11.12,11.29,-2.0092,10
2015-06-07 21:56:00,1.5533,0.0221599999999999,122.69,12.564,13.297,15.146,-0.01042,-0.96478,0.00979,12.364,10.883,11.106,11.303,-2.0092,10
2015-06-07 21:57:00,1.5514,-0.04431,122.72,12.54,13.299,15.129,-0.01316,0.5178,-0.01141,12.333,10.868,11.097,11.325,-2.0092,10
2015-06-07 21:58:00,1.552,0.03323,122.76,12.531,13.298,15.11,-0.00585,-0.65942,0.00628,12.323,10.914,11.006,11.195,-2.0093,10
2015-06-07 21:59:00,1.5539,0.0221599999999999,122.76,12.532,13.298,15.094,-0.0047499999999999,0.84087,-0.0027,12.301,10.944,11.018,11.213,-2.0093,10
2015-06-07 22:00:00,1.5517,0.03323,122.79,12.553,13.299,15.075,-0.0029199999999999,-0.2832399999999999,-0.00102,12.275,10.884,11.034,11.22,-2.0093,10
2015-06-07 22:01:00,1.552,-0.03323,122.78,12.555,13.299,15.069,-0.0047499999999999,0.27439,0.00062,12.271,10.957,11.011,11.218,-2.0093,10
2015-06-07 22:02:00,1.552,-0.03323,122.76,12.584,13.301,15.049,-0.00201,0.30979,0.00496,12.248,10.951,11.018,11.227,-2.0093,10
2015-06-07 22:03:00,1.552,0.0,122.81,12.629,13.299,15.03,-0.00219,-0.3452,-0.0022,12.235,10.976,11.001,11.2,-2.0093,10
2015-06-07 22:04:00,1.5517,-0.08862,122.78,12.679,13.299,15.015,-0.0106,-0.04426,0.0011199999999999,12.21,10.935,11.021,11.231,-2.0093,10
2015-06-07 22:05:00,1.5514,-0.08862,122.81,12.721,13.301,15.004,-0.00402,-0.28766,0.00331,12.198,10.839,11.005,11.249,-2.0093,10
2015-06-07 22:06:00,1.5517,0.0,122.85,12.761,13.302,14.997,-0.0049399999999999,-0.95593,0.0074599999999999,12.197,10.972,11.018,11.18,-2.0093,10
2015-06-07 22:07:00,1.5498,-0.11078,122.82,12.798,13.302,14.976,-0.01316,-0.6018799999999999,0.0067,12.181,11.032,10.979,11.113,-2.0093,10
2015-06-07 22:08:00,1.5522,-0.12186,122.86,12.838,13.303,14.958,-0.01078,-0.08851,0.00058,12.156,10.994,11.003,11.176,-2.0093,10
2015-06-07 22:09:00,1.5525,-0.06647,122.91,12.899,13.302,14.941,-0.0065799999999999,0.2699599999999999,-0.002,12.149,10.982,11.03,11.196,-2.0093,10
2015-06-07 22:10:00,1.552,-0.03323,122.92,12.918,13.303,14.919,-0.01078,0.5354999999999999,-0.0086899999999999,12.136,10.926,11.023,11.189,-2.0093,10
2015-06-07 22:11:00,1.5531,-0.04431,122.91,12.938,13.303,14.915,-0.0049399999999999,0.3275,-0.00316,12.141,10.999,10.99,11.2,-2.0093,10
2015-06-07 22:12:00,1.5522,-0.05539,122.91,12.923,13.302,14.895,-0.01243,-0.0044299999999999,-0.00366,12.134,10.98,10.952,11.125,-2.0094,10
2015-06-07 22:13:00,1.5509,-0.05539,122.93,12.901,13.303,14.874,-0.01005,-0.7611999999999999,0.00713,12.125,10.935,10.921,11.12,-2.0094,10
2015-06-07 22:14:00,1.5528,0.0,123.0,12.86,13.303,14.856,-0.00749,0.8364399999999999,-0.00126,12.095,10.857,10.922,11.146,-2.0094,10
2015-06-07 22:15:00,1.5522,-0.0221599999999999,123.01,12.817,13.303,14.839,-0.00457,-0.5178,0.0027499999999999,12.089,10.778,10.911,11.153,-2.0094,10
2015-06-07 22:16:00,1.5517,0.0221599999999999,123.02,12.793,13.303,14.826,-0.01152,0.28766,-0.0044799999999999,12.07,10.771,10.927,11.19,-2.0094,10
2015-06-07 22:17:00,1.552,-0.04431,123.03,12.8,13.304,14.821,-0.0043899999999999,-0.07524,0.00123,12.069,10.803,10.918,11.185,-2.0094,10
2015-06-07 22:18:00,1.5525,-0.01108,123.07,12.81,13.305,14.798,-0.00402,0.1504699999999999,0.0034099999999999,12.045,10.744,10.948,11.273,-2.0093,10
2015-06-07 22:19:00,1.552,0.01108,123.02,12.81,13.305,14.782,-0.00969,0.1947299999999999,0.0043499999999999,12.035,10.802,10.933,11.236,-2.0093,10
2015-06-07 22:20:00,1.5517,0.0221599999999999,123.06,12.801,13.304,14.772,-0.00457,0.50009,0.00296,12.02,10.783,10.934,11.277,-1.8139,10
2015-06-07 22:21:00,1.5528,-0.0221599999999999,123.07,12.814,13.304,14.748,-0.01078,-0.59303,0.00579,11.999,10.741,10.896,11.234,-1.8419,10
2015-06-07 22:22:00,1.5525,-0.01108,123.12,12.807,13.304,14.735,-0.00219,-0.02655,0.00304,11.986,10.704,10.807,11.177,-1.8419,10
2015-06-07 22:23:00,1.5514,-0.01108,123.12,12.779,13.304,14.715,-0.01298,-0.20358,-0.0062199999999999,11.956,10.682,10.742,11.108,-1.9814,10
2015-06-07 22:24:00,1.5525,-0.0221599999999999,123.13,12.767,13.305,14.711,-0.01078,0.14162,-0.0010399999999999,11.953,10.702,10.765,11.146,-2.0093,10
2015-06-07 22:25:00,1.5528,-0.03323,123.15,12.766,13.305,14.693,-0.01353,-0.12834,0.0001299999999999,11.936,10.731,10.735,11.126,-2.0093,10
2015-06-07 22:26:00,1.5517,-0.04431,123.12,12.727,13.305,14.672,-0.0106,-0.0044299999999999,0.00299,11.909,10.63,10.722,11.106,-2.0093,10
2015-06-07 22:27:00,1.5522,-0.04431,123.16,12.661,13.307,14.659,-0.00969,-0.27881,-0.00538,11.895,10.649,10.693,11.057,-2.0094,10
2015-06-07 22:28:00,1.5525,-0.01108,123.19,12.607,13.305,14.648,-0.0053,0.10621,0.00035,11.887,10.626,10.718,11.084,-2.0094,10
2015-06-07 22:29:00,1.5525,-0.05539,123.22,12.591,13.307,14.634,-0.00457,0.18145,-0.00035,11.873,10.662,10.706,11.081,-2.0094,10
2015-06-07 22:30:00,1.552,-0.06647,122.76,12.625,13.305,14.626,-0.00786,-0.28766,0.0020899999999999,11.874,10.682,10.75,11.136,-2.0093,10
2015-06-07 22:31:00,1.5542,-0.0221599999999999,122.69,12.684,13.308,14.608,-0.0056699999999999,0.97363,-0.00483,11.863,10.712,10.73,11.116,-2.0093,10
2015-06-07 22:32:00,1.5517,-0.0775499999999999,122.64,12.69,13.307,14.598,-0.00621,-0.3673299999999999,0.00159,11.845,10.603,10.757,11.163,-2.0093,10
2015-06-07 22:33:00,1.5528,0.03323,122.7,12.72,13.308,14.58,-0.00585,-0.0398299999999999,0.00367,11.831,10.635,10.791,11.214,-2.0093,10
2015-06-07 22:34:00,1.5509,0.01108,122.7,12.768,13.308,14.56,-0.00384,-0.59303,0.00268,11.831,10.691,10.761,11.174,-1.9814,10
2015-06-07 22:35:00,1.5525,-0.0221599999999999,122.69,12.774,13.307,14.56,-0.00914,-0.04426,5e-05,11.838,10.727,10.781,11.201,-2.0093,10
2015-06-07 22:36:00,1.5525,-0.03323,122.73,12.798,13.309,14.537,-0.01152,0.0575299999999999,-0.0005299999999999,11.825,10.696,10.77,11.173,-2.0093,10
2015-06-07 22:37:00,1.5522,0.0,122.77,12.827,13.309,14.53,-0.00585,-0.02655,0.00596,11.825,10.655,10.741,11.201,-1.9535,10
2015-06-07 22:38:00,1.5536,-0.0775499999999999,122.79,12.855,13.308,14.513,-0.0065799999999999,0.07524,-0.0008599999999999,11.831,10.737,10.772,11.219,-2.0093,10
2015-06-07 22:39:00,1.5533,-0.05539,122.82,12.879,13.307,14.493,-0.00585,-0.23898,-0.0008499999999999,11.826,10.672,10.717,11.22,-1.9814,10
2015-06-07 22:40:00,1.5531,-0.01108,122.82,12.892,13.309,14.484,-0.00621,0.26111,-0.00812,11.825,10.682,10.801,11.285,-2.0094,10
2015-06-07 22:41:00,1.5517,-0.03323,122.83,12.922,13.309,14.471,-0.0041999999999999,-0.14605,-0.0022899999999999,11.833,10.751,10.835,11.31,-1.8977,10
2015-06-07 22:42:00,1.5528,0.03323,122.82,12.964,13.31,14.458,-0.0054799999999999,0.1504699999999999,0.00804,11.83,10.708,10.837,11.361,-1.7303,10
2015-06-07 22:43:00,1.5539,-0.0221599999999999,122.83,13.01,13.309,14.449,-0.0065799999999999,-0.5399199999999998,0.00608,11.832,10.708,10.831,11.324,-1.7303,10
2015-06-07 22:44:00,1.5528,0.0,122.84,13.014,13.31,14.438,-0.0003699999999999,0.11949,-0.0067999999999999,11.831,10.741,10.819,11.356,-1.5908,10
2015-06-07 22:45:00,1.5525,-0.04431,122.85,13.008,13.308,14.427,-0.00621,0.1726,-0.0040899999999999,11.821,10.694,10.805,11.347,-1.7303,10
2015-06-07 22:46:00,1.5525,-0.05539,122.84,13.009,13.308,14.412,-0.01298,-0.2168499999999999,0.0056499999999999,11.819,10.711,10.821,11.343,-1.7861,10
2015-06-07 22:47:00,1.5531,0.0,122.9,13.002,13.309,14.399,-0.00969,-0.0663799999999999,-0.0029399999999999,11.805,10.697,10.842,11.384,-1.814,10
2015-06-07 22:48:00,1.5533,-0.03323,122.9,12.991,13.309,14.382,-0.0073099999999999,0.2478299999999999,0.0022399999999999,11.789,10.714,10.837,11.376,-1.5907,10
2015-06-07 22:49:00,1.5539,-0.01108,122.93,12.956,13.31,14.375,-0.0043899999999999,0.07524,0.00024,11.788,10.709,10.815,11.36,-1.9535,10
2015-06-07 22:50:00,1.5525,0.01108,122.84,12.919,13.31,14.36,-0.01133,-0.31422,0.0067799999999999,11.771,10.693,10.817,11.369,-1.6466,10
2015-06-07 22:51:00,1.5528,-0.0221599999999999,122.84,12.875,13.308,14.36,-0.00841,-0.2832399999999999,-0.00299,11.771,10.686,10.807,11.347,-1.7303,10
2015-06-07 22:52:00,1.5517,-0.01108,122.76,12.856,13.309,14.342,-0.0060299999999999,0.5399199999999998,-0.00192,11.74,10.607,10.865,11.418,-1.7582,10
2015-06-07 22:53:00,1.5531,-0.05539,122.8,12.86,13.311,14.336,-0.01499,-0.4292799999999999,0.00734,11.743,10.685,10.81,11.329,-1.7303,10
2015-06-07 22:54:00,1.5517,-0.05539,122.84,12.858,13.309,14.316,-0.00987,0.0575299999999999,-0.00272,11.718,10.658,10.784,11.349,-1.7303,10
2015-06-07 22:55:00,1.5528,-0.0221599999999999,122.95,12.86,13.31,14.316,-0.01371,0.37618,-0.0035799999999999,11.721,10.734,10.781,11.306,-1.7582,10
2015-06-07 22:56:00,1.5533,-0.11078,122.93,12.868,13.312,14.298,-0.01005,0.07524,-0.00216,11.691,10.708,10.774,11.278,-1.3954,10
2015-06-07 22:57:00,1.5542,-0.01108,122.98,12.874,13.31,14.294,-0.00238,-0.99134,0.00421,11.689,10.647,10.796,11.305,-1.4512,10
2015-06-07 22:58:00,1.5544,-0.04431,122.97,12.893,13.31,14.294,-0.0041999999999999,0.31422,-0.00755,11.681,10.548,10.787,11.385,-1.4512,10
2015-06-07 22:59:00,1.5539,0.0,122.9,12.92,13.313,14.292,-0.00183,-0.5354999999999999,-0.0014499999999999,11.686,10.608,10.749,11.299,-1.4233,10
2015-06-07 23:00:00,1.5528,-0.01108,122.85,12.928,13.311,14.272,-0.0043899999999999,0.9338,-0.0077,11.654,10.524,10.739,11.34,-1.3675,10
2015-06-07 23:01:00,1.552,-0.05539,122.82,12.924,13.313,14.253,-0.00877,0.97806,-0.0078799999999999,11.633,10.503,10.676,11.312,-1.4233,10
2015-06-07 23:02:00,1.5528,0.0,122.74,12.93,13.312,14.25,-0.00914,0.8364399999999999,-0.00702,11.632,10.578,10.73,11.319,-1.4233,10
2015-06-07 23:03:00,1.552,-0.11078,122.47,12.949,13.312,14.246,-0.01188,-1.0135,0.01078,11.647,10.658,10.683,11.15,-1.3954,10
2015-06-07 23:04:00,1.5531,-0.01108,122.51,12.94,13.312,14.229,-0.0060299999999999,0.5399199999999998,-0.0001399999999999,11.614,10.639,10.653,11.198,-1.507,10
2015-06-07 23:05:00,1.5525,-0.05539,122.47,12.97,13.312,14.215,-0.00841,-0.08851,-0.00135,11.596,10.581,10.665,11.22,-1.5349,10
2015-06-07 23:06:00,1.5522,-0.01108,122.53,12.994,13.311,14.206,-0.01005,0.2168499999999999,-0.01043,11.585,10.6,10.667,11.191,-1.6187,10
2015-06-07 23:07:00,1.5525,0.03323,122.54,13.015,13.312,14.206,-0.0064,1.1861,-0.0066,11.573,10.606,10.686,11.203,-1.6466,10
2015-06-07 23:08:00,1.5542,-0.0775499999999999,122.51,13.015,13.315,14.2,-0.00329,-0.3540499999999999,0.0060299999999999,11.569,10.539,10.704,11.21,-1.507,10
2015-06-07 23:09:00,1.5514,-0.04431,122.49,13.0,13.311,14.183,-0.0056699999999999,-0.9338,0.0058999999999999,11.56,10.671,10.725,11.102,-1.8698,10
2015-06-07 23:10:00,1.5536,-0.11078,122.47,12.977,13.315,14.183,-0.00786,0.02213,-0.00096,11.544,10.585,10.728,11.172,-1.7861,10
2015-06-07 23:11:00,1.5522,-0.0775499999999999,122.49,12.949,13.312,14.169,-0.00621,-0.6549899999999999,0.0063299999999999,11.53,10.554,10.718,11.132,-1.9815,10
2015-06-07 23:12:00,1.5539,-0.06647,122.5,12.946,13.313,14.161,-0.01042,0.39388,-0.0040699999999999,11.521,10.621,10.716,11.086,-1.8698,10
2015-06-07 23:13:00,1.5531,0.0221599999999999,122.55,12.931,13.314,14.154,-0.0053,-0.4514099999999999,0.00513,11.515,10.554,10.678,11.049,-1.9257,10
2015-06-07 23:14:00,1.552,-0.03323,122.51,12.913,13.314,14.139,-0.01243,0.08851,-0.00428,11.494,10.588,10.659,11.028,-1.9536,10
2015-06-07 23:15:00,1.5514,-0.04431,122.53,12.872,13.315,14.139,-0.01115,0.7213699999999998,-0.0122799999999999,11.465,10.494,10.674,11.046,-1.9536,10
2015-06-07 23:16:00,1.5525,-0.06647,122.47,12.831,13.315,14.128,-0.00859,-0.5797499999999999,0.00367,11.461,10.487,10.652,10.985,-2.0094,10
2015-06-07 23:17:00,1.5525,-0.01108,122.52,12.783,13.316,14.117,-0.00713,0.67269,-0.0086099999999999,11.439,10.515,10.63,10.968,-2.0094,10
2015-06-07 23:18:00,1.5528,0.01108,122.54,12.813,13.314,14.117,-0.0064,0.76563,-0.00519,11.439,10.576,10.751,11.107,-1.9815,10
2015-06-07 23:19:00,1.5536,-0.0221599999999999,122.57,13.066,13.315,14.117,-0.00841,0.65942,-0.00479,11.464,10.806,10.847,11.172,-1.9815,10
2015-06-07 23:20:00,1.5533,-0.04431,122.6,13.128,13.314,14.108,-0.0031099999999999,-0.04868,0.0034299999999999,11.477,10.684,10.826,11.224,-2.0094,10
2015-06-07 23:21:00,1.5525,-0.03323,122.62,13.116,13.315,14.103,-0.00713,0.3363499999999999,0.0011199999999999,11.48,10.703,10.83,11.19,-1.8978,10
2015-06-07 23:22:00,1.5542,-0.01108,122.6,13.074,13.314,14.095,-0.00786,-0.0796599999999999,-0.00087,11.477,10.662,10.829,11.175,-1.9815,10
2015-06-07 23:23:00,1.5536,-0.06647,122.62,13.051,13.316,14.082,-0.01206,0.46026,-0.00901,11.469,10.689,10.884,11.226,-1.9815,10
2015-06-07 23:24:00,1.5533,0.0,122.63,13.091,13.316,14.073,-0.01188,0.0,-0.00636,11.467,10.782,10.973,11.257,-1.7024,10
2015-06-07 23:25:00,1.5536,-0.06647,122.61,13.098,13.315,14.073,-0.01828,-0.04426,-0.0037,11.472,10.806,10.971,11.264,-1.3396,10
2015-06-07 23:26:00,1.5531,-0.01108,122.53,13.098,13.315,14.069,-0.0065799999999999,-0.00885,-0.00095,11.468,10.794,10.978,11.258,-1.5071,10
2015-06-07 23:27:00,1.5533,-0.06647,122.51,13.092,13.317,14.058,-0.00877,0.10179,0.00159,11.457,10.788,10.961,11.261,-1.3675,10
2015-06-07 23:28:00,1.5533,-0.03323,122.46,13.084,13.316,14.051,-0.00877,-0.12392,0.00381,11.453,10.82,10.971,11.245,-1.4792,10
2015-06-07 23:29:00,1.5525,0.0,122.45,13.11,13.316,14.036,-0.01298,-0.0663799999999999,0.0002999999999999,11.439,10.781,10.965,11.213,-1.4234,10
2015-06-07 23:30:00,1.5528,-0.04431,122.42,13.087,13.315,14.029,-0.01846,0.06196,-0.00846,11.428,10.779,10.915,11.157,-1.4792,10
2015-06-07 23:31:00,1.5525,-0.0221599999999999,122.43,13.136,13.317,14.029,-0.01115,-0.17702,0.00249,11.433,10.777,10.999,11.214,-1.5908,10
2015-06-07 23:32:00,1.5531,-0.0775499999999999,122.43,13.175,13.316,14.027,-0.01535,0.1991499999999999,-0.00807,11.433,10.847,10.975,11.221,-1.6187,10
2015-06-07 23:33:00,1.5533,-0.04431,122.43,13.191,13.318,14.02,-0.00804,-0.11949,0.00046,11.437,10.881,10.979,11.173,-1.4791,10
2015-06-07 23:34:00,1.5536,-0.03323,122.44,13.173,13.316,14.007,-0.00676,-0.26111,-0.00708,11.42,10.869,10.97,11.184,-1.5629,10
2015-06-07 23:35:00,1.5525,-0.06647,122.45,13.11,13.316,14.007,-0.00621,-0.02213,0.00304,11.415,10.833,10.939,11.113,-1.6187,10
2015-06-07 23:36:00,1.552,-0.03323,122.43,13.068,13.315,14.007,-0.00585,-0.4646899999999999,0.00708,11.408,10.804,10.921,11.085,-1.842,10
2015-06-07 23:37:00,1.5525,0.0,122.46,13.03,13.317,14.007,-0.00238,0.3496199999999999,-0.0034099999999999,11.397,10.775,10.903,11.077,-1.9536,10
2015-06-07 23:38:00,1.5528,0.0221599999999999,122.41,13.003,13.315,14.001,-0.00969,0.32307,-0.00214,11.386,10.824,10.911,11.058,-2.0094,10
2015-06-07 23:39:00,1.5528,-0.03323,122.43,12.997,13.316,13.985,-0.00786,-0.82316,0.0051599999999999,11.369,10.741,10.84,11.031,-2.0094,10
2015-06-07 23:40:00,1.5547,0.0221599999999999,122.41,13.026,13.315,13.985,-0.00987,0.44699,-0.00144,11.374,10.833,10.844,11.012,-2.0094,10
2015-06-07 23:41:00,1.5539,-0.04431,122.39,13.055,13.317,13.985,-0.01243,-0.7700599999999999,0.0124,11.379,10.772,10.817,10.952,-2.0094,10
2015-06-07 23:42:00,1.5542,-0.01108,122.41,13.044,13.315,13.978,-0.00786,-0.1903,-0.00353,11.357,10.645,10.767,10.968,-2.0094,10
2015-06-07 23:43:00,1.5533,-0.04431,122.43,13.015,13.316,13.963,-0.00841,0.13719,-0.00144,11.327,10.641,10.758,10.95,-2.0094,10
2015-06-07 23:44:00,1.5533,0.0,122.49,12.979,13.317,13.963,-0.01042,-0.2345599999999999,0.00064,11.324,10.651,10.729,10.884,-1.9815,10
2015-06-07 23:45:00,1.5528,-0.06647,122.5,12.933,13.316,13.963,-0.00585,0.4337099999999999,-0.0027799999999999,11.309,10.677,10.693,10.855,-2.0095,10
2015-06-07 23:46:00,1.5528,-0.0221599999999999,122.51,12.885,13.316,13.963,-0.0053,0.04426,0.00021,11.293,10.572,10.655,10.811,-2.0094,10
2015-06-07 23:47:00,1.5528,0.01108,122.52,12.848,13.317,13.956,-0.00402,-0.39388,0.00166,11.278,10.493,10.615,10.77,-2.0094,10
2015-06-07 23:48:00,1.5536,-0.01108,122.54,12.81,13.316,13.946,-0.01206,0.4027299999999999,-0.0041,11.254,10.495,10.6,10.707,-2.0094,10
2015-06-07 23:49:00,1.5539,-0.03323,122.56,12.774,13.319,13.941,-0.0069499999999999,-0.69039,0.00683,11.245,10.425,10.632,10.683,-2.0094,10
2015-06-07 23:50:00,1.5528,-0.01108,122.55,12.762,13.316,13.941,-0.00621,0.11507,0.0006999999999999,11.236,10.431,10.637,10.747,-2.0094,10
2015-06-07 23:51:00,1.5528,-0.0221599999999999,122.57,12.801,13.317,13.941,-0.00841,-0.35847,0.00885,11.232,10.455,10.612,10.738,-2.0094,10
2015-06-07 23:52:00,1.5539,-0.0221599999999999,122.52,12.878,13.318,13.941,-0.01133,0.11949,0.0041399999999999,11.218,10.422,10.701,10.86,-2.0094,10
2015-06-07 23:53:00,1.5533,-0.04431,122.53,12.958,13.317,13.941,-0.01152,-0.93823,0.01396,11.23,10.549,10.659,10.776,-1.842,10
2015-06-07 23:54:00,1.5525,-0.03323,122.52,12.974,13.317,13.939,-0.0106,0.70367,-0.0051599999999999,11.212,10.502,10.685,10.841,-1.842,10
2015-06-07 23:55:00,1.5531,-0.0221599999999999,122.58,12.928,13.317,13.921,-0.0064,0.0708099999999999,0.00559,11.188,10.446,10.617,10.748,-1.5071,10
2015-06-07 23:56:00,1.5536,0.03323,122.59,12.832,13.318,13.919,-0.00585,-0.92053,0.0080099999999999,11.174,10.341,10.538,10.676,-1.842,10
2015-06-07 23:57:00,1.552,0.0221599999999999,122.58,12.765,13.318,13.919,-0.01316,-1.2082,0.01661,11.162,10.414,10.55,10.639,-1.9815,10
2015-06-07 23:58:00,1.5528,-0.0996999999999999,122.57,12.759,13.317,13.917,-0.01078,0.0796599999999999,-0.00388,11.144,10.471,10.545,10.638,-1.9536,10
2015-06-07 23:59:00,1.5536,0.0,122.64,12.764,13.318,13.897,-0.00932,-0.40716,-0.00367,11.125,10.403,10.49,10.632,-2.0094,10
