measured_on,ac_current__427,ac_power__423,ac_voltage__426,ambient_temp__428,das_battery_voltage__434,das_temp__433,dc_pos_current__425,dc_pos_voltage__424,dc_power__422,inverter_temp__432,module_temp_1__429,module_temp_2__430,module_temp_3__431,poa_irradiance__421,system_id
2018-05-15 00:00:00,1.3391,-0.8422,122.0,9.7956,13.366,11.845,-0.0164599999999999,-0.7968699999999999,0.01217,9.6359,9.5723,9.5842,9.6324,-1.9056,10
2018-05-15 00:01:00,1.3386,-0.85328,122.05,9.7535,13.37,11.845,-0.01408,0.3187499999999999,-0.00063,9.6394,9.5863,9.5947,9.6533,-1.7952,10
2018-05-15 00:02:00,1.3377,-0.77571,122.0,9.7552,13.368,11.83,-0.01188,-0.8013,0.00948,9.6445,9.5698,9.5586,9.5796,-1.9885,10
2018-05-15 00:03:00,1.3386,-0.87544,121.95,9.749300000000002,13.367,11.821,-0.01408,-0.06198,0.00116,9.6375,9.558,9.5419,9.6068,-1.9609,10
2018-05-15 00:04:00,1.338,-0.7867899999999999,121.94,9.7117,13.368,11.821,-0.01591,-0.20807,0.00661,9.6445,9.5461,9.5377,9.583,-1.7952,10
2018-05-15 00:05:00,1.3377,-0.8200399999999999,121.95,9.6896,13.369,11.818,-0.01243,-0.12839,-0.0030899999999999,9.6381,9.4838,9.5536,9.5969,-1.8504,10
2018-05-15 00:06:00,1.3372,-0.8422,121.95,9.6994,13.368,11.805,-0.01591,-0.12396,-0.00119,9.6415,9.5151,9.5026,9.5354,-1.8781,10
2018-05-15 00:07:00,1.3389,-0.86436,121.99,9.6991,13.366,11.8,-0.0128,-0.29219,0.0085,9.6597,9.4754,9.4936,9.5306,-1.6571,10
2018-05-15 00:08:00,1.3389,-0.8865199999999999,121.99,9.6721,13.368,11.784,-0.02121,-0.0796899999999999,0.00159,9.663,9.4592,9.4788,9.5186,-1.4638,10
2018-05-15 00:09:00,1.3377,-0.86436,121.99,9.6436,13.368,11.78,-0.01536,0.3763,-0.01206,9.6853,9.4598,9.4905,9.517,-1.3257,10
2018-05-15 00:10:00,1.3391,-0.89761,122.0,9.5849,13.369,11.78,-0.01518,0.1947899999999999,-0.00429,9.6936,9.4717,9.4878,9.5247,-1.3533,10
2018-05-15 00:11:00,1.3377,-0.89761,121.94,9.5465,13.369,11.775,-0.01518,-0.4072899999999999,0.0078899999999999,9.7029,9.4823,9.4781,9.4956,-1.1876,10
2018-05-15 00:12:00,1.3375,-0.89761,121.99,9.5545,13.369,11.762,-0.01444,0.02656,0.00217,9.7014,9.429900000000002,9.4613,9.5067,-1.3257,10
2018-05-15 00:13:00,1.3375,-0.8422,121.96,9.532,13.369,11.758,-0.01609,0.1505199999999999,0.0019599999999999,9.7097,9.411,9.4403,9.4878,-1.3533,10
2018-05-15 00:14:00,1.3377,-0.86436,121.96,9.523,13.37,11.755,-0.0117,0.11068,-0.00487,9.7152,9.3592,9.394100000000002,9.4465,-1.4085,10
2018-05-15 00:15:00,1.3391,-0.8422,121.96,9.5029,13.37,11.737,-0.01481,-0.1150999999999999,-0.00367,9.6979,9.323,9.3056,9.3482,-1.519,10
2018-05-15 00:16:00,1.3391,-0.85328,121.98,9.5164,13.367,11.737,-0.01993,-0.12839,0.00427,9.7014,9.2637,9.256,9.3021,-1.6295,10
2018-05-15 00:17:00,1.3369,-0.80895,121.96,9.5221,13.369,11.726,-0.0177399999999999,-0.2213499999999999,0.00231,9.6842,9.1823,9.2039,9.2458,-1.9609,10
2018-05-15 00:18:00,1.3383,-0.8200399999999999,122.01,9.5429,13.37,11.715,-0.01481,-0.1018199999999999,0.00219,9.6636,9.103,9.1372,9.2015,-1.9885,10
2018-05-15 00:19:00,1.3389,-0.85328,122.06,9.557200000000002,13.367,11.715,-0.02176,-0.45156,0.0096299999999999,9.660100000000002,9.0624,9.0946,9.1651,-1.9885,10
2018-05-15 00:20:00,1.3386,-0.85328,122.05,9.5564,13.37,11.705,-0.0107899999999999,0.74375,-0.0040299999999999,9.6459,9.0335,9.023,9.1131,-1.9885,10
2018-05-15 00:21:00,1.3389,-0.7978699999999999,122.05,9.5568,13.371,11.694,-0.0179199999999999,-1.0404,0.01784,9.6442,8.9563,8.984999999999998,9.0535,-1.9885,10
2018-05-15 00:22:00,1.3377,-0.87544,121.98,9.5499,13.369,11.694,-0.01298,0.13724,0.0005699999999999,9.6477,8.9899,8.9899,9.0759,-1.9885,10
2018-05-15 00:23:00,1.3383,-0.86436,121.83,9.5507,13.369,11.694,-0.0138999999999999,-0.32318,0.0020999999999999,9.6568,8.961999999999998,9.0004,9.1059,-1.9885,10
2018-05-15 00:24:00,1.3369,-0.76463,121.81,9.5434,13.37,11.674,-0.01572,0.87214,-0.0075599999999999,9.6223,8.915599999999998,9.0301,9.1741,-1.878,10
2018-05-15 00:25:00,1.34,-0.87544,121.75,9.5347,13.369,11.67,-0.01828,0.6862,-0.0112999999999999,9.6522,9.0203,9.021,9.1104,-1.7399,10
2018-05-15 00:26:00,1.3377,-0.85328,121.75,9.5273,13.37,11.672,-0.01572,-0.34974,0.0118099999999999,9.6651,9.0528,9.0353,9.1031,-1.5742,10
2018-05-15 00:27:00,1.338,-0.8200399999999999,121.74,9.5221,13.369,11.672,-0.02212,0.46927,-0.0110399999999999,9.6477,8.9976,9.096100000000002,9.2079,-1.6018,10
2018-05-15 00:28:00,1.3394,-0.8422,121.76,9.5257,13.37,11.656,-0.02578,-0.87214,0.02009,9.6531,9.031,9.0687,9.1735,-1.3809,10
2018-05-15 00:29:00,1.3375,-0.87544,121.73,9.5616,13.37,11.651,-0.01627,0.3276,-0.00804,9.6596,9.1115,9.0968,9.2009,-1.3809,10
2018-05-15 00:30:00,1.3389,-0.88653,121.74,9.5737,13.369,11.651,-0.01719,0.3187499999999999,-0.00602,9.6646,9.0962,9.1396,9.2499,-1.3257,10
2018-05-15 00:31:00,1.3383,-0.8643899999999999,121.74,9.5707,13.371,11.65,-0.01061,0.4161599999999999,-0.00269,9.667,9.0651,9.1447,9.2684,-1.16,10
2018-05-15 00:32:00,1.3378,-0.88655,121.71,9.5641,13.371,11.633,-0.01371,-0.44272,0.0012099999999999,9.6622,9.1239,9.1442,9.2098,-1.0771,10
2018-05-15 00:33:00,1.3381,-0.7979,121.77,9.5625,13.37,11.629,-0.01719,0.93857,-0.02103,9.6474,9.1091,9.1489,9.2515,-0.8837899999999999,10
2018-05-15 00:34:00,1.3372,-0.7978899999999999,121.72,9.5567,13.37,11.627,-0.0144499999999999,0.3541799999999999,-0.0041,9.6495,9.042,9.1852,9.2956,-0.99427,10
2018-05-15 00:35:00,1.3394,-0.86438,121.78,9.5599,13.369,11.614,-0.0144499999999999,1.0625,-0.0145799999999999,9.6523,9.1042,9.1328,9.2229,-0.8285599999999999,10
2018-05-15 00:36:00,1.3381,-0.8754699999999999,121.72,9.5419,13.37,11.609,-0.0234,-0.70835,0.01729,9.6482,9.0197,9.1287,9.2272,-1.0771,10
2018-05-15 00:37:00,1.3383,-0.86438,121.73,9.5175,13.37,11.609,-0.01536,0.22136,-0.0058199999999999,9.6424,9.0538,9.1271,9.2389,-0.71809,10
2018-05-15 00:38:00,1.3383,-0.90871,121.74,9.5053,13.372,11.609,-0.0201099999999999,-0.3541699999999999,0.00604,9.6598,9.1544,9.0936,9.1411,-0.8009399999999999,10
2018-05-15 00:39:00,1.3383,-0.82005,121.77,9.5054,13.371,11.607,-0.01956,-0.4117299999999999,0.00445,9.6462,9.0708,9.1253,9.2175,-0.74568,10
2018-05-15 00:40:00,1.338,-0.8865399999999999,121.81,9.4931,13.369,11.591,-0.0131699999999999,0.1638,0.0021199999999999,9.634,9.1467,9.0978,9.1704,-0.74568,10
2018-05-15 00:41:00,1.3386,-0.8865399999999999,121.82,9.4988,13.369,11.587,-0.01865,0.4471399999999999,-0.00868,9.6123,9.0621,9.1256,9.2388,-0.71806,10
2018-05-15 00:42:00,1.3383,-0.8532899999999999,121.79,9.4877,13.372,11.585,-0.01682,-0.49584,0.0087299999999999,9.6244,9.1028,9.1447,9.2069,-0.7180699999999999,10
2018-05-15 00:43:00,1.3397,-0.8643699999999999,121.81,9.4681,13.371,11.583,-0.01481,0.73491,-0.0108,9.6246,9.1582,9.1484,9.1924,-0.7180699999999999,10
2018-05-15 00:44:00,1.3375,-0.83113,121.74,9.4681,13.371,11.587,-0.01627,-0.1859399999999999,0.00719,9.6261,9.166,9.1318,9.1841,-0.7180699999999999,10
2018-05-15 00:45:00,1.3383,-0.87545,121.74,9.4935,13.371,11.587,-0.01755,-0.81017,0.01333,9.628100000000002,9.1569,9.1631,9.2323,-0.7456899999999999,10
2018-05-15 00:46:00,1.3375,-0.8532899999999999,121.7,9.5017,13.37,11.585,-0.02688,0.28776,-0.01162,9.6214,9.1843,9.1969,9.266,-0.6904599999999999,10
2018-05-15 00:47:00,1.3394,-0.8532899999999999,121.69,9.4835,13.371,11.576,-0.02121,-1.1422,0.02547,9.618,9.1704,9.1837,9.2598,-0.6628399999999999,10
2018-05-15 00:48:00,1.3383,-0.8532899999999999,121.71,9.4759,13.372,11.565,-0.017,0.6684999999999999,-0.0089599999999999,9.5883,9.1623,9.1987,9.302,-0.71808,10
2018-05-15 00:49:00,1.3389,-0.88653,121.72,9.4457,13.371,11.565,-0.01097,-0.69506,0.00843,9.5882,9.1365,9.184,9.2685,-0.7457,10
2018-05-15 00:50:00,1.3391,-0.7868,121.75,9.427,13.37,11.565,-0.01426,-0.36745,0.0056699999999999,9.575,9.1169,9.1414,9.2056,-0.96665,10
2018-05-15 00:51:00,1.3369,-0.8532899999999999,121.7,9.4199,13.371,11.565,-0.017,0.15495,-0.0066299999999999,9.5512,9.0232,9.1406,9.2475,-1.0771,10
2018-05-15 00:52:00,1.3378,-0.8643699999999999,121.75,9.4428,13.371,11.561,-0.01444,0.13724,-0.00272,9.5448,9.116,9.0678,9.1279,-1.3533,10
2018-05-15 00:53:00,1.3375,-0.8532899999999999,121.75,9.4681,13.371,11.556,-0.01847,0.1150999999999999,0.00115,9.527500000000002,9.0848,9.0645,9.119700000000002,-1.3809,10
2018-05-15 00:54:00,1.3386,-0.8311199999999999,121.75,9.4771,13.372,11.543,-0.0166399999999999,-0.3187499999999999,0.00156,9.5023,9.0288,9.0365,9.0973,-1.4362,10
2018-05-15 00:55:00,1.3391,-0.8200399999999999,121.78,9.4747,13.372,11.543,-0.01408,-0.18151,0.0045399999999999,9.4876,8.973599999999998,9.0239,9.1035,-1.4085,10
2018-05-15 00:56:00,1.338,-0.8643699999999999,121.76,9.4512,13.373,11.542,-0.02432,0.15495,0.00564,9.4739,8.9746,9.0088,9.0794,-1.4914,10
2018-05-15 00:57:00,1.3375,-0.8422,121.74,9.4408,13.372,11.543,-0.017,-0.2966199999999999,0.0103199999999999,9.4652,8.972099999999998,8.974199999999998,9.0259,-1.6571,10
2018-05-15 00:58:00,1.338,-0.8422,121.72,9.413900000000002,13.372,11.543,-0.01371,0.2124999999999999,-0.0047499999999999,9.450500000000002,8.9183,8.9302,8.9854,-1.8228,10
2018-05-15 00:59:00,1.3378,-0.8643699999999999,121.75,9.3897,13.374,11.531,-0.0117,-0.5223999999999999,0.00366,9.4191,8.871399999999998,8.8602,8.9127,-1.8781,10
2018-05-15 01:00:00,1.3372,-0.80896,121.72,9.3778,13.373,11.525,-0.01609,-0.9474,0.01538,9.3948,8.8261,8.8087,8.8506,-1.9609,10
2018-05-15 01:01:00,1.3375,-0.87545,121.7,9.359800000000002,13.372,11.522,-0.01426,0.34531,-0.00511,9.3702,8.819,8.7904,8.838599999999998,-1.9609,10
2018-05-15 01:02:00,1.3375,-0.85328,121.75,9.3543,13.373,11.52,-0.01956,-0.0752599999999999,0.0018699999999999,9.358,8.816499999999998,8.7956,8.851499999999998,-1.8505,10
2018-05-15 01:03:00,1.3378,-0.8311199999999999,121.76,9.3324,13.373,11.52,-0.0179199999999999,0.03984,-0.00106,9.3545,8.798299999999998,8.8487,8.8976,-1.4914,10
2018-05-15 01:04:00,1.3358,-0.89761,121.7,9.3487,13.375,11.522,-0.0213899999999999,0.0531299999999999,-0.0008,9.3548,8.7568,8.9008,8.986,-1.4914,10
2018-05-15 01:05:00,1.3389,-0.87545,121.75,9.3446,13.375,11.52,-0.01938,0.5711,-0.00881,9.3642,8.917199999999998,8.8955,8.9535,-1.1876,10
2018-05-15 01:06:00,1.3375,-0.8422,121.71,9.3397,13.374,11.506,-0.0239499999999999,-0.8854199999999999,0.02598,9.368,8.9021,8.9084,8.951,-0.85619,10
2018-05-15 01:07:00,1.3355,-0.87545,121.66,9.334,13.375,11.498,-0.017,0.3276,-0.0040699999999999,9.3566,8.832,8.9801,9.0835,-0.69047,10
2018-05-15 01:08:00,1.338,-0.86436,121.65,9.3061,13.375,11.5,-0.0113399999999999,0.03099,-0.00296,9.3689,8.9791,8.963699999999998,9.0287,-0.71809,10
2018-05-15 01:09:00,1.3389,-0.86436,121.67,9.2972,13.373,11.499,-0.01865,0.46042,-0.0011299999999999,9.372000000000002,9.029000000000002,8.9913,9.0353,-0.69047,10
2018-05-15 01:10:00,1.3378,-0.86436,121.72,9.2769,13.375,11.5,-0.01152,0.01771,0.00303,9.38,8.998699999999998,9.0266,9.0937,-0.71809,10
2018-05-15 01:11:00,1.3375,-0.80896,121.67,9.276700000000002,13.375,11.493,-0.01975,-0.12396,-6e-05,9.3736,8.9579,9.0348,9.127,-0.7457099999999999,10
2018-05-15 01:12:00,1.3375,-0.87544,121.68,9.272900000000002,13.373,11.479,-0.02176,-0.5710899999999999,0.01102,9.3745,8.9938,9.0162,9.0833,-0.66286,10
2018-05-15 01:13:00,1.3386,-0.8311199999999999,121.73,9.286,13.374,11.479,-0.0234,-0.2789099999999999,0.012,9.3724,9.0176,9.051100000000002,9.1161,-0.66286,10
2018-05-15 01:14:00,1.3402,-0.87544,121.71,9.3319,13.374,11.479,-0.01755,-0.77031,0.0124,9.3794,9.0281,9.0965,9.172,-0.6904799999999999,10
2018-05-15 01:15:00,1.3369,-0.80895,121.66,9.363,13.374,11.479,-0.0239499999999999,0.92526,-0.02621,9.3815,9.0972,9.1252,9.2118,-0.4971499999999999,10
2018-05-15 01:16:00,1.3375,-0.86436,121.65,9.396400000000002,13.373,11.479,-0.0239499999999999,-0.25677,0.00576,9.4052,9.0951,9.1699,9.2041,-0.4971499999999999,10
2018-05-15 01:17:00,1.3386,-0.7978699999999999,121.72,9.3884,13.374,11.466,-0.0181,0.01771,-0.00251,9.417,9.184500000000002,9.1447,9.137,-0.46953,10
2018-05-15 01:18:00,1.3386,-0.86436,121.75,9.3705,13.373,11.455,-0.01243,0.45156,-0.00829,9.3958,9.1087,9.1597,9.1968,-0.5247699999999998,10
2018-05-15 01:19:00,1.3389,-0.80895,121.73,9.3786,13.373,11.457,-0.01737,-0.38073,0.01098,9.408,9.1091,9.1762,9.202,-0.5247699999999998,10
2018-05-15 01:20:00,1.3389,-0.8422,121.77,9.411,13.372,11.457,-0.01481,-0.45156,-0.0015499999999999,9.4213,9.1538,9.1545,9.1902,-0.5799999999999998,10
2018-05-15 01:21:00,1.3375,-0.85328,121.75,9.4438,13.372,11.452,-0.0202999999999999,-0.0974,0.00428,9.4222,9.175,9.1778,9.2022,-0.60762,10
2018-05-15 01:22:00,1.3394,-0.73138,121.78,9.4674,13.374,11.438,-0.01755,0.0575499999999999,-0.0063899999999999,9.4106,9.1438,9.1773,9.232500000000002,-0.63524,10
2018-05-15 01:23:00,1.3383,-0.8422,121.77,9.4592,13.372,11.432,-0.02176,1.0536,-0.02202,9.394,9.1419,9.1831,9.2523,-0.5523799999999999,10
2018-05-15 01:24:00,1.3372,-0.90869,121.72,9.4592,13.374,11.436,-0.01865,-0.11068,-0.00221,9.4249,9.1162,9.1958,9.2559,-0.60762,10
2018-05-15 01:25:00,1.3389,-0.87544,121.77,9.4772,13.373,11.434,-0.0177399999999999,-0.11068,-0.00062,9.4258,9.1668,9.1891,9.2289,-0.66286,10
2018-05-15 01:26:00,1.3389,-0.8422,121.74,9.4831,13.374,11.434,-0.01371,0.3320299999999999,-0.00285,9.4147,9.1165,9.1905,9.2513,-0.63524,10
2018-05-15 01:27:00,1.3375,-0.8422,121.77,9.5027,13.374,11.436,-0.01444,0.2789099999999999,-0.00393,9.4221,9.091,9.1916,9.2538,-0.63524,10
2018-05-15 01:28:00,1.3386,-0.7867899999999999,121.79,9.5085,13.374,11.434,-0.01609,-0.1682299999999999,-0.00221,9.4356,9.127,9.1395,9.1675,-0.60762,10
2018-05-15 01:29:00,1.3391,-0.85328,121.8,9.51,13.375,11.436,-0.01956,-0.73047,0.0143,9.4262,9.0302,9.1064,9.1734,-0.6628699999999998,10
2018-05-15 01:30:00,1.3389,-0.8422,121.74,9.509200000000002,13.374,11.436,-0.01627,0.6994799999999999,-0.0118099999999999,9.4283,9.0225,9.0812,9.1322,-0.6352499999999999,10
2018-05-15 01:31:00,1.3375,-0.85328,121.8,9.5108,13.372,11.434,-0.01207,-0.36302,0.0023999999999999,9.4083,8.978799999999998,9.003199999999998,9.0333,-0.69049,10
2018-05-15 01:32:00,1.338,-0.86436,121.83,9.484800000000002,13.375,11.434,-0.01682,-0.1638,0.0041399999999999,9.4035,8.935499999999998,8.952199999999998,8.9487,-0.85621,10
2018-05-15 01:33:00,1.3366,-0.85328,121.82,9.4807,13.374,11.436,-0.02414,-0.3895799999999999,0.0091999999999999,9.3843,8.7863,8.923299999999998,8.9561,-1.1324,10
2018-05-15 01:34:00,1.3372,-0.7978699999999999,121.76,9.4611,13.373,11.436,-0.0202999999999999,0.71276,-0.0135599999999999,9.3585,8.747199999999998,8.899499999999998,8.941499999999998,-1.1324,10
2018-05-15 01:35:00,1.3394,-0.8422,121.8,9.4414,13.374,11.434,-0.01298,0.3895799999999999,-0.00549,9.3462,8.7803,8.8216,8.8202,-1.2981,10
2018-05-15 01:36:00,1.3391,-0.8311199999999999,121.76,9.4096,13.374,11.434,-0.01371,-0.74375,0.01235,9.3197,8.622999999999998,8.7817,8.817299999999998,-1.4362,10
2018-05-15 01:37:00,1.3383,-0.77571,121.74,9.3727,13.375,11.418,-0.02359,1.0448,-0.0215599999999999,9.2728,8.6215,8.7173,8.7879,-1.6572,10
2018-05-15 01:38:00,1.3383,-0.80895,121.79,9.365,13.376,11.421,-0.01865,1.2086,-0.02288,9.2561,8.5964,8.6524,8.716699999999998,-1.5743,10
2018-05-15 01:39:00,1.3377,-0.8422,121.73,9.3373,13.375,11.418,-0.0191999999999999,-0.08411,0.0074099999999999,9.242,8.6012,8.5851,8.5907,-1.8505,10
2018-05-15 01:40:00,1.338,-0.8311199999999999,121.76,9.3038,13.376,11.414,-0.02212,0.14609,-0.00204,9.2092,8.541,8.5256,8.529099999999998,-1.9333,10
2018-05-15 01:41:00,1.3405,-0.86436,121.81,9.2742,13.375,11.409,-0.0181,0.98724,-0.01966,9.1591,8.4336,8.4546,8.4958,-1.9885,10
2018-05-15 01:42:00,1.3383,-0.86436,121.72,9.2709,13.376,11.407,-0.01865,0.98281,-0.01795,9.1175,8.266,8.3975,8.4703,-1.9609,10
2018-05-15 01:43:00,1.3386,-0.80895,121.77,9.2831,13.377,11.412,-0.0226699999999999,-0.94297,0.0234,9.097,8.256,8.2938,8.329399999999998,-1.9885,10
2018-05-15 01:44:00,1.3383,-0.8422,121.72,9.2741,13.378,11.412,-0.01316,-0.65964,0.01173,9.0516,8.218899999999998,8.207,8.2413,-1.9885,10
2018-05-15 01:45:00,1.3369,-0.80895,121.74,9.2651,13.377,11.412,-0.01938,-0.2656299999999999,-0.00183,9.0062,8.191599999999998,8.141899999999998,8.1538,-1.9885,10
2018-05-15 01:46:00,1.3411,-0.86436,121.75,9.2588,13.378,11.409,-0.01737,0.8854199999999999,-0.01532,8.9656,8.097699999999998,8.0767,8.115199999999998,-1.9885,10
2018-05-15 01:47:00,1.3386,-0.8422,121.75,9.2207,13.377,11.391,-0.01499,-0.5223999999999999,0.01004,8.9028,7.9473,8.0426,8.080999999999998,-1.9885,10
2018-05-15 01:48:00,1.3375,-0.8422,121.75,9.1865,13.378,11.391,-0.0166399999999999,0.4825499999999999,-0.00991,8.8518,7.875899999999999,8.0264,8.0999,-1.9885,10
2018-05-15 01:49:00,1.3377,-0.7203,121.69,9.1592,13.376,11.391,-0.01737,-0.90312,0.0126599999999999,8.844799999999998,7.9081,7.9592,7.969,-1.9885,10
2018-05-15 01:50:00,1.3392,-0.8311399999999999,121.78,9.1523,13.377,11.394,-0.01701,0.36746,-0.00283,8.8038,7.846,7.9602,8.019,-1.9885,10
2018-05-15 01:51:00,1.3397,-0.8311399999999999,121.81,9.1335,13.377,11.369,-0.01408,-1.3724,0.0204,8.76,7.7889,7.8743,7.9198,-1.9885,10
2018-05-15 01:52:00,1.3381,-0.7979,121.75,9.1264,13.376,11.366,-0.02688,0.1682299999999999,-0.0024499999999999,8.732699999999998,7.8266,7.8371,7.8952,-1.9885,10
2018-05-15 01:53:00,1.337,-0.8533,121.75,9.116,13.379,11.371,-0.0245,-0.3364699999999999,0.0109999999999999,8.7168,7.7925,7.7995,7.8499,-1.9885,10
2018-05-15 01:54:00,1.3392,-0.80898,121.75,9.0997,13.379,11.373,-0.0191999999999999,-0.31433,0.0077499999999999,8.671699999999998,7.6731,7.8019,7.8979,-1.9885,10
2018-05-15 01:55:00,1.3386,-0.80898,121.78,9.0902,13.378,11.355,-0.01627,1.0625,-0.01659,8.6307,7.7153,7.722299999999999,7.8329,-1.9885,10
2018-05-15 01:56:00,1.3389,-0.8865399999999999,121.77,9.0866,13.379,11.349,-0.01554,0.90757,-0.0158,8.6019,7.6872,7.694899999999999,7.781799999999999,-1.9885,10
2018-05-15 01:57:00,1.3375,-0.8533,121.71,9.0899,13.379,11.349,-0.01865,0.0752599999999999,-0.0040099999999999,8.5943,7.7145,7.6802,7.729199999999999,-1.9885,10
2018-05-15 01:58:00,1.3386,-0.7646399999999999,121.78,9.1122,13.379,11.349,-0.02066,-1.2175,0.02632,8.5866,7.5856,7.6445,7.69,-1.9885,10
2018-05-15 01:59:00,1.3386,-0.8976199999999999,121.76,9.0936,13.379,11.345,-0.01499,0.58438,-0.0095399999999999,8.542199999999998,7.537,7.6036,7.6855,-1.9885,10
2018-05-15 02:00:00,1.3389,-0.8865399999999999,121.77,9.071700000000002,13.381,11.326,-0.01518,-0.0575499999999999,0.0070899999999999,8.497999999999998,7.4429,7.550799999999998,7.6538,-1.9885,10
2018-05-15 02:01:00,1.3394,-0.8976199999999999,121.76,9.0508,13.379,11.326,-0.02322,-0.98283,0.02137,8.484,7.3707,7.494799999999999,7.5921,-1.9885,10
2018-05-15 02:02:00,1.3389,-0.8976199999999999,121.75,9.0484,13.382,11.304,-0.0166399999999999,0.20365,-0.00644,8.438499999999998,7.4071,7.437999999999999,7.537499999999999,-1.9885,10
2018-05-15 02:03:00,1.3389,-0.8865399999999999,121.75,9.0322,13.383,11.304,-0.01865,0.4427099999999999,-0.01593,8.4091,7.37,7.4324,7.515799999999999,-1.9885,10
2018-05-15 02:04:00,1.3378,-0.8532899999999999,121.75,9.0101,13.381,11.297,-0.01536,-0.75261,0.01048,8.3949,7.352299999999999,7.367,7.4238,-2.099,10
2018-05-15 02:05:00,1.338,-0.8643699999999999,121.77,8.9912,13.382,11.281,-0.0177399999999999,0.5002699999999999,-0.00674,8.3388,7.2161,7.3704,7.5217,-1.9885,10
2018-05-15 02:06:00,1.3375,-0.8643699999999999,121.74,8.9806,13.384,11.266,-0.01956,1.1511,-0.02299,8.2978,7.1926,7.3671,7.5101,-2.0162,10
2018-05-15 02:07:00,1.3364,-0.8976199999999999,121.65,8.965899999999998,13.385,11.261,-0.0202999999999999,0.38073,-0.0089899999999999,8.2798,7.1395,7.2924,7.448,-1.9885,10
2018-05-15 02:08:00,1.3419,-0.88653,121.77,8.926,13.385,11.25,-0.0234,0.6552099999999998,-0.01472,8.2627,7.2177,7.2114,7.3158,-2.0714,10
2018-05-15 02:09:00,1.3386,-0.89761,121.7,8.8862,13.387,11.238,-0.0177399999999999,-0.11068,0.0040499999999999,8.2214,7.1637,7.1819,7.308099999999999,-2.0438,10
2018-05-15 02:10:00,1.3383,-0.95303,121.73,8.8593,13.387,11.234,-0.0213899999999999,0.32318,-0.0043499999999999,8.2119,7.2159,7.1878,7.3014,-2.2647,10
2018-05-15 02:11:00,1.3372,-0.85331,121.73,8.833299999999998,13.388,11.218,-0.02304,-1.0625,0.0241,8.196899999999998,7.1995,7.149,7.2591,-2.5685,10
2018-05-15 02:12:00,1.3392,-0.88656,121.76,8.8072,13.389,11.205,-0.0226699999999999,0.3586099999999999,-0.0076,8.1592,7.1196,7.1308,7.2962,-2.5962,10
2018-05-15 02:13:00,1.3392,-0.9198,121.77,8.779999999999998,13.388,11.192,-0.0213899999999999,-0.3187599999999999,0.0098899999999999,8.1338,7.0016,7.0795,7.2421,-2.7342,10
2018-05-15 02:14:00,1.3386,-0.9198,121.77,8.7507,13.389,11.176,-0.01627,0.0575499999999999,-0.0003699999999999,8.106999999999998,6.9642,7.0217,7.1718,-2.7895,10
2018-05-15 02:15:00,1.3386,-0.96413,121.77,8.715099999999998,13.39,11.172,-0.01499,-0.72606,0.0078899999999999,8.089399999999998,6.9009,7.0006,7.1611,-2.6238,10
2018-05-15 02:16:00,1.3386,-0.97521,121.74,8.705299999999998,13.389,11.162,-0.0202999999999999,0.46486,-0.01076,8.074899999999998,6.9166,6.9917,7.1775,-2.6514,10
2018-05-15 02:17:00,1.3397,-0.95304,121.75,8.7085,13.39,11.147,-0.02103,0.58882,-0.01119,8.0541,6.9449,6.9589,7.0921,-2.4581,10
2018-05-15 02:18:00,1.3408,-1.0084,121.8,8.705199999999998,13.391,11.133,-0.02121,0.68622,-0.01376,8.032,6.9494,6.9171,7.0455,-2.4028,10
2018-05-15 02:19:00,1.3408,-0.93087,121.8,8.6948,13.39,11.129,-0.01682,0.5666799999999999,-0.0093399999999999,8.0115,6.94,6.9099,7.0761,-2.4581,10
2018-05-15 02:20:00,1.3389,-0.94195,121.76,8.689899999999998,13.392,11.097,-0.02798,0.12839,-0.00286,7.9553,6.8479,6.9307,7.139,-2.7066,10
2018-05-15 02:21:00,1.3405,-0.90871,121.76,8.699099999999998,13.392,11.093,-0.02066,0.53126,-0.01187,7.96,6.9439,6.8751,7.0884,-2.7895,10
2018-05-15 02:22:00,1.3375,-0.93089,121.75,8.7013,13.392,11.085,-0.01207,-0.7172199999999999,0.0098899999999999,7.943399999999999,6.9426,6.8879,7.057,-2.7895,10
2018-05-15 02:23:00,1.3389,-1.0085,121.76,8.6965,13.393,11.07,-0.01298,0.2434999999999999,-0.00012,7.9061,6.7965,6.9249,7.1346,-2.8724,10
2018-05-15 02:24:00,1.34,-0.90873,121.77,8.699999999999998,13.393,11.052,-0.01865,0.62868,-0.0096299999999999,7.8832,6.8388,6.9209,7.1629,-2.9276,10
2018-05-15 02:25:00,1.3395,-0.91981,121.68,8.700599999999998,13.395,11.032,-0.01573,0.91202,-0.01366,7.8528,6.8182,6.9094,7.1759,-3.1209,10
2018-05-15 02:26:00,1.3414,-0.8976399999999999,121.74,8.711999999999998,13.395,11.019,-0.01298,-1.0493,0.01422,7.843499999999999,6.764,6.9114,7.1407,-3.3142,10
2018-05-15 02:27:00,1.3389,-0.93089,121.73,8.7333,13.393,11.009,-0.02304,-0.54898,0.00642,7.8503,6.8423,6.8858,7.0878,-3.2313,10
2018-05-15 02:28:00,1.3395,-0.91982,121.74,8.734199999999998,13.394,10.99,-0.01957,0.61097,-0.01023,7.811099999999999,6.7624,6.8796,7.13,-3.3142,10
2018-05-15 02:29:00,1.3389,-0.94199,121.76,8.7553,13.396,10.976,-0.0239499999999999,-0.01771,-0.00083,7.804,6.8156,6.8563,7.0745,-3.259,10
2018-05-15 02:30:00,1.3389,-0.94199,121.77,8.7644,13.396,10.967,-0.0228599999999999,0.26121,-0.0018,7.7929,6.7646,6.86,7.1062,-3.1485,10
2018-05-15 02:31:00,1.3392,-0.96415,121.76,8.7686,13.397,10.941,-0.02048,-0.4692999999999999,0.0168799999999999,7.767299999999999,6.7515,6.8252,7.0307,-3.0933,10
2018-05-15 02:32:00,1.3392,-0.94198,121.71,8.7719,13.396,10.924,-0.0191999999999999,-0.24793,0.00902,7.7549,6.7117,6.8022,7.0435,-3.259,10
2018-05-15 02:33:00,1.3395,-0.98631,121.71,8.7772,13.399,10.904,-0.02322,-0.11511,0.00288,7.7428,6.715,6.8168,7.0125,-3.1762,10
2018-05-15 02:34:00,1.3386,-0.91981,121.67,8.7622,13.397,10.9,-0.01865,0.01328,0.00119,7.7381,6.7187,6.7896,6.9945,-3.2038,10
2018-05-15 02:35:00,1.3395,-0.94197,121.65,8.751699999999998,13.398,10.88,-0.02213,-0.03099,0.0032299999999999,7.7169,6.6863,6.7473,6.9739,-3.2314,10
2018-05-15 02:36:00,1.3395,-0.96414,121.66,8.711999999999998,13.398,10.857,-0.02597,-0.52242,0.0133399999999999,7.6824,6.6173,6.7009,6.8749,-3.3142,10
2018-05-15 02:37:00,1.3394,-0.93088,121.68,8.6569,13.4,10.841,-0.01701,-0.11511,0.0066499999999999,7.649899999999999,6.5813,6.6606,6.8353,-3.3141,10
2018-05-15 02:38:00,1.34,-0.95305,121.67,8.6179,13.4,10.832,-0.02231,-0.0664099999999999,0.0030599999999999,7.6402,6.5098,6.6144,6.8172,-3.3418,10
2018-05-15 02:39:00,1.3389,-0.95305,121.66,8.5823,13.399,10.814,-0.0228599999999999,0.03099,-0.00126,7.6222,6.5163,6.6405,6.8475,-3.3142,10
2018-05-15 02:40:00,1.3392,-0.96412,121.7,8.5301,13.4,10.796,-0.02084,-0.0974,-0.00419,7.619399999999999,6.5654,6.6384,6.8664,-3.2867,10
2018-05-15 02:41:00,1.3392,-0.91979,121.68,8.479,13.401,10.783,-0.01353,-0.17709,0.0007299999999999,7.6208,6.5823,6.696,6.9212,-3.3143,10
2018-05-15 02:42:00,1.3403,-0.94196,121.69,8.4523,13.402,10.76,-0.0256,-0.3187599999999999,0.00935,7.608799999999999,6.5884,6.7246,6.9547,-3.2867,10
2018-05-15 02:43:00,1.3408,-0.93087,121.68,8.4304,13.404,10.751,-0.0245,-0.73934,0.02033,7.6017,6.5968,6.6979,6.928,-3.259,10
2018-05-15 02:44:00,1.3386,-0.99736,121.87,8.4207,13.403,10.73,-0.02816,-0.2346399999999999,0.00466,7.589299999999999,6.6932,6.6588,6.8644,-3.3143,10
2018-05-15 02:45:00,1.34,-0.99737,121.93,8.386699999999998,13.403,10.712,-0.01865,0.17266,-0.0049899999999999,7.5815,6.6959,6.6545,6.8468,-3.2867,10
2018-05-15 02:46:00,1.3419,-0.96414,121.99,8.358399999999998,13.404,10.69,-0.01627,-1.4167,0.02306,7.5579,6.5593,6.6519,6.8772,-3.1762,10
2018-05-15 02:47:00,1.3395,-0.94198,121.97,8.3406,13.404,10.674,-0.02231,-0.24793,0.005,7.5404,6.5143,6.6702,6.92,-3.2314,10
2018-05-15 02:48:00,1.3408,-0.96414,121.97,8.345499999999998,13.403,10.667,-0.02743,-1.0448,0.02733,7.551999999999999,6.5982,6.7147,6.9708,-3.2315,10
2018-05-15 02:49:00,1.3406,-0.99738,121.96,8.3543,13.403,10.649,-0.01701,0.01771,0.00017,7.537899999999999,6.6115,6.7146,6.9819,-3.0382,10
2018-05-15 02:50:00,1.3425,-0.90872,122.0,8.3689,13.403,10.624,-0.0213899999999999,-1.1467,0.0235299999999999,7.5212,6.5639,6.7134,6.9232,-3.0934,10
2018-05-15 02:51:00,1.3389,-0.9863,121.91,8.353,13.404,10.611,-0.0181,-0.6331,0.01089,7.5149,6.5344,6.6622,6.872,-2.9277,10
2018-05-15 02:52:00,1.3403,-0.99737,121.98,8.3174,13.403,10.586,-0.01829,0.72164,-0.01684,7.4805,6.5069,6.6038,6.8178,-3.0105,10
2018-05-15 02:53:00,1.3405,-0.98629,122.01,8.255,13.405,10.574,-0.01755,-0.6552299999999999,0.0115,7.4701,6.4298,6.5835,6.7485,-2.9277,10
2018-05-15 02:54:00,1.3425,-0.97521,122.04,8.2179,13.404,10.559,-0.02359,-1.2839,0.03087,7.460499999999999,6.4272,6.5037,6.649,-2.8172,10
2018-05-15 02:55:00,1.3397,-0.9752,121.99,8.1516,13.404,10.54,-0.0202999999999999,-0.01771,0.0004499999999999,7.418199999999999,6.3448,6.5105,6.674,-2.541,10
2018-05-15 02:56:00,1.3386,-1.0084,121.98,8.103899999999998,13.405,10.518,-0.02103,0.8632999999999998,-0.0161299999999999,7.3939,6.3682,6.5178,6.7487,-2.7067,10
2018-05-15 02:57:00,1.3392,-0.97521,122.0,8.0766,13.406,10.501,-0.02834,0.0,0.00577,7.3913,6.3467,6.4955,6.6724,-2.5134,10
2018-05-15 02:58:00,1.3406,-0.98631,122.0,8.018399999999998,13.404,10.491,-0.0263299999999999,0.22137,-7e-05,7.3841,6.482,6.4609,6.5936,-2.4029,10
2018-05-15 02:59:00,1.34,-0.99739,122.0,7.9762,13.406,10.475,-0.0191999999999999,0.37189,-0.0117699999999999,7.3681,6.4083,6.5719,6.7572,-2.4581,10
2018-05-15 03:00:00,1.34,-1.0196,121.99,7.971199999999999,13.405,10.453,-0.0190199999999999,-0.21251,0.0078799999999999,7.378599999999999,6.4625,6.558,6.7173,-2.0991,10
2018-05-15 03:01:00,1.3411,-0.99738,121.96,7.9656,13.407,10.441,-0.01975,0.52685,-0.0084499999999999,7.3757,6.5908,6.5754,6.7333,-2.0162,10
2018-05-15 03:02:00,1.3411,-0.96414,121.92,7.9432,13.407,10.412,-0.0250499999999999,-0.5534099999999998,0.01881,7.3541,6.4948,6.6169,6.7468,-1.9886,10
2018-05-15 03:03:00,1.3411,-0.9974,121.92,7.8983,13.407,10.406,-0.02341,-0.33205,0.00694,7.3531,6.5296,6.6426,6.7493,-1.9886,10
2018-05-15 03:04:00,1.3411,-0.99741,121.9,7.878999999999999,13.406,10.387,-0.0213899999999999,1.3282,-0.0293199999999999,7.327,6.5076,6.5961,6.7463,-1.9886,10
2018-05-15 03:05:00,1.3411,-1.0085,121.95,7.8371,13.407,10.367,-0.02542,-0.518,0.01178,7.312999999999999,6.4732,6.5146,6.5919,-1.9886,10
2018-05-15 03:06:00,1.3422,-0.9974,121.95,7.7493,13.409,10.346,-0.02615,-0.94303,0.0248099999999999,7.2779,6.3721,6.497,6.5602,-1.9886,10
2018-05-15 03:07:00,1.342,-1.0639,121.89,7.6622,13.409,10.328,-0.02194,-0.48258,0.0159499999999999,7.2464,6.3125,6.441,6.4922,-1.9886,10
2018-05-15 03:08:00,1.342,-1.0528,121.88,7.5853,13.41,10.315,-0.02249,0.30991,-0.00451,7.222,6.352,6.3885,6.4088,-1.9886,10
2018-05-15 03:09:00,1.3411,-1.0417,121.91,7.517,13.409,10.301,-0.02085,0.8456099999999999,-0.0178199999999999,7.192,6.2643,6.3514,6.409,-1.9886,10
2018-05-15 03:10:00,1.3414,-0.9863,121.94,7.4953,13.41,10.283,-0.0245,0.90759,-0.02333,7.1796,6.2968,6.3326,6.3839,-1.9886,10
2018-05-15 03:11:00,1.3419,-0.9863,122.1,7.4494,13.409,10.267,-0.02469,0.64195,-0.01793,7.1643,6.2583,6.2899,6.2829,-1.9886,10
2018-05-15 03:12:00,1.3406,-1.0196,122.45,7.3802,13.41,10.241,-0.0213899999999999,-0.1549599999999999,-0.00133,7.1103,6.075,6.2106,6.2717,-1.9886,10
2018-05-15 03:13:00,1.3392,-1.075,122.52,7.3246,13.411,10.227,-0.02322,0.16381,-0.00317,7.0837,5.9928,6.1846,6.2542,-1.9886,10
2018-05-15 03:14:00,1.3417,-1.0085,122.56,7.2668,13.412,10.216,-0.0252299999999999,0.0442699999999999,-0.0043899999999999,7.0702,6.1205,6.1949,6.1725,-1.9886,10
2018-05-15 03:15:00,1.3412,-1.0418,122.48,7.229199999999999,13.411,10.196,-0.0256,0.71725,-0.02356,7.0396,6.0456,6.1714,6.1622,-1.9886,10
2018-05-15 03:16:00,1.3426,-1.0085,122.45,7.1833,13.413,10.177,-0.0228599999999999,-0.73053,0.02015,7.0194,5.9713,6.1111,6.0928,-1.9886,10
2018-05-15 03:17:00,1.342,-1.0528,122.47,7.1322,13.413,10.157,-0.0228599999999999,-0.4028999999999999,0.01115,6.9844,6.0352,6.0212,5.9846,-1.9886,10
2018-05-15 03:18:00,1.3409,-1.0861,122.45,7.1036,13.414,10.158,-0.0144499999999999,0.88551,-0.01463,6.9527,5.943,6.04,6.0857,-1.9886,10
2018-05-15 03:19:00,1.342,-1.0418,122.48,7.0843,13.414,10.144,-0.02322,-0.1283999999999999,0.00445,6.9505,5.9415,6.0434,6.009,-1.9886,10
2018-05-15 03:20:00,1.3404,-1.0307,122.49,7.0483,13.417,10.112,-0.0144499999999999,-0.03542,0.00097,6.9071,5.8896,6.0133,5.9775,-1.9886,10
2018-05-15 03:21:00,1.3418,-1.0307,122.48,7.0066,13.415,10.087,-0.0239599999999999,0.54459,-0.0177399999999999,6.8735,5.9157,5.9599,5.9311,-1.9887,10
2018-05-15 03:22:00,1.3415,-1.0085,122.53,6.9817,13.416,10.075,-0.02706,0.3719199999999999,-0.00742,6.854,5.8217,5.9391,5.958,-1.9887,10
2018-05-15 03:23:00,1.3426,-1.075,122.49,6.9498,13.417,10.057,-0.02194,0.15939,-0.00491,6.8418,5.8179,6.0063,5.9283,-1.9887,10
2018-05-15 03:24:00,1.3415,-1.075,122.52,6.9158,13.417,10.036,-0.02066,0.0531299999999999,-0.0053099999999999,6.8153,5.7878,5.9734,5.9347,-1.9887,10
2018-05-15 03:25:00,1.3423,-1.0307,122.52,6.903,13.418,10.012,-0.0237699999999999,-0.15497,-0.0014499999999999,6.8037,5.8373,5.921,5.9083,-1.9887,10
2018-05-15 03:26:00,1.3415,-1.075,122.49,6.9349,13.418,9.9939,-0.02048,-0.06199,0.00125,6.7873,5.8897,5.9284,5.9635,-1.9887,10
2018-05-15 03:27:00,1.3423,-1.0861,122.55,7.0123,13.418,9.9836,-0.0190199999999999,0.1771099999999999,0.00165,6.8084,5.9138,5.9756,6.0255,-1.9887,10
2018-05-15 03:28:00,1.3423,-1.0086,122.51,7.0421,13.42,9.9624,-0.0213999999999999,-0.46933,0.00944,6.8123,5.9409,5.9753,5.9971,-1.9887,10
2018-05-15 03:29:00,1.3421,-1.0418,122.54,7.0155,13.421,9.9412,-0.02578,-0.63316,0.02143,6.7846,5.8252,5.97,6.0199,-1.9888,10
2018-05-15 03:30:00,1.3429,-1.0418,122.53,7.0045,13.419,9.9113,-0.0287099999999999,-0.07527,0.00365,6.7602,5.8373,5.9835,6.0523,-1.9888,10
2018-05-15 03:31:00,1.3429,-1.0418,122.51,6.9868,13.421,9.9007,-0.02103,-0.0841299999999999,0.00319,6.7586,5.8884,5.9608,6.0493,-1.9888,10
2018-05-15 03:32:00,1.3423,-1.0086,122.5,7.0379,13.421,9.883,-0.0299899999999999,0.3763599999999999,-0.0088699999999999,6.7604,5.9521,6.0146,6.0828,-1.9888,10
2018-05-15 03:33:00,1.3429,-1.0418,122.51,7.1287,13.423,9.8602,-0.02414,0.4826199999999999,-0.00991,6.7536,5.9952,6.0591,6.1525,-1.9888,10
2018-05-15 03:34:00,1.3432,-0.9864,122.33,7.2784,13.423,9.8372,-0.03182,-0.30109,-0.00102,6.7859,6.0247,6.0261,6.1188,-1.9888,10
2018-05-15 03:35:00,1.3418,-1.0197,122.17,7.347699999999999,13.424,9.8199,-0.0201199999999999,0.24796,-0.0018699999999999,6.7706,5.8906,6.074,6.1436,-1.9888,10
2018-05-15 03:36:00,1.3421,-1.0751,122.17,7.3365,13.422,9.8141,-0.01207,-0.85901,0.00561,6.7837,5.9128,6.0463,6.0478,-1.9888,10
2018-05-15 03:37:00,1.3416,-1.0973,122.17,7.268799999999999,13.423,9.7893,-0.02835,0.3365199999999999,-0.00813,6.744,5.7564,5.9926,6.0952,-1.9888,10
2018-05-15 03:38:00,1.3432,-1.1305,122.14,7.234,13.423,9.7685,-0.02414,0.21697,-0.0073,6.7525,5.8275,6.0229,6.0573,-1.9889,10
2018-05-15 03:39:00,1.3416,-1.1749,122.11,7.2308,13.423,9.7393,-0.02615,-0.29225,0.0080199999999999,6.7478,5.8185,6.0026,6.0385,-1.9889,10
2018-05-15 03:40:00,1.3433,-1.0641,122.19,7.1979,13.423,9.734,-0.02067,0.30553,-0.00176,6.7424,5.8082,5.9474,6.0429,-1.9889,10
2018-05-15 03:41:00,1.3433,-1.0862,122.15,7.0924,13.424,9.7115,-0.0201199999999999,-0.05314,0.00238,6.7267,5.8036,5.9766,5.9871,-1.9889,10
2018-05-15 03:42:00,1.343,-1.0087,122.2,7.0168,13.424,9.6908,-0.02707,1.1425,-0.03079,6.6982,5.8187,5.9389,5.9656,-1.9612,10
2018-05-15 03:43:00,1.3436,-0.98649,122.23,6.9821,13.424,9.6696,-0.0287099999999999,1.107,-0.0313599999999999,6.6832,5.8536,5.9253,5.9738,-1.7126,10
2018-05-15 03:44:00,1.343,-1.0752,122.21,7.0239,13.426,9.6541,-0.02579,0.15056,0.0019,6.6683,5.7578,5.909,5.9996,-1.8231,10
2018-05-15 03:45:00,1.3433,-1.0419,122.25,7.0593,13.426,9.6351,-0.0199399999999999,-1.0583,0.02125,6.6639,5.8321,5.901,5.9861,-1.9889,10
2018-05-15 03:46:00,1.3436,-1.0863,122.2,7.1149,13.427,9.6192,-0.02323,-0.39854,0.00923,6.6395,5.7852,5.9483,6.0937,-1.9889,10
2018-05-15 03:47:00,1.3422,-1.0641,122.16,7.1441,13.429,9.6072,-0.0252399999999999,-0.0398499999999999,0.00434,6.6203,5.7322,5.9009,6.0619,-1.9889,10
2018-05-15 03:48:00,1.3436,-1.0198,122.14,7.1537,13.426,9.5775,-0.0228599999999999,0.4693999999999999,-0.01553,6.5897,5.7979,5.7993,5.9413,-1.9889,10
2018-05-15 03:49:00,1.3439,-1.0641,122.17,7.1353,13.428,9.5616,-0.02945,0.74838,-0.0211,6.5541,5.611,5.7636,5.8965,-1.9889,10
2018-05-15 03:50:00,1.3447,-1.0863,122.13,7.1018,13.428,9.5495,-0.02341,-0.38527,0.0058399999999999,6.5447,5.5918,5.6572,5.71,-2.1546,10
2018-05-15 03:51:00,1.3434,-1.0309,122.19,7.0648,13.428,9.5268,-0.02817,-0.92109,0.0295699999999999,6.5135,5.5183,5.6224,5.6315,-2.2651,10
2018-05-15 03:52:00,1.3439,-1.042,122.18,7.0343,13.43,9.5073,-0.03329,0.39855,-0.01052,6.4812,5.5599,5.6274,5.5915,-2.348,10
2018-05-15 03:53:00,1.3445,-1.1085,122.2,7.0209,13.429,9.4847,-0.02451,0.39855,-0.0055999999999999,6.4521,5.4787,5.6679,5.6123,-2.2651,10
2018-05-15 03:54:00,1.3437,-1.1196,122.14,7.0217,13.43,9.4831,-0.0199399999999999,-0.26127,0.00191,6.4681,5.5769,5.6824,5.5403,-2.4309,10
2018-05-15 03:55:00,1.3431,-1.1085,122.05,6.9759,13.429,9.4583,-0.0224999999999999,0.1771399999999999,-0.00506,6.4411,5.6428,5.6428,5.5316,-2.2928,10
2018-05-15 03:56:00,1.3437,-1.0752,122.16,6.9262,13.43,9.4427,-0.02835,-0.4207,0.00266,6.436,5.6735,5.587,5.5089,-2.0718,10
2018-05-15 03:57:00,1.3434,-1.0863,122.15,6.9206,13.432,9.4146,-0.02908,-0.38084,0.0091699999999999,6.4182,5.5973,5.5804,5.5882,-2.2375,10
2018-05-15 03:58:00,1.3437,-1.0641,122.13,6.9424,13.43,9.4022,-0.02817,0.4339799999999999,-0.0098899999999999,6.4016,5.5842,5.549,5.644,-2.2375,10
2018-05-15 03:59:00,1.3431,-1.0198,122.12,6.9698,13.431,9.3866,-0.0213999999999999,0.6465499999999998,-0.01742,6.3921,5.612,5.4973,5.6373,-2.2928,10
2018-05-15 04:00:00,1.3445,-1.0974,122.11,7.0052,13.431,9.3654,-0.02908,0.03543,0.00199,6.3695,5.4978,5.4585,5.6463,-2.6243,10
2018-05-15 04:01:00,1.3445,-1.0863,122.05,7.0337,13.433,9.3425,-0.02853,-0.11071,0.0062599999999999,6.3492,5.5169,5.4416,5.5908,-2.9558,10
2018-05-15 04:02:00,1.3445,-1.0531,121.98,7.0895,13.431,9.325,-0.02853,-0.5137,0.01199,6.3513,5.455,5.4142,5.5711,-2.8729,10
2018-05-15 04:03:00,1.3442,-1.0974,121.94,7.166,13.432,9.3163,-0.02103,-0.8281199999999999,0.01446,6.3516,5.5271,5.4567,5.5538,-2.5414,10
2018-05-15 04:04:00,1.3453,-1.1085,121.89,7.2465,13.432,9.2986,-0.02835,-0.2878499999999999,0.0099799999999999,6.3212,5.4326,5.4981,5.747,-2.5414,10
2018-05-15 04:05:00,1.3442,-1.0531,121.84,7.3399,13.434,9.2741,-0.03091,-0.34099,0.00986,6.3183,5.5079,5.5451,5.761,-2.6795,10
2018-05-15 04:06:00,1.3456,-1.0974,121.82,7.442999999999999,13.432,9.2618,-0.0263399999999999,-0.15057,0.00033,6.3228,5.5095,5.5777,5.7929,-2.3757,10
2018-05-15 04:07:00,1.344,-1.0863,121.8,7.4946,13.432,9.2353,-0.0276199999999999,0.48713,-0.01269,6.2878,5.5075,5.5623,5.8457,-2.4309,10
2018-05-15 04:08:00,1.3442,-1.0863,121.87,7.5293,13.435,9.2231,-0.02689,-1.2311,0.0341199999999999,6.2888,5.4966,5.5887,5.9403,-2.1823,10
2018-05-15 04:09:00,1.3437,-1.0642,121.79,7.5317,13.433,9.209,-0.0261599999999999,0.34099,-0.00493,6.2936,5.5703,5.635,6.0386,-2.1823,10
2018-05-15 04:10:00,1.344,-1.0974,121.75,7.5406,13.434,9.1897,-0.0261599999999999,-0.02214,0.0032399999999999,6.3058,5.6577,5.6394,6.0163,-2.2928,10
2018-05-15 04:11:00,1.3442,-1.0863,121.71,7.5068,13.436,9.1704,-0.02195,-0.90342,0.01789,6.3236,5.6031,5.6889,6.0362,-2.3204,10
2018-05-15 04:12:00,1.3431,-1.1418,121.72,7.4584,13.435,9.151,-0.0327399999999999,1.054,-0.03364,6.2964,5.5843,5.7025,6.1018,-2.4033,10
2018-05-15 04:13:00,1.3442,-1.175,121.67,7.408299999999999,13.436,9.1387,-0.0299999999999999,-0.36757,0.01237,6.3064,5.6978,5.6507,5.9664,-2.4586,10
2018-05-15 04:14:00,1.3445,-1.1196,121.67,7.3863,13.437,9.1264,-0.02341,-0.75728,0.01686,6.3243,5.6503,5.7101,6.0861,-2.3481,10
2018-05-15 04:15:00,1.3434,-1.0531,121.72,7.390399999999999,13.437,9.107,-0.0212199999999999,1.1736,-0.0225899999999999,6.3435,5.8115,5.827,6.1896,-2.0718,10
2018-05-15 04:16:00,1.3437,-1.0863,121.63,7.4413,13.436,9.0965,-0.0267,1.1027,-0.0336499999999999,6.3778,5.9225,5.9204,6.2668,-1.9889,10
2018-05-15 04:17:00,1.3437,-1.1307,121.61,7.4954,13.436,9.0719,-0.02177,0.8148499999999999,-0.01872,6.3903,5.9217,6.0011,6.3749,-1.9889,10
2018-05-15 04:18:00,1.3442,-1.042,121.62,7.6196,13.436,9.0649,-0.02981,0.155,-0.0060899999999999,6.4549,6.1029,6.1093,6.4219,-1.9889,10
2018-05-15 04:19:00,1.3434,-1.0088,121.61,7.7366,13.439,9.049,-0.0248799999999999,-0.3764199999999999,0.02076,6.4952,6.106,6.2079,6.5233,-1.9889,10
2018-05-15 04:20:00,1.3456,-1.0974,121.59,7.9183,13.438,9.0315,-0.0320099999999999,1.333,-0.04483,6.5611,6.1355,6.3336,6.7205,-1.9889,10
2018-05-15 04:21:00,1.3437,-1.042,121.6,8.0614,13.438,9.0156,-0.0252399999999999,0.4118499999999999,-0.0124499999999999,6.6126,6.2053,6.3809,6.6828,-1.9889,10
2018-05-15 04:22:00,1.3448,-1.0531,121.57,8.1255,13.436,9.0015,-0.02049,0.91671,-0.01769,6.6855,6.2881,6.3562,6.6665,-1.9889,10
2018-05-15 04:23:00,1.3448,-1.1085,121.57,8.174799999999998,13.439,8.9822,-0.02213,1.8068,-0.04062,6.7187,6.2911,6.3895,6.7152,-1.9889,10
2018-05-15 04:24:00,1.3445,-1.0642,121.6,8.2526,13.436,8.9787,-0.0299999999999999,2.6438,-0.0748199999999999,6.7566,6.341,6.4112,6.7454,-1.9889,10
2018-05-15 04:25:00,1.3437,-1.0974,121.61,8.329399999999998,13.436,8.9594,-0.0267,2.7457,-0.07362,6.7855,6.3474,6.4584,6.7743,-2.0995,10
2018-05-15 04:26:00,1.344,-1.1307,121.59,8.395799999999998,13.437,8.950599999999998,-0.02103,3.7554,-0.0790099999999999,6.8266,6.4053,6.4777,6.7915,-2.0995,10
2018-05-15 04:27:00,1.3437,-1.0753,121.61,8.475099999999998,13.437,8.9383,-0.0274399999999999,5.022,-0.1358099999999999,6.8401,6.3887,6.4927,6.817,-2.1271,10
2018-05-15 04:28:00,1.344,-1.1307,121.62,8.465899999999998,13.435,8.9295,-0.02433,5.1061,-0.1197,6.8447,6.3371,6.4298,6.7247,-2.0995,10
2018-05-15 04:29:00,1.3443,-1.1307,121.66,8.4351,13.436,8.9137,-0.02085,6.9794,-0.14998,6.8274,6.2903,6.3795,6.6505,-2.0718,10
2018-05-15 04:30:00,1.3448,-1.0864,121.69,8.3404,13.437,8.8961,-0.02213,7.1831,-0.1571799999999999,6.8126,6.1321,6.2136,6.4264,-1.989,10
2018-05-15 04:31:00,1.3448,-1.1307,121.7,8.1377,13.437,8.8961,-0.0277999999999999,9.6011,-0.2669199999999999,6.7529,5.9473,6.1174,6.3042,-2.0166,10
2018-05-15 04:32:00,1.344,-1.175,121.62,7.927399999999999,13.436,8.876699999999998,-0.03036,8.7065,-0.26338,6.7068,5.8449,5.9384,6.0178,-2.1271,10
2018-05-15 04:33:00,1.3437,-1.1639,121.65,7.7461,13.437,8.875,-0.0237799999999999,8.8217,-0.2111599999999999,6.651,5.6842,5.8565,5.9345,-1.989,10
2018-05-15 04:34:00,1.3443,-1.1196,121.68,7.6312,13.436,8.875,-0.02561,10.757,-0.2756,6.6082,5.6773,5.8186,5.924,-1.9889,10
2018-05-15 04:35:00,1.3434,-1.1639,121.68,7.5618,13.437,8.853899999999998,-0.02359,9.5967,-0.22452,6.5597,5.571,5.7531,5.8614,-1.9889,10
2018-05-15 04:36:00,1.3434,-1.0864,121.7,7.5167,13.435,8.853899999999998,-0.0237799999999999,8.812799999999998,-0.2101899999999999,6.5386,5.6061,5.7503,5.8192,-1.9889,10
2018-05-15 04:37:00,1.3437,-1.1085,121.68,7.4847,13.436,8.8381,-0.0228599999999999,10.212,-0.23007,6.4975,5.6022,5.6971,5.7695,-1.9889,10
2018-05-15 04:38:00,1.3434,-1.1085,121.64,7.4645,13.436,8.8328,-0.02341,11.922,-0.2767899999999999,6.462,5.5434,5.6489,5.7474,-1.9889,10
2018-05-15 04:39:00,1.3459,-1.2526,121.63,7.489,13.438,8.8293,-0.01975,15.119,-0.2930599999999999,6.4234,5.3921,5.5821,5.7389,-1.9889,10
2018-05-15 04:40:00,1.3445,-1.175,121.64,7.4257,13.437,8.8117,-0.01975,17.081,-0.34076,6.3692,5.3168,5.5201,5.6397,-1.8232,10
2018-05-15 04:41:00,1.3443,-1.1639,121.69,7.2944,13.439,8.8117,-0.01701,19.924,-0.33916,6.3418,5.3231,5.4082,5.4948,-1.1602,10
2018-05-15 04:42:00,1.344,-1.1085,121.71,7.2184,13.44,8.8117,-0.01555,21.213,-0.33072,6.3214,5.259,5.3329,5.3463,-0.66298,10
2018-05-15 04:43:00,1.3443,-1.175,121.69,7.1641,13.44,8.81,-0.0164599999999999,24.229,-0.4025199999999999,6.2676,5.2072,5.3135,5.4008,-0.1381199999999999,10
2018-05-15 04:44:00,1.3454,-1.1196,121.72,7.1327,13.44,8.801199999999998,-0.0190199999999999,28.006,-0.53453,6.2356,5.3321,5.2864,5.4672,0.1933699999999999,10
2018-05-15 04:45:00,1.3451,-1.1418,121.76,7.1772,13.441,8.7854,-0.0190199999999999,29.569,-0.5590399999999999,6.2211,5.2951,5.338,5.5455,0.69061,10
2018-05-15 04:46:00,1.3456,-1.2526,121.74,7.2652,13.439,8.7695,-0.0213999999999999,33.139,-0.70818,6.2186,5.3383,5.4438,5.6239,1.4088,10
2018-05-15 04:47:00,1.3454,-1.1639,121.78,7.3627,13.441,8.7695,-0.01482,36.141,-0.53337,6.2446,5.4079,5.467,5.626,1.989,10
2018-05-15 04:48:00,1.344,-1.1196,121.76,7.388499999999999,13.44,8.760799999999998,-0.0065799999999999,39.609,-0.26124,6.2421,5.5222,5.4835,5.5771,2.0442,10
2018-05-15 04:49:00,1.3456,-1.2305,121.72,7.404899999999999,13.441,8.7485,-0.00402,43.577,-0.18193,6.2255,5.5654,5.4691,5.5703,2.8177,10
2018-05-15 04:50:00,1.3443,-1.2194,121.67,7.368699999999999,13.441,8.7397,-0.0087799999999999,46.633,-0.4102,6.2054,5.4398,5.5024,5.622,3.2597,10
2018-05-15 04:51:00,1.3443,-1.2194,121.7,7.3521,13.441,8.727399999999998,-0.00165,51.686,-0.08745,6.1931,5.4683,5.4697,5.6047,3.7293,10
2018-05-15 04:52:00,1.3451,-1.175,121.7,7.341,13.441,8.727399999999998,-0.00348,54.755,-0.17985,6.198,5.5294,5.5322,5.5653,4.1713,10
2018-05-15 04:53:00,1.3448,-1.2748,121.68,7.351499999999999,13.443,8.727399999999998,-0.00219,62.788,-0.15476,6.2071,5.5639,5.5829,5.6905,5.0,10
2018-05-15 04:54:00,1.3445,-1.2637,121.64,7.3926,13.441,8.7186,-0.00256,71.193,-0.17995,6.2194,5.643,5.5959,5.6339,5.7182,10
2018-05-15 04:55:00,1.3445,-1.2637,121.61,7.4672,13.442,8.7063,-0.00329,80.542,-0.27192,6.2246,5.5927,5.6546,5.6412,5.9668,10
2018-05-15 04:56:00,1.3448,-1.2526,121.65,7.539799999999999,13.441,8.701,0.00329,89.607,0.29197,6.2587,5.6655,5.6746,5.6036,6.3535,10
2018-05-15 04:57:00,1.3443,-1.3413,121.66,7.6112,13.442,8.6835,-0.00348,106.76,-0.40955,6.2558,5.6408,5.7308,5.6288,6.9337,10
2018-05-15 04:58:00,1.3451,-1.2526,121.61,7.615999999999999,13.441,8.6852,-0.0093299999999999,119.58,-1.1198,6.2737,5.6053,5.5982,5.504,7.9282,10
2018-05-15 04:59:00,1.3448,-1.2305,121.55,7.532899999999999,13.441,8.669399999999998,-0.01482,131.09,-1.9563,6.2353,5.4761,5.4698,5.3966,8.314899999999998,10
2018-05-15 05:00:00,1.3451,-1.3081,121.45,7.4608,13.442,8.6642,-0.0069499999999999,141.48,-0.98938,6.2378,5.3941,5.4096,5.3709,9.2541,10
2018-05-15 05:01:00,1.3443,-1.2526,121.32,7.4124,13.442,8.664099999999998,-0.0126199999999999,149.22,-1.8874,6.2476,5.3188,5.3695,5.3315,9.5856,10
2018-05-15 05:02:00,1.3454,-1.3413,121.29,7.418,13.442,8.651799999999998,-0.00786,156.74,-1.2379,6.264,5.3254,5.2797,5.2199,10.525,10
2018-05-15 05:03:00,1.3456,-1.297,121.98,7.4339,13.442,8.6431,-0.0188399999999999,161.81,-3.0519,6.277,5.2279,5.23,5.166,10.746,10
2018-05-15 05:04:00,1.3465,-1.3081,122.68,7.388899999999999,13.443,8.6431,-0.01811,166.85,-3.0173,6.2939,5.2364,5.2124,5.1702,11.795,10
2018-05-15 05:05:00,1.3445,-1.3302,122.62,7.3784,13.443,8.6431,-0.0161,172.54,-2.7756,6.3332,5.2096,5.2124,5.1632,12.348,10
2018-05-15 05:06:00,1.3459,-1.297,122.62,7.4478,13.443,8.6431,-0.00841,177.61,-1.4944,6.3788,5.2222,5.2848,5.2194,13.342,10
2018-05-15 05:07:00,1.3454,-1.3191,122.56,7.468,13.443,8.6308,-0.01866,180.22,-3.3595,6.4191,5.2091,5.2331,5.1465,14.282,10
2018-05-15 05:08:00,1.3459,-1.3191,122.48,7.4511,13.441,8.622,-0.01408,184.9,-2.6108,6.4531,5.1848,5.2629,5.2165,14.972,10
2018-05-15 05:09:00,1.3473,-1.3746,122.45,7.4881,13.441,8.622,-0.01683,188.66,-3.176,6.5114,5.2748,5.2628,5.2333,15.912,10
2018-05-15 05:10:00,1.4146,-3.4032,122.43,7.339,13.439,8.6185,0.00585,167.37,0.90895,6.5521,5.2283,5.3191,5.3508,16.851,10
2018-05-15 05:11:00,1.4319,-3.4919,122.27,7.162,13.439,8.6027,0.01811,159.49,2.8921,6.5818,5.223,5.3046,5.3272,17.928,10
2018-05-15 05:12:00,1.4339,-3.0928,122.34,7.052,13.438,8.600899999999998,0.0261599999999999,158.92,4.1522,6.6279,5.2178,5.2874,5.3156,18.563,10
2018-05-15 05:13:00,1.4344,-2.86,122.28,7.0746,13.436,8.600899999999998,0.02433,158.72,3.8622,6.6903,5.2818,5.2994,5.3149,19.226,10
2018-05-15 05:14:00,1.4286,-2.3168,122.36,7.1704,13.438,8.600899999999998,0.0352999999999999,158.79,5.6138,6.7626,5.2368,5.329,5.3874,20.193,10
2018-05-15 05:15:00,1.4292,-1.8069,122.31,7.1901,13.437,8.600899999999998,0.03932,159.82,6.2815,6.7984,5.1677,5.362,5.5189,21.243,10
2018-05-15 05:16:00,1.4319,-1.1529,122.32,7.216599999999999,13.437,8.600899999999998,0.04408,159.46,7.0361,6.8672,5.248,5.3965,5.5259,22.32,10
2018-05-15 05:17:00,1.4292,-0.76488,122.24,7.3028,13.437,8.600899999999998,0.0402399999999999,160.23,6.4505,6.9331,5.3451,5.4612,5.5801,22.845,10
2018-05-15 05:18:00,1.4284,-0.3214699999999999,122.21,7.3785,13.433,8.600899999999998,0.04701,158.13,7.4291,7.0166,5.3522,5.4739,5.5801,23.48,10
2018-05-15 05:19:00,1.4256,0.06651,122.22,7.505099999999999,13.434,8.600899999999998,0.04573,159.94,7.3139,7.0875,5.4408,5.5801,5.7714,24.862,10
2018-05-15 05:20:00,1.4215,0.54318,122.15,7.702899999999999,13.434,8.600899999999998,0.0561499999999999,160.11,8.9886,7.1674,5.5731,5.6624,5.8909,25.248,10
2018-05-15 05:21:00,1.4137,0.8203099999999999,121.99,7.8591,13.432,8.611499999999998,0.0510299999999999,158.57,8.0934,7.2727,5.6822,5.6843,5.8903,26.436,10
2018-05-15 05:22:00,1.4118,1.3967,122.11,8.0142,13.432,8.622,0.0510299999999999,158.25,8.0813,7.3765,5.6246,5.7434,5.9606,27.072,10
2018-05-15 05:23:00,1.419,2.0286,122.16,8.1347,13.43,8.6273,0.0603599999999999,159.68,9.6369,7.4546,5.7374,5.8028,6.0116,28.177,10
2018-05-15 05:24:00,1.4187,2.339,122.18,8.2156,13.43,8.6431,0.06511,159.09,10.361,7.5336,5.7189,5.8609,6.0704,28.895,10
2018-05-15 05:25:00,1.4115,2.7935,122.19,8.3225,13.43,8.6431,0.06804,158.62,10.792,7.605699999999999,5.7611,5.9375,6.1484,29.807,10
2018-05-15 05:26:00,1.4096,2.9708,122.18,8.394,13.428,8.646599999999998,0.0808399999999999,159.16,12.863,7.675799999999998,5.8026,5.9551,6.1673,30.359,10
2018-05-15 05:27:00,1.416,3.2923,122.17,8.4249,13.427,8.664099999999998,0.07444,159.01,11.843,7.7712,5.7851,5.9679,6.1752,31.547,10
2018-05-15 05:28:00,1.4162,3.5916,122.22,8.433799999999998,13.425,8.679999999999998,0.0784699999999999,158.94,12.479,7.8564,5.7722,5.969,6.1545,32.237,10
2018-05-15 05:29:00,1.4195,3.9131,122.16,8.401799999999998,13.425,8.6975,0.08487,158.84,13.483,7.9447,5.8271,5.967,6.1202,32.79,10
2018-05-15 05:30:00,1.4151,4.2124,122.14,8.372999999999998,13.423,8.7186,0.0788299999999999,158.74,12.512,8.0358,5.8842,5.9629,6.0704,33.812,10
2018-05-15 05:31:00,1.4157,4.6225,122.19,8.4184,13.423,8.732699999999998,0.0888899999999999,158.96,14.129,8.0989,5.8041,5.97,6.1324,34.309,10
2018-05-15 05:32:00,1.4182,4.7334,122.12,8.4212,13.422,8.755499999999998,0.0866999999999999,159.43,13.822,8.144199999999998,5.8187,6.019,6.1729,35.166,10
2018-05-15 05:33:00,1.4209,5.0216,122.11,8.4701,13.42,8.778399999999998,0.09968,159.0,15.854,8.2203,5.8943,6.0384,6.1839,35.801,10
2018-05-15 05:34:00,1.4344,5.1546,122.06,8.551999999999998,13.417,8.8118,0.09932,158.82,15.78,8.327899999999998,5.9012,6.0608,6.221,36.878,10
2018-05-15 05:35:00,1.4433,5.7643,122.01,8.6299,13.417,8.8223,0.10206,158.97,16.227,8.3972,5.9603,6.0552,6.1754,37.735,10
2018-05-15 05:36:00,1.4416,6.8396,121.98,8.6981,13.416,8.8452,0.10206,159.05,16.23,8.4551,6.0241,6.0782,6.1885,38.757,10
2018-05-15 05:37:00,1.4466,7.1943,122.02,8.700599999999998,13.414,8.8786,0.11487,158.93,18.265,8.5298,6.1027,6.1076,6.2081,39.364,10
2018-05-15 05:38:00,1.4524,7.615599999999999,122.0,8.692,13.414,8.904999999999998,0.1106599999999999,159.34,17.64,8.593899999999998,6.1376,6.1102,6.2001,39.779,10
2018-05-15 05:39:00,1.4568,7.6599,121.97,8.6791,13.411,8.945399999999998,0.11432,158.67,18.138,8.6652,6.0721,6.1045,6.1944,40.884,10
2018-05-15 05:40:00,1.4518,7.8151,121.91,8.7302,13.41,8.9718,0.10663,160.74,17.136,8.758,6.0396,6.0783,6.1598,41.215,10
2018-05-15 05:41:00,1.4364,6.9726,121.92,8.7596,13.409,9.0035,0.09603,186.65,17.819,8.8212,6.0012,6.054,6.1137,42.403,10
2018-05-15 05:42:00,1.4311,3.9574,121.94,8.7645,13.408,9.0458,0.06457,208.18,13.361,8.8697,5.9158,6.0248,6.1112,42.707,10
2018-05-15 05:43:00,1.4151,8.6243,121.94,8.8352,13.406,9.0775,0.1092,179.9,19.646,8.9231,5.9083,5.9786,6.044,43.508,10
2018-05-15 05:44:00,1.411,9.4668,121.91,8.8824,13.404,9.119700000000002,0.11962,171.81,20.554,8.9905,5.87,5.9467,6.0113,43.867,10
2018-05-15 05:45:00,1.4107,9.755,121.91,8.931,13.403,9.155,0.12182,171.39,20.878,9.1124,5.8282,5.9238,5.9779,44.309,10
2018-05-15 05:46:00,1.4057,10.254,121.92,8.9741,13.404,9.1972,0.12383,171.42,21.213,9.1924,5.825,5.8904,5.9213,44.503,10
2018-05-15 05:47:00,1.4049,10.553,121.85,9.0001,13.402,9.2342,0.12383,171.34,21.212,9.2134,5.7687,5.8658,5.9107,45.027,10
2018-05-15 05:48:00,1.4044,10.963,121.84,9.0367,13.404,9.283600000000002,0.1260199999999999,171.5,21.61,9.3081,5.7418,5.874,5.9246,45.469,10
2018-05-15 05:49:00,1.4008,11.518,121.81,9.083900000000002,13.397,9.3259,0.1278499999999999,171.19,21.884,9.4049,5.7802,5.854,5.8842,46.408,10
2018-05-15 05:50:00,1.403,11.617,121.81,9.1029,13.4,9.3771,0.13023,171.47,22.331,9.528,5.7402,5.8773,5.9329,46.436,10
2018-05-15 05:51:00,1.4041,12.039,121.84,9.129,13.396,9.4212,0.1333399999999999,171.77,22.907,9.6537,5.7614,5.836,5.8817,47.237,10
2018-05-15 05:52:00,1.4049,12.427,121.85,9.1306,13.394,9.4741,0.14248,171.28,24.407,9.7227,5.7206,5.8689,5.935,47.707,10
2018-05-15 05:53:00,1.4096,12.715,121.93,9.1724,13.394,9.52,0.14066,171.62,24.142,9.8174,5.7183,5.8751,5.9545,47.734,10
2018-05-15 05:54:00,1.4074,13.136,121.94,9.2351,13.392,9.5695,0.14358,171.1,24.566,9.9485,5.7569,5.8785,5.9411,48.204,10
2018-05-15 05:55:00,1.4046,13.291,121.91,9.2797,13.39,9.624300000000002,0.1432199999999999,171.93,24.625,10.09,5.7509,5.9013,6.0026,48.397,10
2018-05-15 05:56:00,1.4038,13.934,121.94,9.3128,13.39,9.673,0.14852,171.4,25.458,10.179,5.7846,5.9069,6.0011,49.309,10
2018-05-15 05:57:00,1.4074,13.756,121.92,9.347,13.387,9.7289,0.15254,171.38,26.142,10.258,5.824,5.954,6.0609,49.723,10
2018-05-15 05:58:00,1.4079,14.144,121.86,9.4434,13.386,9.789,0.15437,171.4,26.457,10.483,5.8592,6.0061,6.1116,49.723,10
2018-05-15 05:59:00,1.4079,14.277,121.84,9.6472,13.383,9.8405,0.14724,171.38,25.23,10.727,5.8829,6.046,6.1521,49.778,10
2018-05-15 06:00:00,1.4112,14.665,121.89,9.8525,13.38,9.8972,0.15967,171.5,27.384,10.957,5.9197,6.0722,6.2114,50.856,10
2018-05-15 06:01:00,1.4049,14.998,121.85,10.048,13.38,9.961,0.1635099999999999,171.52,28.045,11.206,5.953,6.1006,6.2467,51.27,10
2018-05-15 06:02:00,1.4099,15.852,121.76,10.034,13.378,10.018,0.17376,170.89,29.692,11.351,5.9505,6.0896,6.2323,52.983,10
2018-05-15 06:03:00,1.4099,16.506,121.86,10.032,13.378,10.083,0.1752199999999999,172.16,30.164,11.525,6.0061,6.115,6.3054,54.972,10
2018-05-15 06:04:00,1.414,17.658,121.94,10.046,13.377,10.153,0.184,171.8,31.613,11.775,6.1025,6.1243,6.3062,57.651,10
2018-05-15 06:05:00,1.4248,18.545,121.92,10.056,13.376,10.204,0.18876,172.05,32.474,11.982,5.9942,6.184,6.4326,60.303,10
2018-05-15 06:06:00,1.4245,19.576,121.97,10.099,13.373,10.268,0.19388,170.34,33.023,12.187,6.0896,6.202,6.4479,63.259,10
2018-05-15 06:07:00,1.4272,21.106,121.96,10.087,13.371,10.334,0.2059499999999999,171.4,35.295,12.307,6.1551,6.2099,6.507,66.158,10
2018-05-15 06:08:00,1.4272,21.948,121.99,10.019,13.37,10.401,0.2076,171.33,35.562,12.354,6.1025,6.2704,6.67,69.333,10
2018-05-15 06:09:00,1.4264,23.146,122.03,9.9727,13.369,10.471,0.22022,172.16,37.915,12.405,6.183,6.2975,6.784,72.206,10
2018-05-15 06:10:00,1.4261,24.465,122.01,9.9582,13.366,10.538,0.23247,170.6,39.662,12.453,6.2182,6.3734,6.8963,75.437,10
2018-05-15 06:11:00,1.4261,26.105,121.98,10.038,13.364,10.605,0.24124,172.5,41.615,12.53,6.3134,6.4601,7.0349,78.474,10
2018-05-15 06:12:00,1.4288,27.634,121.91,10.043,13.364,10.677,0.25258,171.05,43.201,12.616,6.4843,6.478,7.0064,81.872,10
2018-05-15 06:13:00,1.4302,28.588,121.91,10.081,13.362,10.747,0.25752,174.34,44.882,12.663,6.4081,6.5942,7.2095,85.215,10
2018-05-15 06:14:00,1.4214,29.651,121.9,10.114,13.359,10.817,0.2255099999999999,201.96,45.424,12.767,6.606,6.6776,7.261999999999999,88.337,10
2018-05-15 06:15:00,1.4478,21.216,121.88,10.21,13.357,10.883,0.16241,237.81,38.288,12.91,6.6344,6.8246,7.4376,91.597,10
2018-05-15 06:16:00,1.447,19.653,121.87,10.273,13.357,10.958,0.14796,243.1,35.556,13.047,6.7829,6.9149,7.4639,94.718,10
2018-05-15 06:17:00,1.4285,35.613,121.89,10.243,13.356,11.024,0.25147,212.83,53.437,13.173,6.8863,6.9789,7.5377,97.84,10
2018-05-15 06:18:00,1.4274,38.095,121.93,10.196,13.354,11.104,0.27049,208.14,56.299,13.167,6.9166,7.0772,7.7074,101.35,10
2018-05-15 06:19:00,1.4298,39.869,121.95,10.127,13.351,11.177,0.28164,207.49,58.434,13.257,7.1895,7.1454,7.7236,104.66,10
2018-05-15 06:20:00,1.435,42.017,121.92,10.233,13.352,11.243,0.30486,206.31,62.891,13.488,7.3381,7.2911,7.875499999999999,108.36,10
2018-05-15 06:21:00,1.4394,44.345,121.9,10.311,13.35,11.32,0.3150999999999999,206.4,65.034,13.677,7.4198,7.3966,8.012399999999998,111.4,10
2018-05-15 06:22:00,1.4422,47.625,121.85,10.32,13.349,11.388,0.3269799999999999,206.32,67.465,13.769,7.5086,7.518399999999998,8.1536,114.61,10
2018-05-15 06:23:00,1.4474,49.652,121.88,10.395,13.349,11.46,0.3381299999999999,207.05,70.005,13.972,7.6498,7.675099999999999,8.322699999999998,118.14,10
2018-05-15 06:24:00,1.4548,52.622,121.91,10.447,13.347,11.531,0.3523899999999999,207.07,72.971,14.129,7.7731,7.8369,8.426999999999998,121.79,10
2018-05-15 06:25:00,1.4606,54.573,121.83,10.517,13.346,11.605,0.36592,206.22,75.46299999999998,14.295,8.0088,7.994799999999999,8.4609,125.21,10
2018-05-15 06:26:00,1.4653,58.229,121.88,10.564,13.343,11.672,0.38383,205.86,79.01,14.386,7.9889,8.2185,8.6963,129.05,10
2018-05-15 06:27:00,1.4768,60.556,121.86,10.61,13.344,11.744,0.4035799999999999,203.5,82.101,14.558,8.3236,8.3873,8.769199999999998,132.83,10
2018-05-15 06:28:00,1.4898,63.327,121.89,10.731,13.342,11.815,0.42169,200.41,84.495,14.771,8.5371,8.5868,9.0237,136.26,10
2018-05-15 06:29:00,1.4975,64.899,121.88,10.805,13.341,11.883,0.46282,189.62,87.753,15.008,8.7812,8.7287,9.1006,139.9,10
2018-05-15 06:30:00,1.5058,68.368,121.92,10.912,13.339,11.955,0.4785499999999999,193.52,92.617,15.295,8.907299999999998,8.964,9.3971,143.52,10
2018-05-15 06:31:00,1.511,72.21299999999998,121.87,11.104,13.338,12.026,0.48696,201.09,97.903,15.588,9.095,9.1572,9.595,146.97,10
2018-05-15 06:32:00,1.5187,76.003,121.85,11.168,13.336,12.092,0.48476,209.36,101.48,15.809,9.333900000000002,9.343,9.7911,150.92,10
2018-05-15 06:33:00,1.5305,79.837,121.82,11.227,13.335,12.159,0.49957,212.3,106.06,16.048,9.5161,9.5056,9.9682,154.68,10
2018-05-15 06:34:00,1.544,81.37699999999998,121.86,11.162,13.333,12.231,0.51127,210.93,107.83,16.239,9.5835,9.6771,10.176,158.31,10
2018-05-15 06:35:00,1.563,85.998,121.85,11.098,13.331,12.301,0.55168,205.24,113.2,16.418,9.7801,9.8799,10.456,161.96,10
2018-05-15 06:36:00,1.5708,89.455,121.83,11.147,13.33,12.371,0.5712399999999999,202.25,115.53,16.674,9.9931,10.044,10.694,165.96,10
2018-05-15 06:37:00,1.5881,90.962,121.8,11.154,13.327,12.445,0.59519,201.12,119.7,16.894,10.253,10.188,10.898,169.58,10
2018-05-15 06:38:00,1.5994,95.682,121.73,11.196,13.326,12.515,0.59665,206.42,123.15,17.174,10.442,10.383,11.162,173.12,10
2018-05-15 06:39:00,1.6085,99.672,122.08,11.262,13.324,12.584,0.6023199999999999,213.08,128.34,17.47,10.592,10.556,11.405,176.68,10
2018-05-15 06:40:00,1.6259,102.91,122.28,11.333,13.323,12.654,0.6308399999999998,209.12,131.89,17.641,10.738,10.702,11.624,180.32,10
2018-05-15 06:41:00,1.6383,106.56,122.24,11.424,13.323,12.727,0.64748,213.42,138.16,17.903,10.916,10.873,11.858,183.75,10
2018-05-15 06:42:00,1.6623,110.3,122.22,11.56,13.321,12.797,0.67856,209.88,142.42,18.129,11.094,11.024,12.133,187.42,10
2018-05-15 06:43:00,1.6843,113.3,122.16,11.773,13.317,12.868,0.68295,211.8,144.64,18.388,11.236,11.269,12.44,191.65,10
2018-05-15 06:44:00,1.7028,118.2,122.19,12.007,13.318,12.937,0.7173199999999998,211.03,151.39,18.662,11.451,11.501,12.756,195.4,10
2018-05-15 06:45:00,1.7141,123.0,122.21,12.123,13.316,13.009,0.7224399999999999,214.52,154.95,18.866,11.703,11.581,12.891,198.83,10
2018-05-15 06:46:00,1.7447,125.03,122.06,12.135,13.314,13.076,0.74987,214.25,160.64,19.068,11.842,11.765,13.183,202.46,10
2018-05-15 06:47:00,1.778,129.49,121.83,12.245,13.313,13.147,0.76541,218.06,166.91,19.331,12.09,12.014,13.47,206.52,10
2018-05-15 06:48:00,1.7948,135.07,121.85,12.44,13.311,13.224,0.7879,218.09,171.81,19.743,12.364,12.358,13.757,210.5,10
2018-05-15 06:49:00,1.8232,139.76,121.85,12.657,13.312,13.293,0.7963099999999999,220.95,175.95,20.084,12.529,12.599,14.042,214.45,10
2018-05-15 06:50:00,1.8458,144.06,121.8,12.674,13.306,13.365,0.81295,224.12,182.17,20.33,12.785,12.808,14.127,218.59,10
2018-05-15 06:51:00,1.8679,148.16,121.66,12.7,13.306,13.44,0.83672,226.05,189.12,20.581,13.092,13.164,14.526,222.7,10
2018-05-15 06:52:00,1.8885,152.31,121.67,12.722,13.304,13.517,0.85043,227.14,193.17,20.695,13.306,13.393,14.76,226.58,10
2018-05-15 06:53:00,1.9249,156.39,121.65,12.636,13.301,13.59,0.8785899999999999,224.54,197.24,20.767,13.489,13.606,14.988,230.84,10
2018-05-15 06:54:00,1.9671,159.4,121.68,12.473,13.3,13.659,0.90181,222.55,200.68,20.949,13.733,13.801,15.048,235.53,10
2018-05-15 06:55:00,2.0015,164.66,121.65,12.338,13.298,13.738,0.9402,220.72,207.52,21.09,13.905,13.956,15.22,239.81,10
2018-05-15 06:56:00,2.023,169.46,121.61,12.227,13.298,13.811,0.94807,224.56,212.87,21.236,14.121,14.266,15.508,243.9,10
2018-05-15 06:57:00,2.0487,173.02,121.59,12.281,13.295,13.892,0.95117,227.53,216.41,21.533,14.446,14.601,15.725,247.93,10
2018-05-15 06:58:00,2.077,177.22,121.62,12.344,13.294,13.966,0.96687,231.05,223.35,21.664,14.665,14.779,15.955,252.32,10
2018-05-15 06:59:00,2.0913,181.21,121.66,12.326,13.292,14.042,1.0022,227.71,228.18,21.831,14.857,15.016,16.047,256.52,10
2018-05-15 07:00:00,2.1145,184.59,121.69,12.205,13.29,14.121,1.0131,231.35,234.36,22.013,15.025,15.191,16.077,260.76,10
2018-05-15 07:01:00,2.1414,188.82,121.58,12.065,13.288,14.196,1.042,228.98,238.54,22.135,15.195,15.417,16.215,264.7,10
2018-05-15 07:02:00,2.1566,194.36,121.48,12.084,13.288,14.28,1.0963,221.18,242.44,22.406,15.617,15.696,16.532,268.68,10
2018-05-15 07:03:00,2.1869,197.05,121.52,12.173,13.287,14.354,1.1212,219.45,246.02,22.647,15.785,15.986,16.864,272.68,10
2018-05-15 07:04:00,2.2031,200.76,121.52,12.252,13.284,14.428,1.1546,214.78,247.96,22.911,16.075,16.249,17.047,277.09,10
2018-05-15 07:05:00,2.2392,206.93,121.56,12.319,13.281,14.5,1.1632,220.17,256.08,23.05,16.203,16.433,17.234,281.18,10
2018-05-15 07:06:00,2.2778,212.69,121.52,12.389,13.281,14.583,1.1676,225.72,263.5,23.265,16.567,16.885,17.609,284.88,10
2018-05-15 07:07:00,2.2935,216.05,121.53,12.618,13.279,14.662,1.1771,227.57,267.84,23.59,16.935,17.274,17.955,288.63,10
2018-05-15 07:08:00,2.3274,221.3,121.55,12.777,13.278,14.738,1.1942,229.99,274.64,23.805,17.266,17.537,18.24,292.36,10
2018-05-15 07:09:00,2.3525,224.27,121.47,12.96,13.275,14.819,1.1999,231.59,277.87,24.077,17.427,17.768,18.509,295.91,10
2018-05-15 07:10:00,2.3813,228.16,121.52,13.033,13.276,14.897,1.2306,231.55,284.88,24.244,17.812,18.219,18.824,299.92,10
2018-05-15 07:11:00,2.4039,232.52,121.5,13.087,13.27,14.981,1.2825,223.48,286.59,24.566,18.07,18.386,19.015,304.11,10
2018-05-15 07:12:00,2.4227,235.64,121.45,13.11,13.271,15.053,1.3139,221.69,291.16,24.685,18.149,18.524,19.163,308.08,10
2018-05-15 07:13:00,2.4585,240.09,121.52,13.178,13.269,15.137,1.3207,223.8,295.53,24.993,18.461,18.991,19.452,311.92,10
2018-05-15 07:14:00,2.4824,245.79,121.98,13.179,13.269,15.217,1.3167,229.13,301.68,25.33,18.681,19.224,19.728,315.62,10
2018-05-15 07:15:00,2.5125,249.92,121.97,13.012,13.265,15.304,1.3115,235.48,308.83,25.414,18.872,19.312,19.811,320.45,10
2018-05-15 07:16:00,2.5392,252.87,122.0,13.024,13.263,15.381,1.3249,236.96,313.95,25.587,19.19,19.738,20.107,324.59,10
2018-05-15 07:17:00,2.5899,259.16,122.0,13.092,13.261,15.467,1.3691,234.14,320.52,25.667,19.381,19.927,20.328,328.45,10
2018-05-15 07:18:00,2.6048,262.21,121.98,13.036,13.259,15.552,1.4336,225.83,323.74,25.596,19.513,20.087,20.449,332.54,10
2018-05-15 07:19:00,2.6405,266.81,122.01,13.067,13.256,15.631,1.4195,230.01,326.48,25.893,19.887,20.345,20.602,337.2,10
2018-05-15 07:20:00,2.6692,271.34,121.98,13.1,13.255,15.716,1.463,227.74,333.17,25.886,19.881,20.351,20.824,341.62,10
2018-05-15 07:21:00,2.697,275.95,121.88,13.113,13.254,15.794,1.5096,223.6,337.52,25.981,20.066,20.661,20.755,345.68,10
2018-05-15 07:22:00,2.735,278.13,121.8,13.04,13.253,15.878,1.5007,231.01,346.65,26.15,20.276,20.626,20.946,349.76,10
2018-05-15 07:23:00,2.7656,283.64,121.82,13.06,13.251,15.961,1.4632,237.37,347.28,26.193,20.448,20.707,21.144,353.33,10
2018-05-15 07:24:00,2.811,288.08,121.84,13.011,13.25,16.043,1.5198,234.44,356.31,26.288,20.761,21.081,21.337,357.74,10
2018-05-15 07:25:00,2.8292,293.5,121.84,12.941,13.249,16.122,1.5529,232.49,361.03,26.309,20.822,21.203,21.593,362.24,10
2018-05-15 07:26:00,2.8664,299.26,121.8,12.879,13.247,16.208,1.5692,233.71,366.68,26.296,20.896,21.277,21.831,366.36,10
2018-05-15 07:27:00,2.8936,302.22,121.82,12.828,13.245,16.289,1.5752,235.78,371.34,26.36,21.118,21.491,21.99,370.47,10
2018-05-15 07:28:00,2.9278,307.15,121.86,12.855,13.246,16.372,1.5863,237.13,376.15,26.46,21.216,21.548,22.16,374.58,10
2018-05-15 07:29:00,2.9653,310.67,121.81,12.821,13.244,16.452,1.6423,232.07,381.07,26.452,21.388,21.705,22.208,378.72,10
2018-05-15 07:30:00,2.992,313.88,121.85,12.841,13.242,16.529,1.6923,227.55,385.03,26.599,21.643,21.945,22.607,383.27,10
2018-05-15 07:31:00,3.0179,318.64,121.89,12.868,13.242,16.603,1.711,229.92,393.38,26.435,21.573,21.933,22.772,387.53,10
2018-05-15 07:32:00,3.0614,323.85,121.84,12.759,13.24,16.687,1.7473,226.27,395.34,26.182,21.499,22.13,23.023,391.61,10
2018-05-15 07:33:00,3.0713,326.61,121.9,12.697,13.239,16.774,1.7828,224.57,400.33,26.061,21.727,22.38,23.318,395.98,10
2018-05-15 07:34:00,3.1176,331.82,121.97,12.762,13.237,16.852,1.7947,226.72,406.86,26.299,22.192,22.857,23.633,399.98,10
2018-05-15 07:35:00,3.1529,336.51,121.84,12.886,13.236,16.934,1.8073,230.21,415.97,26.605,22.509,22.957,23.885,404.42,10
2018-05-15 07:36:00,3.1683,339.78,121.88,12.89,13.234,17.012,1.8436,227.11,418.69,26.824,22.773,23.104,23.993,408.09,10
2018-05-15 07:37:00,3.2093,344.92,121.82,12.855,13.231,17.09,1.8301,231.26,423.17,26.872,22.869,23.104,23.937,411.24,10
2018-05-15 07:38:00,3.2391,349.05,121.9,12.906,13.23,17.171,1.8107,235.35,426.12,26.986,23.219,23.264,24.209,414.5,10
2018-05-15 07:39:00,3.2688,354.22,121.92,13.022,13.229,17.253,1.8787,230.29,432.62,27.01,23.152,23.391,24.578,419.55,10
2018-05-15 07:40:00,3.2895,356.35,121.94,13.027,13.228,17.334,1.9438,224.7,436.69,26.968,23.33,23.506,24.648,424.54,10
2018-05-15 07:41:00,3.3394,364.06,121.92,13.076,13.225,17.411,1.922,230.76,443.44,27.018,23.523,23.808,24.891,428.49,10
2018-05-15 07:42:00,3.3749,367.66,122.0,13.039,13.224,17.494,1.8888,238.31,450.07,27.116,23.669,23.916,24.971,432.8,10
2018-05-15 07:43:00,3.4182,372.58,121.98,12.972,13.221,17.571,1.9591,232.77,456.01,27.241,23.579,23.919,24.928,436.94,10
2018-05-15 07:44:00,3.4372,375.67,122.01,13.114,13.221,17.648,2.0072,229.14,459.79,27.415,23.781,24.338,25.16,441.1,10
2018-05-15 07:45:00,3.4531,380.38,121.96,13.009,13.219,17.731,2.0573,225.54,463.98,27.51,24.029,24.517,25.172,445.76,10
2018-05-15 07:46:00,3.5052,383.19,121.96,13.032,13.218,17.813,2.056,227.85,468.45,27.673,24.386,24.696,25.433,449.82,10
2018-05-15 07:47:00,3.5209,388.03,121.91,13.072,13.219,17.896,2.0911,226.99,474.64,27.653,24.421,24.628,25.456,453.18,10
2018-05-15 07:48:00,3.5498,390.29,121.93,13.177,13.218,17.96,2.1096,224.63,473.86,27.669,24.768,25.035,25.871,456.66,10
2018-05-15 07:49:00,3.5934,396.7,121.89,13.323,13.215,18.04,2.1013,230.05,483.4,27.725,24.764,25.164,26.022,460.94,10
2018-05-15 07:50:00,3.6295,400.67,121.93,13.345,13.213,18.11,2.0664,235.76,487.14,27.846,25.293,25.609,26.341,464.35,10
2018-05-15 07:51:00,3.6543,404.23,121.91,13.552,13.213,18.188,2.0638,238.47,492.14,28.086,25.355,26.046,26.531,468.21,10
2018-05-15 07:52:00,3.6904,407.99,121.84,13.385,13.211,18.272,2.1275,233.61,496.98,28.109,25.4,26.173,26.314,472.19,10
2018-05-15 07:53:00,3.7149,411.51,121.81,13.338,13.211,18.342,2.1647,232.45,503.17,28.403,25.727,26.236,26.535,476.1,10
2018-05-15 07:54:00,3.7539,416.67,121.87,13.449,13.21,18.419,2.149,237.39,510.09,28.431,25.709,26.589,26.807,481.18,10
2018-05-15 07:55:00,3.7861,421.04,121.83,13.486,13.209,18.495,2.1623,237.71,513.96,28.756,26.053,26.859,27.058,485.04,10
2018-05-15 07:56:00,3.82,427.97,121.86,13.394,13.206,18.572,2.2135,235.25,520.69,28.969,26.267,26.867,27.194,489.4,10
2018-05-15 07:57:00,3.852,429.45,121.92,13.405,13.206,18.653,2.2197,235.98,523.79,29.115,26.56,27.543,27.549,493.12,10
2018-05-15 07:58:00,3.8768,433.9,121.91,13.491,13.205,18.72,2.2884,231.94,530.74,29.188,26.838,27.445,27.821,497.32,10
2018-05-15 07:59:00,3.9099,436.93,121.88,13.734,13.204,18.789,2.2977,231.07,530.89,29.457,27.348,28.003,28.23,500.59,10
2018-05-15 08:00:00,3.933,438.93,121.88,14.013,13.201,18.863,2.3413,228.44,534.76,29.884,27.775,28.373,28.616,503.76,10
2018-05-15 08:01:00,3.9661,443.45,121.94,14.185,13.2,18.938,2.3511,229.13,538.69,30.138,28.042,28.386,28.951,508.7,10
2018-05-15 08:02:00,4.0119,447.82,121.86,14.269,13.199,19.013,2.3241,235.77,547.88,30.434,28.191,28.829,29.335,512.2,10
2018-05-15 08:03:00,4.0543,451.55,121.88,14.467,13.198,19.083,2.382,229.74,547.23,30.83,28.659,29.176,29.69,516.48,10
2018-05-15 08:04:00,4.0722,454.97,121.88,14.755,13.199,19.157,2.4213,227.99,551.99,31.041,29.251,29.691,30.188,520.07,10
2018-05-15 08:05:00,4.1085,456.55,121.87,15.128,13.196,19.229,2.4288,230.83,560.62,31.377,29.799,30.175,30.382,524.01,10
2018-05-15 08:06:00,4.1396,462.08,121.85,15.438,13.193,19.304,2.4525,231.17,566.93,31.615,29.668,30.484,30.89,527.79,10
2018-05-15 08:07:00,4.1311,463.72,122.48,15.656,13.193,19.38,2.5029,225.7,564.8,32.007,30.125,30.654,31.286,531.74,10
2018-05-15 08:08:00,4.1671,469.78,122.63,15.73,13.192,19.451,2.5058,228.51,572.56,32.359,30.316,31.059,31.51,535.8,10
2018-05-15 08:09:00,4.1998,473.51,122.65,15.812,13.189,19.529,2.4486,236.21,578.33,32.649,30.637,31.267,31.753,540.22,10
2018-05-15 08:10:00,4.2343,478.47,122.63,15.644,13.187,19.605,2.5115,233.17,585.59,32.639,30.362,30.754,31.439,544.72,10
2018-05-15 08:11:00,4.2714,482.52,122.66,15.044,13.185,19.678,2.5328,233.05,590.2,32.419,30.154,30.467,31.209,548.89,10
2018-05-15 08:12:00,4.2949,486.49,122.62,14.942,13.185,19.763,2.5903,227.51,589.27,32.458,30.745,30.978,31.677,553.03,10
2018-05-15 08:13:00,4.3148,488.75,122.68,15.099,13.183,19.837,2.5936,229.95,596.35,32.605,30.918,31.109,31.855,555.42,10
2018-05-15 08:14:00,4.3072,487.63,122.7,14.794,13.183,19.917,2.5959,228.71,593.69,32.444,30.37,30.902,31.22,555.3,10
2018-05-15 08:15:00,4.3314,488.74,122.63,14.383,13.179,19.995,2.6479,225.28,596.48,32.34,30.591,30.953,31.434,559.61,10
2018-05-15 08:16:00,4.3697,492.93,122.63,14.178,13.177,20.076,2.6428,229.14,605.53,32.277,30.508,31.109,31.441,562.97,10
2018-05-15 08:17:00,4.4098,500.8,122.64,13.755,13.176,20.16,2.717,225.22,611.9,32.176,30.496,31.026,31.018,569.67,10
2018-05-15 08:18:00,4.4825,512.96,122.68,13.456,13.178,20.23,2.7056,230.41,623.4,32.368,30.839,31.536,31.156,578.81,10
2018-05-15 08:19:00,4.4776,514.52,122.67,13.6,13.174,20.303,2.7018,230.97,623.99,32.612,31.406,31.955,31.785,578.74,10
2018-05-15 08:20:00,4.4868,514.62,122.62,13.97,13.175,20.38,2.7092,231.05,625.89,32.743,31.638,32.377,32.238,579.64,10
2018-05-15 08:21:00,4.4951,516.48,122.63,14.395,13.173,20.457,2.6898,232.64,625.67,33.102,32.466,32.847,32.735,580.52,10
2018-05-15 08:22:00,4.4975,515.25,122.78,14.762,13.171,20.535,2.6405,237.28,626.43,33.458,33.043,33.172,33.342,584.13,10
2018-05-15 08:23:00,4.5402,519.06,122.8,15.177,13.173,20.605,2.7086,232.61,630.01,33.751,33.334,33.691,33.807,586.89,10
2018-05-15 08:24:00,4.5446,522.98,122.8,15.412,13.17,20.685,2.6748,238.01,636.58,33.936,33.303,33.645,33.924,590.86,10
2018-05-15 08:25:00,4.5895,525.99,122.91,15.452,13.167,20.763,2.7003,237.52,641.18,34.162,33.448,33.551,33.952,598.09,10
2018-05-15 08:26:00,4.6439,533.05,122.94,15.407,13.166,20.839,2.8483,226.9,646.09,34.215,33.593,33.577,34.296,602.83,10
2018-05-15 08:27:00,4.6811,539.28,122.84,15.253,13.166,20.915,2.8649,227.63,652.13,34.18,33.496,33.466,34.113,606.89,10
2018-05-15 08:28:00,4.7087,541.59,122.87,15.238,13.164,20.992,2.8551,231.42,660.69,34.174,33.78,33.671,34.486,609.8,10
2018-05-15 08:29:00,4.7345,545.6,122.92,15.219,13.161,21.063,2.877,230.15,662.04,34.049,33.961,33.758,34.485,614.21,10
2018-05-15 08:30:00,4.7684,551.02,122.86,15.139,13.16,21.142,2.9077,230.68,670.73,33.848,33.772,33.419,34.492,618.68,10
2018-05-15 08:31:00,4.7849,552.08,122.83,15.093,13.158,21.215,2.8245,236.81,668.83,33.818,34.022,33.605,34.886,623.21,10
2018-05-15 08:32:00,4.8311,557.67,122.89,15.301,13.157,21.291,2.923,231.53,676.68,34.124,34.258,34.19,35.292,626.63,10
2018-05-15 08:33:00,4.8493,559.68,122.88,15.491,13.155,21.373,2.9502,230.04,678.6,34.2,34.387,34.535,35.809,629.44,10
2018-05-15 08:34:00,4.8554,561.46,122.92,15.542,13.155,21.444,2.9031,233.76,678.58,34.648,34.525,34.955,35.916,632.7,10
2018-05-15 08:35:00,4.884,563.93,122.84,15.613,13.154,21.523,3.0001,229.27,687.81,34.836,35.056,35.308,36.293,635.34,10
2018-05-15 08:36:00,4.8953,567.78,122.73,15.818,13.151,21.592,3.0185,227.17,685.65,35.197,35.514,35.959,36.64,638.05,10
2018-05-15 08:37:00,4.9308,570.67,122.79,15.847,13.15,21.674,3.0447,227.47,692.55,35.309,35.444,35.968,36.463,641.86,10
2018-05-15 08:38:00,4.9669,573.63,122.82,15.657,13.15,21.751,3.0117,230.63,694.56,35.426,35.508,36.147,36.198,646.66,10
2018-05-15 08:39:00,5.0041,576.86,122.87,15.364,13.148,21.819,3.0317,231.34,701.32,35.432,35.622,35.984,35.472,650.61,10
2018-05-15 08:40:00,5.0219,577.75,122.86,15.24,13.145,21.892,3.0503,232.05,707.8,35.357,35.483,35.533,35.553,653.51,10
2018-05-15 08:41:00,5.0628,582.47,122.9,14.985,13.147,21.967,3.1227,226.67,707.8,35.161,35.286,34.921,35.325,658.14,10
2018-05-15 08:42:00,5.0804,583.61,122.87,14.767,13.145,22.039,3.2029,224.01,717.45,34.717,35.067,34.452,35.233,662.06,10
2018-05-15 08:43:00,5.1432,590.12,122.86,14.821,13.145,22.108,3.1634,227.78,720.52,34.631,35.196,35.006,35.878,666.55,10
2018-05-15 08:44:00,5.1599,594.3,122.85,14.953,13.144,22.179,3.1504,230.64,726.57,34.583,35.527,35.451,36.381,670.17,10
2018-05-15 08:45:00,5.1861,597.49,122.81,15.159,13.143,22.247,3.1765,230.06,730.72,34.839,35.943,35.805,36.873,674.44,10
2018-05-15 08:46:00,5.2178,599.75,122.89,15.255,13.143,22.32,3.1689,230.79,731.34,34.985,36.11,36.124,37.174,678.71,10
2018-05-15 08:47:00,5.2423,605.98,122.86,15.241,13.142,22.391,3.1952,230.26,735.7,35.052,36.125,36.29,37.464,682.1,10
2018-05-15 08:48:00,5.2602,607.89,122.92,15.269,13.14,22.458,3.2231,229.5,739.64,35.172,36.547,36.516,37.878,685.72,10
2018-05-15 08:49:00,5.2996,611.5,122.94,15.258,13.141,22.524,3.2389,229.8,744.2799999999999,35.289,36.264,36.486,37.255,689.48,10
2018-05-15 08:50:00,5.3214,613.85,122.9,15.014,13.138,22.589,3.2897,227.17,747.2999999999998,35.361,36.494,36.283,37.157,694.25,10
2018-05-15 08:51:00,5.3509,617.51,122.83,14.998,13.138,22.649,3.2524,231.18,751.72,35.421,36.499,36.011,37.65,697.7,10
2018-05-15 08:52:00,5.3825,619.62,122.86,15.002,13.138,22.715,3.3302,228.87,762.12,35.66,36.858,36.922,38.284,701.19,10
2018-05-15 08:53:00,5.4,622.68,122.94,14.955,13.139,22.779,3.3506,227.5,762.2,35.885,37.74,37.322,38.532,705.14,10
2018-05-15 08:54:00,5.4138,624.99,122.95,15.145,13.137,22.84,3.2887,232.33,764.0299999999999,36.341,38.062,37.961,39.121,707.89,10
2018-05-15 08:55:00,5.4366,626.02,122.91,15.334,13.136,22.906,3.3888,226.17,766.35,36.61,37.81,37.551,38.912,711.23,10
2018-05-15 08:56:00,5.4845,631.28,122.83,15.226,13.134,22.975,3.4346,225.53,774.58,36.422,37.661,37.292,38.548,715.5,10
2018-05-15 08:57:00,5.5145,637.07,122.9,15.284,13.133,23.027,3.3966,228.6,776.35,36.522,38.157,37.298,39.149,718.87,10
2018-05-15 08:58:00,5.5144,639.3,122.87,15.305,13.134,23.088,3.3004,235.68,777.76,36.619,37.851,37.254,38.987,721.58,10
2018-05-15 08:59:00,5.5213,641.04,122.82,15.098,13.133,23.146,3.3123,235.52,780.07,36.525,37.685,37.862,38.972,723.15,10
2018-05-15 09:00:00,5.5508,643.88,122.83,15.018,13.134,23.21,3.3463,234.25,783.7899999999998,36.481,37.316,37.728,39.259,726.5399999999998,10
2018-05-15 09:01:00,5.5802,648.4,122.8,15.096,13.133,23.266,3.4548,229.1,791.39,36.433,37.546,38.085,39.577,730.5599999999998,10
2018-05-15 09:02:00,5.5917,650.12,122.84,15.334,13.131,23.327,3.5145,225.16,791.25,36.722,37.774,38.351,39.926,733.7899999999998,10
2018-05-15 09:03:00,5.6234,655.13,122.82,15.429,13.129,23.384,3.4904,228.09,796.08,36.732,37.616,37.851,39.261,736.69,10
2018-05-15 09:04:00,5.636,656.73,122.79,15.209,13.131,23.441,3.5073,227.36,797.34,36.874,37.539,38.241,39.311,739.25,10
2018-05-15 09:05:00,5.6649,660.77,122.74,15.283,13.13,23.498,3.5402,227.6,805.65,36.969,37.77,38.052,39.006,743.83,10
2018-05-15 09:06:00,5.6859,662.47,122.74,15.463,13.127,23.551,3.4702,232.13,805.4299999999998,37.097,37.937,37.928,39.014,746.61,10
2018-05-15 09:07:00,5.7034,666.41,122.81,15.461,13.127,23.61,3.4987,231.55,810.09,37.079,37.991,38.005,39.476,748.5299999999999,10
2018-05-15 09:08:00,5.7365,670.42,122.9,15.246,13.128,23.66,3.5201,231.42,814.5499999999998,37.16,37.421,38.005,38.963,753.14,10
2018-05-15 09:09:00,5.7679,673.57,122.89,14.836,13.126,23.72,3.5667,229.75,819.2799999999999,37.172,38.208,38.032,39.087,757.76,10
2018-05-15 09:10:00,5.7943,677.07,122.88,14.79,13.126,23.771,3.5997,229.02,824.33,37.188,38.488,38.831,39.534,762.11,10
2018-05-15 09:11:00,5.8078,677.46,122.94,14.885,13.124,23.824,3.5772,230.39,824.0299999999999,37.557,38.957,39.425,40.129,764.9,10
2018-05-15 09:12:00,5.8119,680.7,122.94,15.075,13.125,23.873,3.6065,229.39,827.24,37.883,38.731,39.635,40.643,767.61,10
2018-05-15 09:13:00,5.8336,681.84,122.98,15.386,13.123,23.924,3.6764,225.65,829.5299999999999,38.113,39.456,39.386,40.924,770.5499999999998,10
2018-05-15 09:14:00,5.857,686.99,122.9,15.6,13.122,23.973,3.7049,225.86,836.7799999999999,38.322,39.398,39.662,40.831,774.6599999999999,10
2018-05-15 09:15:00,5.8827,687.88,122.92,15.763,13.123,24.031,3.6733,228.05,837.6699999999998,38.727,40.078,40.131,41.327,777.75,10
2018-05-15 09:16:00,5.9154,691.2,122.87,15.656,13.121,24.076,3.6649,230.02,842.86,38.54,39.077,38.794,40.701,780.98,10
2018-05-15 09:17:00,5.9496,695.36,122.9,15.437,13.12,24.132,3.6806,231.01,850.23,38.197,39.385,39.033,40.649,783.7899999999998,10
2018-05-15 09:18:00,5.9564,696.75,122.84,15.424,13.118,24.177,3.7033,228.78,847.15,38.493,39.631,39.722,40.86,786.1599999999999,10
2018-05-15 09:19:00,5.9691,698.97,122.8,15.478,13.116,24.23,3.6833,230.73,849.69,38.822,40.299,40.009,41.52,790.35,10
2018-05-15 09:20:00,5.9633,699.1,122.83,15.769,13.117,24.282,3.6391,233.15,848.45,39.166,41.123,40.734,41.971,793.14,10
2018-05-15 09:21:00,6.0079,703.84,122.88,15.75,13.115,24.323,3.6923,230.65,851.59,39.338,40.345,40.555,41.464,796.11,10
2018-05-15 09:22:00,6.0528,706.9,122.87,15.407,13.116,24.372,3.7708,228.8,862.62,39.292,40.346,40.883,41.413,800.3099999999998,10
2018-05-15 09:23:00,6.0583,704.06,122.83,15.286,13.114,24.424,3.7374,230.14,860.0499999999998,39.572,40.568,41.025,41.297,802.4299999999998,10
2018-05-15 09:24:00,6.0856,709.89,122.91,15.155,13.113,24.462,3.7935,227.94,864.58,39.706,40.534,40.933,40.848,804.86,10
2018-05-15 09:25:00,6.0966,711.59,122.92,14.947,13.113,24.51,3.8306,226.38,867.14,39.716,40.352,41.147,40.36,808.5,10
2018-05-15 09:26:00,6.1018,715.19,122.92,14.913,13.114,24.564,3.8494,226.02,870.0,39.876,41.037,41.43,41.282,811.01,10
2018-05-15 09:27:00,6.0969,714.16,122.97,14.983,13.114,24.605,3.9004,223.54,871.87,40.148,41.259,41.595,41.299,812.5,10
2018-05-15 09:28:00,6.1271,716.67,122.81,15.164,13.113,24.669,3.8938,225.44,877.71,40.409,41.283,42.282,41.677,815.7,10
2018-05-15 09:29:00,6.1448,720.0,122.87,15.365,13.113,24.705,3.9142,224.75,879.6799999999998,40.65,41.995,42.395,41.942,819.2,10
2018-05-15 09:30:00,6.1456,724.0499999999998,122.94,15.601,13.111,24.746,3.921,224.73,881.11,40.795,41.938,42.036,41.928,821.63,10
2018-05-15 09:31:00,6.1902,725.5,122.84,15.641,13.11,24.803,3.9179,225.31,882.7,40.664,41.425,41.989,41.608,824.0299999999999,10
2018-05-15 09:32:00,6.2133,726.62,122.83,15.631,13.111,24.849,3.8211,230.85,882.0499999999998,40.558,41.325,41.568,41.294,828.0,10
2018-05-15 09:33:00,6.2445,735.2899999999998,122.85,15.74,13.111,24.899,3.8803,230.35,893.7899999999998,40.443,41.158,41.289,41.554,832.0,10
2018-05-15 09:34:00,6.261,738.84,122.94,15.755,13.107,24.938,3.9084,230.7,901.62,40.217,40.96,41.354,41.318,834.9199999999998,10
2018-05-15 09:35:00,6.2913,736.39,122.86,15.682,13.107,24.989,3.8664,231.96,896.77,40.383,41.264,41.433,41.635,838.15,10
2018-05-15 09:36:00,6.3152,739.6799999999998,122.9,15.634,13.107,25.039,3.9082,229.81,898.07,40.375,41.747,41.281,41.95,840.63,10
2018-05-15 09:37:00,6.3505,743.0499999999998,122.87,15.635,13.107,25.092,3.9805,228.35,908.92,40.184,41.305,41.37,41.389,843.94,10
2018-05-15 09:38:00,6.3703,748.76,122.91,15.346,13.108,25.136,4.0481,223.92,906.44,40.146,41.252,41.159,40.685,847.0599999999998,10
2018-05-15 09:39:00,6.3808,750.9299999999998,122.98,15.241,13.106,25.171,4.0209,226.07,908.95,40.152,41.139,41.096,40.814,849.62,10
2018-05-15 09:40:00,6.4224,750.71,122.85,15.088,13.104,25.219,4.0518,227.03,919.8,39.943,41.023,41.393,41.023,851.89,10
2018-05-15 09:41:00,6.4262,753.89,122.81,15.308,13.105,25.259,4.0496,226.68,917.8900000000002,40.321,41.502,41.79,41.455,855.08,10
2018-05-15 09:42:00,6.4345,753.5399999999998,122.72,15.395,13.104,25.305,4.01,228.2,914.99,40.595,42.632,42.259,42.331,857.8099999999998,10
2018-05-15 09:43:00,6.4202,751.95,122.74,15.658,13.103,25.344,3.9952,228.95,914.6400000000002,40.994,43.339,43.405,43.319,859.96,10
2018-05-15 09:44:00,6.4444,756.5,122.71,15.899,13.102,25.384,4.0427,227.25,918.66,41.499,43.876,43.949,43.886,863.5499999999998,10
2018-05-15 09:45:00,6.4529,755.58,122.69,16.017,13.102,25.428,4.0204,230.24,925.61,41.669,43.225,43.579,43.445,866.09,10
2018-05-15 09:46:00,6.4786,761.2899999999998,122.67,15.769,13.101,25.475,4.0611,227.69,924.61,41.501,43.469,43.758,43.513,869.34,10
2018-05-15 09:47:00,6.5083,758.7999999999998,122.58,15.783,13.098,25.514,4.0564,228.3,926.02,41.508,43.463,43.735,43.108,872.8099999999998,10
2018-05-15 09:48:00,6.5241,764.58,122.62,15.799,13.099,25.559,4.1407,225.16,932.22,41.444,43.283,43.751,43.054,875.6699999999998,10
2018-05-15 09:49:00,6.5422,765.27,122.63,15.923,13.097,25.601,4.1001,227.02,930.73,41.442,43.18,43.725,43.402,877.46,10
2018-05-15 09:50:00,6.5477,768.73,122.66,16.078,13.095,25.643,4.1152,227.78,937.2600000000001,41.556,43.261,44.049,44.091,879.7,10
2018-05-15 09:51:00,6.5644,767.9299999999998,122.59,16.074,13.095,25.686,4.1239,225.89,931.49,41.889,43.942,43.96,44.58,881.19,10
2018-05-15 09:52:00,6.5434,768.39,122.93,16.207,13.094,25.727,4.1626,223.9,931.97,41.847,44.025,43.839,44.491,881.22,10
2018-05-15 09:53:00,6.5214,771.73,123.84,16.143,13.092,25.777,4.2041,223.51,939.5100000000001,41.994,43.834,44.294,44.506,884.2,10
2018-05-15 09:54:00,6.5454,776.86,123.93,16.201,13.092,25.822,4.2487,223.24,948.4,41.825,43.034,43.689,44.223,889.08,10
2018-05-15 09:55:00,6.5628,780.09,123.97,16.017,13.092,25.862,4.2635,221.13,942.6400000000002,41.568,43.175,43.384,43.389,891.87,10
2018-05-15 09:56:00,6.6206,782.98,123.85,15.887,13.091,25.917,4.271,224.75,959.81,41.271,42.971,43.234,42.664,895.77,10
2018-05-15 09:57:00,6.6427,788.38,123.82,15.92,13.092,25.96,4.2926,223.52,959.42,41.219,42.754,43.462,42.512,899.1599999999999,10
2018-05-15 09:58:00,6.6466,786.8099999999998,123.97,15.982,13.091,26.005,4.1625,231.17,962.19,40.844,43.01,43.161,42.847,902.03,10
2018-05-15 09:59:00,6.6504,789.4,123.94,15.915,13.091,26.045,4.1492,231.35,959.88,41.208,43.326,43.704,43.164,904.54,10
2018-05-15 10:00:00,6.6766,793.74,123.87,15.579,13.09,26.084,4.2115,229.23,965.33,41.09,43.393,43.812,43.291,905.68,10
2018-05-15 10:01:00,6.6934,794.15,123.81,15.679,13.089,26.126,4.3018,224.79,966.84,41.315,43.747,43.947,43.246,907.99,10
2018-05-15 10:02:00,6.7069,796.46,123.84,16.003,13.092,26.164,4.3485,222.35,966.84,41.499,44.117,43.914,43.677,911.06,10
2018-05-15 10:03:00,6.7076,797.45,123.86,16.224,13.089,26.222,4.3466,222.57,967.32,41.74,44.546,44.497,44.416,914.15,10
2018-05-15 10:04:00,6.7373,798.7,123.93,16.329,13.089,26.258,4.3513,222.5,968.16,41.752,44.041,44.341,44.319,917.02,10
2018-05-15 10:05:00,6.7357,801.0399999999998,123.87,16.505,13.088,26.296,4.3676,222.51,971.75,41.77,44.952,45.274,45.558,918.68,10
2018-05-15 10:06:00,6.7328,799.15,123.84,16.791,13.086,26.349,4.4095,221.76,977.79,42.098,44.749,45.136,45.822,919.78,10
2018-05-15 10:07:00,6.7515,799.7999999999998,123.83,17.045,13.085,26.39,4.4174,219.93,971.47,42.465,44.774,45.603,46.162,923.09,10
2018-05-15 10:08:00,6.7528,800.1799999999998,123.86,17.035,13.083,26.437,4.406,220.58,971.82,42.511,44.948,45.449,45.756,925.38,10
2018-05-15 10:09:00,6.7644,802.34,123.86,16.909,13.086,26.479,4.4418,220.08,977.5100000000001,42.749,45.428,45.7,46.44,928.08,10
2018-05-15 10:10:00,6.7704,803.36,123.84,17.012,13.084,26.511,4.4007,222.09,977.33,42.931,45.914,46.532,47.074,929.2600000000001,10
2018-05-15 10:11:00,6.7735,804.95,123.75,17.319,13.083,26.563,4.4071,221.27,975.08,43.381,46.474,46.901,47.945,931.17,10
2018-05-15 10:12:00,6.7855,805.45,123.83,17.425,13.082,26.599,4.3788,223.49,978.6,43.684,46.197,47.092,48.154,933.84,10
2018-05-15 10:13:00,6.7924,805.89,123.85,17.533,13.078,26.659,4.4831,218.13,977.77,43.89,46.364,47.167,47.958,935.85,10
2018-05-15 10:14:00,6.8017,805.96,123.88,17.468,13.077,26.709,4.4854,220.0,986.71,43.892,46.248,46.64,47.603,938.47,10
2018-05-15 10:15:00,6.8266,810.12,123.83,17.163,13.076,26.746,4.4221,222.12,982.15,43.643,45.63,46.646,47.226,939.33,10
2018-05-15 10:16:00,6.8514,813.35,123.72,16.967,13.075,26.801,4.4807,221.11,990.63,43.637,45.324,46.515,46.613,941.48,10
2018-05-15 10:17:00,6.867,816.45,123.75,16.81,13.074,26.851,4.3599,227.8,993.11,43.377,45.132,45.988,45.62,945.11,10
2018-05-15 10:18:00,6.9065,818.7899999999998,123.79,16.618,13.073,26.913,4.4754,223.86,1001.7,43.333,45.169,46.506,45.36,947.81,10
2018-05-15 10:19:00,6.9046,820.47,123.81,16.879,13.073,26.959,4.4225,224.87,994.3900000000002,43.482,45.892,46.356,45.937,949.71,10
2018-05-15 10:20:00,6.9213,821.64,123.79,17.208,13.074,27.012,4.4688,224.13,1001.6,43.636,45.952,46.964,46.28,950.67,10
2018-05-15 10:21:00,6.9248,820.08,123.69,17.177,13.071,27.055,4.5442,219.83,998.92,43.729,45.346,46.515,45.755,950.06,10
2018-05-15 10:22:00,6.9187,821.88,123.72,16.927,13.07,27.111,4.4711,223.06,997.22,43.707,45.471,46.542,45.641,950.03,10
2018-05-15 10:23:00,6.9291,825.01,123.79,16.669,13.071,27.162,4.6214,217.55,1005.3,43.467,45.668,46.988,45.445,955.02,10
2018-05-15 10:24:00,6.969,824.9,123.77,16.698,13.07,27.213,4.5901,220.02,1009.6,43.756,46.096,47.348,45.875,958.52,10
2018-05-15 10:25:00,6.9893,831.0,123.83,16.704,13.071,27.272,4.4745,225.92,1010.8,43.459,45.394,46.428,45.085,959.78,10
2018-05-15 10:26:00,7.019,836.02,123.71,16.495,13.067,27.318,4.5656,223.31,1019.5,43.112,45.475,46.529,44.724,962.62,10
2018-05-15 10:27:00,7.0388,836.82,123.78,16.536,13.069,27.376,4.6395,218.81,1015.1,42.983,45.146,45.982,44.564,964.61,10
2018-05-15 10:28:00,7.0641,839.7899999999998,123.87,16.75,13.068,27.421,4.5637,223.49,1019.9,42.928,46.022,46.51,45.384,966.97,10
2018-05-15 10:29:00,7.0528,839.63,123.82,16.977,13.067,27.469,4.6086,221.52,1020.8,43.07,46.867,47.0,46.322,968.29,10
2018-05-15 10:30:00,7.055,839.27,123.81,17.268,13.068,27.521,4.5991,222.71,1024.3,43.241,47.245,47.15,46.873,970.71,10
2018-05-15 10:31:00,7.069,839.57,123.75,17.515,13.065,27.573,4.6265,221.14,1023.1,43.285,46.64,46.717,46.945,971.12,10
2018-05-15 10:32:00,7.0782,839.3099999999998,123.82,17.302,13.064,27.627,4.6209,222.28,1027.1,43.446,46.782,47.117,46.902,972.2600000000001,10
2018-05-15 10:33:00,7.1072,842.11,123.79,17.17,13.063,27.675,4.646,220.88,1026.2,43.681,47.003,47.631,47.188,975.96,10
2018-05-15 10:34:00,7.0923,840.82,123.79,17.313,13.063,27.727,4.682,219.41,1027.2,43.784,47.264,47.753,48.173,977.0100000000001,10
2018-05-15 10:35:00,7.1117,841.9099999999999,123.76,17.477,13.06,27.773,4.6401,221.79,1029.1,43.786,46.557,47.945,47.677,979.5,10
2018-05-15 10:36:00,7.1219,839.1799999999998,123.76,17.499,13.062,27.823,4.6768,219.25,1025.4,44.063,47.825,48.626,48.535,982.12,10
2018-05-15 10:37:00,7.1205,840.72,123.77,17.796,13.059,27.883,4.641,221.94,1030.0,44.372,48.574,48.428,48.909,983.83,10
2018-05-15 10:38:00,7.1163,841.87,123.79,18.204,13.059,27.923,4.6775,219.26,1025.5,44.768,48.793,48.78,49.73,986.21,10
2018-05-15 10:39:00,7.1048,844.21,123.8,18.645,13.06,27.973,4.6219,222.15,1026.7,44.893,48.866,48.798,50.075,986.0100000000001,10
2018-05-15 10:40:00,7.1229,847.1799999999998,123.8,18.819,13.056,28.018,4.6351,221.25,1025.4,44.852,48.517,48.488,50.278,988.27,10
2018-05-15 10:41:00,7.1499,850.71,123.68,18.932,13.056,28.075,4.7017,219.43,1031.6,44.719,47.917,47.951,50.386,991.09,10
2018-05-15 10:42:00,7.1526,850.5599999999998,123.67,18.75,13.055,28.123,4.6838,220.66,1033.4,44.77,47.806,48.451,49.996,990.48,10
2018-05-15 10:43:00,7.1477,851.6799999999998,123.74,18.586,13.054,28.174,4.6498,222.37,1033.9,44.858,47.426,47.954,49.734,991.41,10
2018-05-15 10:44:00,7.1677,852.1699999999998,123.73,18.666,13.052,28.236,4.7238,219.61,1037.3,44.881,48.214,48.607,50.589,994.83,10
2018-05-15 10:45:00,7.1636,850.9199999999998,123.74,18.841,13.051,28.287,4.6801,221.04,1034.5,44.863,47.75,48.059,50.668,994.3900000000002,10
2018-05-15 10:46:00,7.1605,851.34,123.58,18.872,13.051,28.348,4.7446,218.51,1036.7,44.598,47.536,47.683,50.154,992.11,10
2018-05-15 10:47:00,7.1613,851.5,123.66,18.519,13.047,28.396,4.7058,219.84,1034.4,44.278,47.924,47.565,50.318,991.97,10
2018-05-15 10:48:00,7.1792,853.15,123.75,18.536,13.049,28.452,4.6801,222.23,1040.0,44.137,47.232,47.381,50.02,994.81,10
2018-05-15 10:49:00,7.1844,853.49,123.73,18.534,13.047,28.497,4.6229,225.12,1040.6,44.313,47.927,47.925,50.75,996.57,10
2018-05-15 10:50:00,7.1872,853.62,123.73,18.472,13.046,28.559,4.6867,223.19,1046.0,44.64,48.149,48.321,51.151,999.11,10
2018-05-15 10:51:00,7.2056,856.0399999999998,123.61,18.5,13.046,28.618,4.734,219.96,1041.2,44.985,48.543,49.373,51.792,1002.8,10
2018-05-15 10:52:00,7.1959,855.36,123.59,18.802,13.045,28.663,4.8205,214.36,1033.3,45.277,48.263,49.261,52.299,1004.3,10
2018-05-15 10:53:00,7.2168,859.38,123.64,18.981,13.042,28.728,4.7711,218.93,1044.5,44.95,47.484,48.809,52.355,1005.8,10
2018-05-15 10:54:00,7.2228,858.36,123.6,19.128,13.043,28.777,4.8098,218.71,1051.8,45.03,48.241,49.01,52.316,1007.7,10
2018-05-15 10:55:00,7.242899999999999,862.01,123.64,19.352,13.041,28.849,4.7799,219.15,1047.4,45.351,48.302,49.275,52.867,1010.4,10
2018-05-15 10:56:00,7.2656,864.08,123.57,19.396,13.038,28.889,4.8035,219.57,1054.6,45.257,47.49,49.227,52.832,1014.9,10
2018-05-15 10:57:00,7.2628,864.69,123.58,19.24,13.036,28.949,4.727,222.1,1049.8,45.123,46.914,49.285,53.008,1016.2,10
2018-05-15 10:58:00,7.268,864.0299999999999,123.64,19.029,13.038,29.0,4.6979,223.67,1050.6,44.917,46.232,48.791,53.097,1019.2,10
2018-05-15 10:59:00,7.3015,868.02,123.63,18.856,13.036,29.066,4.7506,222.44,1056.7,44.505,45.525,48.381,52.897,1021.0,10
2018-05-15 11:00:00,7.3197,870.35,123.66,18.71,13.033,29.118,4.8229,220.49,1063.4,44.014,44.391,48.008,52.516,1020.4,10
2018-05-15 11:01:00,7.350399999999999,870.38,123.51,18.523,13.033,29.184,4.7586,223.55,1063.6,43.842,45.077,48.191,52.506,1022.6,10
2018-05-15 11:02:00,7.354,871.73,123.43,18.712,13.033,29.242,4.7968,222.09,1065.3,44.146,45.678,48.637,53.014,1023.8,10
2018-05-15 11:03:00,7.346,872.6599999999999,123.5,18.929,13.032,29.305,4.8052,221.43,1063.9,44.545,46.545,49.163,53.004,1026.5,10
2018-05-15 11:04:00,7.3446,869.63,123.57,19.136,13.03,29.36,4.7507,223.43,1061.4,45.108,47.604,50.198,53.362,1029.5,10
2018-05-15 11:05:00,7.3201,868.85,123.5,19.373,13.03,29.422,4.7843,222.57,1064.8,45.634,48.025,50.042,53.429,1029.1,10
2018-05-15 11:06:00,7.331699999999999,869.85,123.29,19.511,13.031,29.475,4.8429,219.17,1061.3,45.807,48.125,49.629,53.581,1027.9,10
2018-05-15 11:07:00,7.311,868.62,123.54,19.711,13.03,29.544,4.7339,223.13,1056.3,45.769,47.812,49.97,53.908,1029.4,10
2018-05-15 11:08:00,7.310399999999999,870.72,123.83,19.87,13.03,29.604,4.8683,218.01,1061.1,45.715,47.038,49.835,54.407,1031.1,10
2018-05-15 11:09:00,7.3286,870.1599999999999,123.8,19.91,13.028,29.662,4.9181,216.47,1064.5,45.871,47.248,50.166,54.91,1033.8,10
2018-05-15 11:10:00,7.3061,869.4299999999998,123.86,20.065,13.025,29.724,4.86,217.49,1057.0,46.247,48.665,51.246,55.24,1033.8,10
2018-05-15 11:11:00,7.2851,865.2799999999999,123.84,20.19,13.025,29.784,4.865,217.27,1056.9,46.475,49.334,51.355,55.186,1031.6,10
2018-05-15 11:12:00,7.245199999999999,861.95,123.82,20.329,13.024,29.848,4.8287,216.83,1047.0,46.791,49.707,51.942,55.726,1029.0,10
2018-05-15 11:13:00,7.2483,859.2,123.85,20.517,13.02,29.905,4.8834,216.14,1055.5,46.841,49.645,51.798,55.596,1029.2,10
2018-05-15 11:14:00,7.2472,862.95,123.87,20.416,13.02,29.971,4.882,215.28,1051.0,46.874,49.262,51.043,54.374,1029.6,10
2018-05-15 11:15:00,7.326399999999999,871.34,123.87,19.911,13.019,30.035,4.8477,218.63,1059.8,46.291,48.088,49.661,52.859,1034.6,10
2018-05-15 11:16:00,7.367899999999999,877.48,123.83,19.634,13.019,30.101,4.9179,217.59,1069.8,45.935,48.455,49.715,52.999,1040.0,10
2018-05-15 11:17:00,7.3868,880.32,123.77,19.703,13.018,30.162,5.0125,214.03,1072.8,45.695,48.361,49.206,52.992,1044.1,10
2018-05-15 11:18:00,7.3893,880.65,123.95,19.719,13.018,30.232,4.925,218.57,1076.3,45.625,48.607,49.67,52.916,1045.4,10
2018-05-15 11:19:00,7.407899999999999,880.46,123.9,19.621,13.017,30.296,4.9393,218.4,1078.6,45.644,48.325,49.478,52.576,1045.2,10
2018-05-15 11:20:00,7.4029,883.27,123.8,19.442,13.016,30.366,4.838,222.38,1075.8,45.844,49.1,49.965,53.383,1047.7,10
2018-05-15 11:21:00,7.4332,884.98,123.79,19.56,13.018,30.423,4.8891,219.95,1075.3,45.939,49.228,50.198,53.536,1050.0,10
2018-05-15 11:22:00,7.4246,883.32,123.73,19.662,13.018,30.487,4.9643,217.32,1078.6,45.996,49.057,49.782,53.461,1049.2,10
2018-05-15 11:23:00,7.4094,882.57,123.82,19.88,13.017,30.549,5.0125,214.25,1073.8,45.879,49.058,49.644,53.055,1047.1,10
2018-05-15 11:24:00,7.4397,885.3099999999998,123.93,19.919,13.015,30.618,5.0106,215.82,1081.4,45.483,48.565,48.838,52.285,1049.1,10
2018-05-15 11:25:00,7.454799999999999,888.63,124.0,19.886,13.016,30.672,5.0131,216.72,1086.4,45.317,48.061,49.32,52.41,1051.0,10
2018-05-15 11:26:00,7.4512,887.19,123.89,19.88,13.015,30.74,4.9467,218.28,1079.6,45.378,49.344,50.006,53.173,1049.8,10
2018-05-15 11:27:00,7.4589,888.44,123.85,19.865,13.013,30.792,4.9591,218.21,1082.1,45.667,49.826,50.565,53.67,1053.1,10
2018-05-15 11:28:00,7.462399999999999,889.38,123.94,19.801,13.014,30.852,5.0264,215.67,1083.9,45.857,49.395,50.833,53.811,1058.1,10
2018-05-15 11:29:00,7.463199999999999,889.4099999999999,123.92,20.036,13.012,30.907,5.0089,218.01,1092.0,45.854,49.884,51.037,53.815,1058.7,10
2018-05-15 11:30:00,7.430399999999999,882.62,123.8,20.184,13.013,30.965,4.8044,224.31,1077.5,46.133,50.628,51.545,54.2,1060.0,10
2018-05-15 11:31:00,7.4797,892.12,123.89,20.226,13.011,31.014,4.9745,218.04,1084.6,46.325,50.385,51.778,54.083,1063.3,10
2018-05-15 11:32:00,7.5336,897.12,123.84,20.176,13.011,31.07,5.0501,216.83,1095.0,46.399,50.137,51.79,53.409,1070.2,10
2018-05-15 11:33:00,7.5928,904.88,123.92,19.88,13.01,31.128,5.0689,217.9,1104.4,46.384,50.382,52.079,52.979,1080.6,10
2018-05-15 11:34:00,7.5922,905.13,123.96,19.859,13.011,31.183,5.084,217.88,1107.6,46.748,51.514,52.866,53.788,1083.7,10
2018-05-15 11:35:00,7.6533,911.6400000000002,123.93,20.025,13.008,31.242,5.1691,214.49,1108.5,46.942,51.248,51.763,53.223,1092.8,10
2018-05-15 11:36:00,7.8085,930.16,123.94,19.892,13.009,31.297,5.2876,213.91,1131.0,46.747,51.237,51.9,53.552,1113.1,10
2018-05-15 11:37:00,7.1829,851.8099999999998,123.65,19.852,13.008,31.356,4.699,220.78,1037.0,46.756,51.04,52.066,53.682,1049.6,10
2018-05-15 11:38:00,7.5594,900.7600000000001,123.73,19.924,13.007,31.406,4.7651,230.91,1100.7,46.586,50.415,51.531,52.432,1068.5,10
2018-05-15 11:39:00,7.3708,874.6799999999998,123.73,19.61,13.009,31.457,4.6288,230.37,1066.5,46.032,49.901,50.874,51.695,1069.5,10
2018-05-15 11:40:00,7.1894,855.69,123.89,19.458,13.006,31.515,4.6336,225.34,1044.4,45.621,50.07,50.806,51.637,1038.6,10
2018-05-15 11:41:00,3.4469,375.46,122.79,19.934,13.006,31.563,2.0657,225.62,465.66,45.197,48.424,49.344,50.285,503.18,10
2018-05-15 11:42:00,4.8743,559.97,123.1,20.203,13.008,31.62,3.0335,226.3,684.91,44.417,46.465,47.354,48.274,644.95,10
2018-05-15 11:43:00,4.7956,551.32,123.07,20.108,13.007,31.685,3.0342,223.32,677.66,43.946,45.719,46.856,47.291,658.15,10
2018-05-15 11:44:00,2.8975,300.6,122.37,20.016,13.008,31.721,1.6596,223.62,371.05,43.4,44.709,45.106,45.757,393.69,10
2018-05-15 11:45:00,2.6088,261.75,122.25,19.926,13.011,31.775,1.479,220.06,325.34,42.387,42.794,43.235,44.14,333.94,10
2018-05-15 11:46:00,2.6404,265.84,122.25,19.874,13.01,31.829,1.5223,215.17,327.52,41.738,41.585,42.062,42.59,332.17,10
2018-05-15 11:47:00,2.7103,274.51,122.36,19.732,13.01,31.863,1.5939,215.7,343.83,41.098,39.999,40.869,41.219,339.07,10
2018-05-15 11:48:00,2.8636,294.72,122.76,19.412,13.014,31.912,1.6895,218.02,368.35,40.576,38.836,39.421,39.527,360.89,10
2018-05-15 11:49:00,2.8791,301.25,122.93,19.161,13.015,31.957,1.685,218.66,368.43,39.844,37.608,38.488,37.93,362.85,10
2018-05-15 11:50:00,2.9666,311.35,122.96,19.038,13.017,31.974,1.7217,225.14,387.57,39.276,36.883,37.487,36.809,374.1,10
2018-05-15 11:51:00,3.2837,355.18,123.11,18.871,13.017,32.0,1.9546,223.97,438.03,38.872,36.077,36.867,36.127,411.95,10
2018-05-15 11:52:00,3.5969,399.05,123.15,18.902,13.019,32.02,2.164,227.73,492.79,38.65,35.989,36.638,35.92,458.24,10
2018-05-15 11:53:00,4.5355,520.92,123.51,18.826,13.02,32.043,2.7819,228.95,636.37,38.229,35.844,36.449,35.614,582.5,10
2018-05-15 11:54:00,3.7373,417.61,123.41,18.824,13.023,32.069,2.2754,225.71,513.66,37.838,35.69,36.422,35.398,482.43,10
2018-05-15 11:55:00,4.9797,574.44,123.75,18.934,13.024,32.077,3.1607,222.12,704.27,37.675,35.802,36.331,35.216,605.83,10
2018-05-15 11:56:00,8.521,1026.2,124.8,19.054,13.023,32.077,5.5227,227.25,1256.7,37.885,37.466,37.731,37.083,1136.6,10
2018-05-15 11:57:00,6.758,803.8099999999998,124.23,19.207,13.023,32.077,4.2812,229.74,982.06,38.643,39.86,40.142,39.78,955.02,10
2018-05-15 11:58:00,5.4705,640.23,123.74,19.557,13.024,32.077,3.3621,232.78,782.25,38.739,39.436,39.539,39.827,701.06,10
2018-05-15 11:59:00,4.1314,467.07,123.33,19.893,13.025,32.077,2.4458,234.21,572.3,38.654,39.475,39.639,40.146,559.82,10
2018-05-15 12:00:00,3.6913,408.72,123.19,20.066,13.024,32.077,2.1772,231.21,503.31,38.481,38.43,38.934,39.532,476.89,10
2018-05-15 12:01:00,4.6293,530.89,123.46,20.104,13.023,32.077,2.8724,225.35,647.79,38.308,38.317,38.601,39.417,584.96,10
2018-05-15 12:02:00,7.082,839.74,124.2,20.022,13.025,32.077,4.555,226.94,1031.2,38.332,39.006,39.169,40.221,901.4,10
2018-05-15 12:03:00,9.6148,1160.8,125.19,20.081,13.024,32.077,6.2398,227.99,1422.6,39.113,41.317,41.21,43.2,1310.8,10
2018-05-15 12:04:00,9.1948,1106.9,125.14,20.168,13.022,32.068,5.846,232.23,1357.5,40.069,44.021,44.096,46.427,1284.9,10
2018-05-15 12:05:00,8.6333,1035.8,124.88,20.354,13.021,32.042,5.4745,232.27,1271.3,40.952,45.46,45.433,48.149,1224.3,10
2018-05-15 12:06:00,6.4291,756.0299999999999,124.11,20.421,13.02,32.042,3.901,239.33,933.09,41.351,46.425,46.302,49.166,927.0100000000001,10
2018-05-15 12:07:00,4.3331,487.38,123.33,20.485,13.019,32.022,2.5129,240.33,603.53,41.387,46.05,46.114,49.241,607.82,10
2018-05-15 12:08:00,3.7408,411.14,123.2,20.52,13.017,32.014,2.1849,234.56,512.47,41.383,45.361,45.737,48.326,511.09,10
2018-05-15 12:09:00,3.5652,387.34,123.1,20.617,13.017,32.008,2.1295,226.2,481.52,41.083,43.981,44.158,46.839,474.28,10
2018-05-15 12:10:00,2.9949,311.57,122.83,20.654,13.016,32.008,1.7386,222.81,387.45,40.486,42.206,42.119,44.828,386.81,10
2018-05-15 12:11:00,2.8061,283.57,122.69,20.456,13.016,32.008,1.5986,220.09,351.82,39.757,40.899,40.67,43.407,352.35,10
2018-05-15 12:12:00,2.636,258.04,122.63,20.252,13.015,32.005,1.4717,219.45,322.99,39.089,39.164,39.146,41.52,324.43,10
2018-05-15 12:13:00,2.5584,250.17,122.67,19.816,13.015,32.008,1.4573,216.2,315.06,38.169,37.463,37.846,39.426,309.18,10
2018-05-15 12:14:00,2.5655,249.67,122.67,19.681,13.016,31.988,1.4754,210.81,311.02,37.734,37.108,37.182,38.314,306.48,10
2018-05-15 12:15:00,2.6222,259.74,122.64,19.675,13.017,31.977,1.4796,218.17,322.77,37.268,36.019,36.358,37.093,312.8,10
2018-05-15 12:16:00,2.7122,273.96,122.68,19.59,13.018,31.974,1.582,212.86,336.76,36.903,35.628,35.941,36.437,325.53,10
2018-05-15 12:17:00,2.8047,286.98,122.68,19.562,13.02,31.974,1.5902,222.54,353.87,36.66,35.08,35.184,35.434,335.82,10
2018-05-15 12:18:00,2.8771,294.52,122.7,19.589,13.022,31.974,1.6236,226.39,367.54,36.217,34.537,34.641,35.075,345.12,10
2018-05-15 12:19:00,2.9864,309.91,122.83,19.703,13.023,31.968,1.7281,223.9,386.91,36.005,34.366,34.412,35.005,359.95,10
2018-05-15 12:20:00,3.2773,348.99,122.95,19.819,13.025,31.939,1.9413,224.03,434.5,35.631,33.779,34.033,34.432,397.59,10
2018-05-15 12:21:00,4.4738,506.19,123.38,19.82,13.024,31.928,2.7528,225.24,620.23,35.606,34.335,34.353,34.763,552.74,10
2018-05-15 12:22:00,4.8495,556.25,123.52,20.0,13.025,31.905,2.9902,228.97,683.79,35.636,34.743,35.012,35.577,603.41,10
2018-05-15 12:23:00,5.4429,633.42,123.83,20.059,13.024,31.888,3.4915,221.66,773.88,35.765,35.293,35.475,36.177,700.21,10
2018-05-15 12:24:00,6.0088,708.09,124.06,19.863,13.025,31.859,4.0465,213.29,862.58,35.765,35.992,36.536,37.066,790.0299999999999,10
2018-05-15 12:25:00,5.4269,634.6,123.89,19.912,13.027,31.837,3.6062,213.87,771.09,36.114,36.95,37.371,38.013,716.17,10
2018-05-15 12:26:00,4.9965,579.5,123.71,20.007,13.025,31.82,3.2565,217.27,707.27,36.127,36.843,37.251,38.018,653.42,10
2018-05-15 12:27:00,4.1237,469.36,123.4,19.937,13.027,31.794,2.5896,220.54,570.85,35.804,36.691,37.207,37.696,533.72,10
2018-05-15 12:28:00,3.615,401.14,123.23,19.891,13.026,31.766,2.2393,220.18,493.08,35.663,36.635,37.107,37.437,457.27,10
2018-05-15 12:29:00,3.4964,384.87,123.11,19.918,13.026,31.734,2.1224,222.19,471.55,35.594,36.289,36.667,37.042,437.7,10
2018-05-15 12:30:00,3.5066,387.13,123.03,19.789,13.028,31.712,2.1445,220.91,473.5,35.405,35.945,36.279,36.291,438.33,10
2018-05-15 12:31:00,3.675,407.45,122.96,19.572,13.028,31.7,2.2652,221.08,500.75,34.951,35.402,35.636,35.335,460.25,10
2018-05-15 12:32:00,3.4901,385.67,122.98,19.467,13.03,31.672,2.1062,223.53,470.75,34.814,35.509,35.933,35.263,437.3,10
2018-05-15 12:33:00,3.2946,358.24,123.13,19.567,13.029,31.635,1.9703,224.02,441.38,34.807,35.343,35.765,35.073,410.55,10
2018-05-15 12:34:00,3.3035,358.64,123.0,19.703,13.031,31.618,1.9134,228.47,437.1,34.813,35.343,35.709,35.139,410.28,10
2018-05-15 12:35:00,3.7138,413.59,123.27,19.862,13.031,31.573,2.2487,226.2,509.02,34.716,35.224,35.548,35.103,462.31,10
2018-05-15 12:36:00,3.4967,386.51,123.2,19.966,13.03,31.548,2.0773,225.97,469.43,34.655,35.234,35.316,35.033,440.94,10
2018-05-15 12:37:00,8.109999999999998,972.25,124.66,20.134,13.031,31.525,5.4447,219.03,1190.5,34.872,36.313,36.372,36.762,1045.1,10
2018-05-15 12:38:00,8.5675,1036.0,124.98,20.336,13.032,31.486,5.7218,220.06,1259.0,35.656,38.218,38.543,39.315,1171.8,10
2018-05-15 12:39:00,8.529999999999998,1031.3,125.21,20.644,13.031,31.46,5.5427,226.06,1252.9,36.396,40.271,40.611,41.704,1161.8,10
2018-05-15 12:40:00,8.3255,1008.7,125.12,20.876,13.029,31.432,5.3983,227.2,1226.3,37.343,41.675,42.545,43.646,1143.1,10
2018-05-15 12:41:00,8.6231,1042.0,125.28,21.014,13.028,31.396,5.5288,232.08,1282.7,38.181,43.455,43.931,45.165,1190.0,10
2018-05-15 12:42:00,7.4673,899.37,124.7,21.234,13.029,31.373,4.8029,227.93,1095.9,38.893,44.339,44.541,46.612,1044.3,10
2018-05-15 12:43:00,6.3036,747.47,124.28,21.443,13.025,31.359,3.9715,228.84,907.75,39.248,44.858,45.291,46.981,888.77,10
2018-05-15 12:44:00,3.4356,376.76,123.29,21.677,13.025,31.32,2.0393,228.37,465.66,39.214,43.931,44.102,46.632,463.08,10
2018-05-15 12:45:00,3.8594,433.48,123.26,21.613,13.023,31.295,2.2982,229.13,526.77,38.987,42.997,43.577,45.68,506.58,10
2018-05-15 12:46:00,3.3679,368.61,123.02,21.412,13.022,31.295,1.9561,232.26,454.27,38.779,42.059,42.695,44.688,452.47,10
2018-05-15 12:47:00,3.3593,367.63,123.03,21.338,13.02,31.27,2.0171,222.23,448.06,38.522,41.085,41.588,43.697,432.37,10
2018-05-15 12:48:00,3.7337,417.32,123.2,21.272,13.019,31.261,2.2186,227.87,505.66,38.429,40.665,41.642,43.595,479.85,10
2018-05-15 12:49:00,4.4077,504.38,123.48,21.284,13.019,31.242,2.7265,224.73,611.31,38.577,40.72,41.568,43.333,566.79,10
2018-05-15 12:50:00,4.3799,501.97,123.38,21.217,13.019,31.228,2.8041,216.79,607.82,38.464,40.205,41.152,42.425,573.82,10
2018-05-15 12:51:00,4.5021,517.22,123.5,21.035,13.019,31.222,2.9774,211.7,630.27,38.287,40.193,40.941,41.789,600.46,10
2018-05-15 12:52:00,3.9866,449.83,123.33,21.093,13.019,31.197,2.5812,211.54,546.3,38.184,39.823,40.364,40.95,515.11,10
2018-05-15 12:53:00,4.443,509.08,123.5,21.07,13.018,31.194,2.8096,220.53,619.4,37.986,39.416,39.61,40.466,569.58,10
2018-05-15 12:54:00,5.1451,599.66,123.78,21.106,13.017,31.194,3.2673,223.13,729.33,37.778,38.893,39.597,40.157,660.01,10
2018-05-15 12:55:00,4.37,500.24,123.34,21.225,13.017,31.194,2.6305,232.5,611.74,37.612,38.823,39.243,40.038,566.88,10
2018-05-15 12:56:00,4.0838,464.38,123.23,21.293,13.018,31.189,2.4487,229.71,562.91,37.492,38.454,39.039,39.759,528.36,10
2018-05-15 12:57:00,3.3013,359.6,123.07,21.299,13.016,31.172,1.9422,226.08,439.05,37.211,37.68,38.215,39.321,421.67,10
2018-05-15 12:58:00,2.9349,308.57,123.11,21.388,13.016,31.181,1.6828,227.04,382.09,36.829,37.109,37.643,38.564,365.81,10
2018-05-15 12:59:00,2.7337,277.71,122.85,21.324,13.018,31.161,1.5245,227.51,346.78,36.431,36.151,36.738,37.68,334.07,10
2018-05-15 13:00:00,2.6822,271.99,122.9,21.216,13.018,31.161,1.506,222.62,335.26,35.937,35.28,35.794,36.782,324.56,10
2018-05-15 13:01:00,2.6619,267.34,122.83,21.144,13.019,31.161,1.494,221.09,330.23,35.472,34.527,35.111,35.952,318.28,10
2018-05-15 13:02:00,2.5991,258.73,122.86,21.024,13.019,31.161,1.4452,222.7,321.86,35.086,34.052,34.517,35.441,308.52,10
2018-05-15 13:03:00,2.5028,244.24,122.81,20.936,13.019,31.161,1.4038,217.62,305.53,34.831,33.483,33.778,34.799,293.74,10
2018-05-15 13:04:00,2.4219,232.9,122.77,20.861,13.019,31.147,1.3322,218.49,291.03,34.469,32.925,33.245,34.071,280.18,10
2018-05-15 13:05:00,2.3825,227.61,122.78,20.81,13.021,31.136,1.3123,217.64,285.6,34.112,32.353,32.79,33.423,273.4,10
2018-05-15 13:06:00,2.3723,225.36,122.83,20.81,13.023,31.128,1.341,211.36,283.41,33.887,32.131,32.379,33.116,272.0,10
2018-05-15 13:07:00,2.3665,224.48,122.89,20.828,13.024,31.128,1.3748,204.97,281.77,33.786,32.065,32.416,33.096,272.74,10
2018-05-15 13:08:00,2.3996,229.05,122.92,20.895,13.024,31.119,1.3558,209.76,284.39,33.69,31.758,32.281,32.808,274.67,10
2018-05-15 13:09:00,2.4197,230.53,122.88,20.933,13.025,31.094,1.3432,218.0,292.77,33.591,31.604,32.028,32.61,276.21,10
2018-05-15 13:10:00,2.4337,235.01,122.84,20.947,13.025,31.092,1.3271,221.59,294.06,33.442,31.318,31.762,32.22,277.72,10
2018-05-15 13:11:00,2.4753,240.97,122.83,20.86,13.027,31.067,1.3731,218.42,299.82,33.164,30.924,31.423,31.883,282.71,10
2018-05-15 13:12:00,2.5581,252.35,122.91,20.885,13.028,31.047,1.4264,222.56,317.38,32.962,30.834,31.212,31.587,293.55,10
2018-05-15 13:13:00,2.7021,278.51,122.93,20.856,13.028,31.028,1.5615,218.6,341.45,32.794,30.78,31.055,31.289,315.44,10
2018-05-15 13:14:00,2.86,298.11,123.02,20.844,13.028,31.011,1.6669,221.52,369.23,32.664,30.603,31.065,31.293,336.89,10
2018-05-15 13:15:00,2.7976,288.89,122.9,20.797,13.03,30.995,1.6019,223.68,358.27,32.501,30.486,30.937,31.385,328.45,10
2018-05-15 13:16:00,2.7717,286.1,122.91,20.754,13.03,30.981,1.5552,226.87,352.78,32.359,30.532,30.907,31.274,323.17,10
2018-05-15 13:17:00,2.7684,283.61,122.83,20.746,13.031,30.956,1.5999,217.64,348.15,32.33,30.731,30.989,31.379,323.33,10
2018-05-15 13:18:00,2.7136,278.23,122.73,20.897,13.033,30.928,1.5636,218.88,342.22,32.342,30.853,31.15,31.557,318.07,10
2018-05-15 13:19:00,2.6049,256.51,122.62,20.959,13.031,30.9,1.4673,218.56,320.69,32.304,30.631,31.002,31.494,300.18,10
2018-05-15 13:20:00,2.562,248.6,122.64,20.879,13.032,30.889,1.4436,217.41,313.81,32.172,30.621,30.988,31.416,293.28,10
2018-05-15 13:21:00,2.5573,247.48,122.52,20.896,13.033,30.862,1.429,218.84,312.71,32.125,30.503,30.79,31.486,291.52,10
2018-05-15 13:22:00,2.6247,256.02,122.63,20.885,13.034,30.829,1.4458,223.92,323.72,32.05,30.397,30.747,31.468,299.73,10
2018-05-15 13:23:00,2.7819,282.66,122.7,20.858,13.033,30.804,1.5999,220.71,353.2,32.016,30.55,30.862,31.556,324.46,10
2018-05-15 13:24:00,4.1531,460.08,123.3,20.918,13.035,30.766,2.5673,222.16,568.85,32.124,30.881,31.066,31.94,493.56,10
2018-05-15 13:25:00,4.8745,560.83,123.7,20.911,13.035,30.752,3.0802,223.04,686.18,32.422,31.842,32.125,32.977,627.78,10
2018-05-15 13:26:00,4.6403,531.78,123.71,20.828,13.035,30.716,2.8563,230.13,657.09,32.606,32.372,32.614,33.574,578.27,10
2018-05-15 13:27:00,4.6887,539.13,123.54,20.848,13.035,30.678,2.8976,227.38,658.64,32.89,33.147,33.366,34.487,590.97,10
2018-05-15 13:28:00,3.7956,424.14,123.21,20.842,13.035,30.645,2.288,227.78,521.28,33.099,33.325,33.532,34.797,489.03,10
2018-05-15 13:29:00,3.7064,410.53,123.13,20.851,13.033,30.626,2.1502,233.98,504.01,33.116,33.455,33.763,34.819,457.38,10
2018-05-15 13:30:00,3.5407,388.16,123.15,20.944,13.032,30.593,1.9647,240.94,474.85,33.307,33.558,33.998,34.993,436.74,10
2018-05-15 13:31:00,5.8167,687.04,123.91,20.876,13.033,30.563,3.4256,242.38,830.97,33.693,34.755,35.051,36.291,768.57,10
2018-05-15 13:32:00,3.0414,323.16,123.03,20.914,13.032,30.527,1.67,238.67,398.55,34.049,34.938,35.18,36.615,393.34,10
2018-05-15 13:33:00,3.7202,413.53,123.13,20.942,13.032,30.5,2.1622,233.67,507.05,34.094,34.754,34.917,36.459,449.81,10
2018-05-15 13:34:00,5.6092,659.1,123.92,20.946,13.033,30.473,3.3958,237.05,804.94,34.215,35.175,35.502,37.002,727.44,10
2018-05-15 13:35:00,4.2858,490.07,123.45,21.01,13.03,30.457,2.5462,234.32,596.59,34.578,36.008,36.28,37.819,568.76,10
2018-05-15 13:36:00,3.5256,389.65,123.08,21.079,13.032,30.421,2.0339,235.1,478.28,34.654,35.517,35.929,37.372,458.83,10
2018-05-15 13:37:00,3.1474,336.97,122.89,21.101,13.03,30.402,1.7337,239.19,414.52,34.551,35.318,35.751,36.769,411.59,10
2018-05-15 13:38:00,4.1751,472.54,123.23,21.099,13.029,30.372,2.4094,241.44,578.21,34.329,34.664,35.242,36.345,517.66,10
2018-05-15 13:39:00,7.7759,930.62,124.4,20.976,13.03,30.37,4.7777,236.82,1131.5,34.633,36.041,36.21,37.877,1023.8,10
2018-05-15 13:40:00,8.013099999999998,963.81,124.55,20.911,13.028,30.342,4.9037,240.44,1178.9,35.226,37.713,38.324,39.799,1087.8,10
2018-05-15 13:41:00,7.9149,952.23,124.57,21.097,13.029,30.318,4.9373,235.55,1162.9,36.17,39.604,39.926,41.793,1081.7,10
2018-05-15 13:42:00,7.7838,932.44,124.55,21.324,13.027,30.305,4.8831,234.4,1144.6,36.87,41.25,41.718,43.874,1070.2,10
2018-05-15 13:43:00,7.6559,918.03,124.56,21.673,13.025,30.296,4.8537,230.62,1119.2,37.898,42.734,43.189,45.674,1058.2,10
2018-05-15 13:44:00,7.609899999999999,911.29,124.45,21.946,13.022,30.272,4.8761,227.99,1111.7,38.655,43.431,44.116,46.282,1053.1,10
2018-05-15 13:45:00,7.5204,900.84,124.47,22.109,13.019,30.272,4.8517,227.68,1104.5,39.102,43.935,44.817,47.173,1046.3,10
2018-05-15 13:46:00,7.472299999999999,895.19,124.49,22.179,13.019,30.269,4.8011,227.4,1091.7,39.634,44.704,45.406,47.687,1041.5,10
2018-05-15 13:47:00,7.398799999999999,884.77,124.3,22.132,13.015,30.272,4.7922,225.13,1078.9,40.077,44.984,45.92,48.323,1033.2,10
2018-05-15 13:48:00,7.2441,865.75,124.2,22.14,13.01,30.272,4.6855,225.37,1056.0,40.619,45.871,46.485,49.176,1011.9,10
2018-05-15 13:49:00,7.253999999999999,863.7,124.26,22.165,13.008,30.288,4.7427,223.74,1061.2,40.888,46.238,46.794,49.318,1012.5,10
2018-05-15 13:50:00,7.397999999999999,883.34,124.3,22.179,13.007,30.305,4.8542,221.96,1077.5,41.141,46.49,47.004,49.382,1038.4,10
2018-05-15 13:51:00,7.0608,842.0,124.17,21.857,13.003,30.332,4.6202,222.73,1028.9,41.072,46.501,47.876,49.41,996.53,10
2018-05-15 13:52:00,6.4643,764.1599999999999,123.94,21.977,13.005,30.356,4.1437,225.2,933.09,41.495,46.647,47.665,49.002,903.58,10
2018-05-15 13:53:00,6.1197,720.07,123.68,22.029,13.0,30.372,3.8746,227.06,879.77,41.528,46.21,47.178,48.775,857.84,10
2018-05-15 13:54:00,5.9001,696.48,123.74,21.996,13.0,30.408,3.6752,230.3,846.45,41.244,45.244,46.114,47.589,819.0,10
2018-05-15 13:55:00,6.1123,723.34,123.81,21.614,13.0,30.451,3.8746,226.6,877.99,40.65,44.832,46.042,46.833,847.87,10
2018-05-15 13:56:00,4.1831,471.73,123.09,21.606,12.999,30.481,2.602,220.6,575.64,40.547,44.314,45.646,45.865,586.9,10
2018-05-15 13:57:00,4.6885,534.98,123.35,21.65,12.998,30.525,2.9757,220.34,656.94,40.144,42.882,44.215,44.174,615.75,10
2018-05-15 13:58:00,5.5692,651.37,123.59,21.345,12.996,30.579,3.6286,218.73,793.75,39.735,42.583,43.946,43.708,762.99,10
2018-05-15 13:59:00,5.6961,668.48,123.64,21.218,12.999,30.62,3.7265,218.27,812.7799999999999,39.8,42.774,44.179,43.45,764.62,10
2018-05-15 14:00:00,6.3974,759.5499999999998,123.9,21.29,12.998,30.653,4.3571,212.3,925.2,39.953,43.363,44.67,44.008,890.88,10
2018-05-15 14:01:00,4.0708,459.33,123.17,21.337,13.0,30.708,2.6471,212.47,562.46,39.87,42.894,44.054,43.345,571.0,10
2018-05-15 14:02:00,3.9051,439.81,123.06,21.308,12.997,30.755,2.5253,212.76,537.32,39.286,41.896,43.181,42.123,514.0,10
2018-05-15 14:03:00,4.8346,558.25,123.36,21.26,12.999,30.801,3.223,210.5,679.4,38.804,40.935,42.233,41.146,633.15,10
2018-05-15 14:04:00,5.9675,703.6,123.87,21.259,12.999,30.848,3.9783,215.71,857.7899999999998,38.493,40.999,42.159,41.048,820.22,10
2018-05-15 14:05:00,6.5216,772.46,124.0,21.201,12.997,30.887,4.2306,222.3,940.8900000000002,38.307,41.141,42.199,41.246,869.6799999999998,10
2018-05-15 14:06:00,6.7176,800.4199999999998,124.18,21.411,12.999,30.928,4.2961,226.85,974.48,38.453,41.79,42.874,41.899,914.32,10
2018-05-15 14:07:00,6.5397,779.1799999999998,124.03,21.588,12.999,30.975,4.1132,229.7,944.87,38.912,42.408,43.376,42.383,906.57,10
2018-05-15 14:08:00,4.7358,545.94,123.36,21.549,12.998,31.006,2.9144,229.21,668.15,38.879,42.093,43.122,41.571,637.1,10
2018-05-15 14:09:00,6.2923,744.5399999999998,123.84,21.439,12.999,31.039,3.8924,232.19,905.18,38.649,41.725,42.504,41.374,835.46,10
2018-05-15 14:10:00,7.2656,870.15,124.23,21.625,12.999,31.092,4.6311,229.14,1060.9,38.995,43.073,43.861,43.247,995.36,10
2018-05-15 14:11:00,4.3411,491.1,123.28,21.81,12.999,31.122,2.6544,227.11,601.66,39.504,43.215,44.138,43.85,613.41,10
2018-05-15 14:12:00,5.8379,686.07,123.66,21.879,12.996,31.158,3.7718,221.78,834.59,39.29,42.85,43.841,43.706,768.47,10
2018-05-15 14:13:00,6.0806,715.52,123.81,21.738,12.997,31.195,3.9903,217.25,866.7999999999998,39.396,42.795,43.819,43.705,824.4099999999999,10
2018-05-15 14:14:00,5.5698,654.4,123.79,21.72,12.995,31.242,3.572,223.71,798.23,39.556,43.447,44.474,44.136,784.46,10
2018-05-15 14:15:00,3.0698,327.04,122.95,21.899,12.997,31.281,1.8224,221.15,402.84,39.501,42.624,43.71,43.302,400.79,10
2018-05-15 14:16:00,3.4191,373.62,123.08,22.067,12.995,31.309,2.1062,219.3,461.9,39.22,41.688,42.752,42.625,444.83,10
2018-05-15 14:17:00,5.9205,700.18,123.94,22.123,12.995,31.351,3.9297,216.1,847.12,39.101,41.691,42.989,42.669,770.21,10
2018-05-15 14:18:00,7.3682,884.5,124.65,22.262,12.995,31.387,4.792,224.57,1076.2,39.49,42.673,44.08,43.959,1007.6,10
2018-05-15 14:19:00,6.7233,803.47,124.47,22.473,12.995,31.421,4.2193,232.62,981.47,40.006,43.67,45.122,44.908,950.43,10
2018-05-15 14:20:00,3.7909,425.87,123.51,22.463,12.997,31.455,2.2634,230.46,521.88,40.165,43.428,44.323,44.71,526.55,10
2018-05-15 14:21:00,2.8609,295.16,123.08,22.449,12.995,31.491,1.5964,230.78,368.36,39.602,41.986,42.954,43.148,388.96,10
2018-05-15 14:22:00,2.0673,179.43,122.6,22.365,12.994,31.531,1.0122,228.25,231.04,38.947,40.086,41.098,40.965,251.18,10
2018-05-15 14:23:00,1.9297,154.72,122.58,22.069,12.994,31.562,0.89497,223.65,200.2,38.053,38.077,38.764,38.969,216.85,10
2018-05-15 14:24:00,1.8568,142.27,122.7,21.883,12.994,31.598,0.8544399999999999,217.03,185.45,37.235,36.658,37.563,37.797,196.06,10
2018-05-15 14:25:00,1.8265,137.56,122.67,21.879,12.995,31.641,0.8433,212.94,179.5,36.809,35.741,36.798,36.759,185.36,10
2018-05-15 14:26:00,1.8411,138.07,122.66,21.693,12.998,31.681,0.88749,204.23,181.18,36.331,34.672,35.531,35.455,183.93,10
2018-05-15 14:27:00,1.8538,141.9,122.62,21.335,12.999,31.7,0.92473,201.16,186.02,35.613,33.614,34.567,34.007,185.97,10
2018-05-15 14:28:00,1.8697,144.83,122.6,21.21,12.999,31.726,0.901,209.1,188.39,35.186,32.99,33.758,33.088,187.26,10
2018-05-15 14:29:00,1.8816,147.09,122.58,21.263,13.002,31.737,0.91031,211.02,192.09,34.712,32.213,33.055,32.29,187.82,10
2018-05-15 14:30:00,1.8959,149.65,122.57,21.123,13.003,31.768,0.93075,208.45,194.0,34.203,31.552,32.222,31.464,188.56,10
2018-05-15 14:31:00,1.9113,151.49,122.64,20.677,13.004,31.783,0.95558,206.07,196.88,33.385,30.566,31.185,30.363,190.49,10
2018-05-15 14:32:00,1.9374,156.39,122.6,20.348,13.009,31.802,0.95905,210.41,201.74,32.755,30.051,30.529,29.512,193.69,10
2018-05-15 14:33:00,1.976,161.87,122.59,20.209,13.01,31.802,0.95595,217.02,207.45,32.315,29.639,30.174,29.053,197.85,10
2018-05-15 14:34:00,2.0137,166.82,122.58,20.143,13.014,31.802,1.0001,215.22,215.24,31.866,29.398,29.715,28.658,201.85,10
2018-05-15 14:35:00,2.0321,171.21,122.71,20.071,13.016,31.802,1.0158,214.98,218.31,31.433,29.051,29.441,28.458,205.31,10
2018-05-15 14:36:00,2.0709,175.92,122.79,20.065,13.017,31.802,1.0607,212.62,225.53,31.117,28.819,29.207,28.449,209.83,10
2018-05-15 14:37:00,2.0957,181.27,122.83,20.021,13.019,31.802,1.0825,211.91,229.38,30.832,28.496,28.895,28.211,214.69,10
2018-05-15 14:38:00,2.1262,185.55,122.87,20.028,13.021,31.78,1.0978,214.38,235.33,30.652,28.477,28.866,28.092,218.69,10
2018-05-15 14:39:00,2.1491,189.53,122.87,20.009,13.023,31.76,1.1256,213.54,240.34,30.49,28.369,28.777,28.05,221.64,10
2018-05-15 14:40:00,2.1675,192.94,122.91,19.952,13.024,31.734,1.1288,216.14,243.96,30.234,28.353,28.609,27.906,225.22,10
2018-05-15 14:41:00,2.1862,195.45,122.85,19.926,13.028,31.706,1.1325,221.14,250.42,30.079,28.339,28.506,27.786,228.17,10
2018-05-15 14:42:00,2.1816,196.88,122.83,19.917,13.029,31.698,1.1278,222.11,250.46,29.884,28.352,28.455,27.768,229.35,10
2018-05-15 14:43:00,2.1854,198.53,122.87,19.975,13.031,31.658,1.1192,225.42,252.25,29.704,28.185,28.429,27.827,230.51,10
2018-05-15 14:44:00,2.2107,201.01,122.97,20.013,13.029,31.624,1.1772,216.5,254.84,29.753,28.431,28.594,27.971,233.77,10
2018-05-15 14:45:00,2.235,204.56,122.96,20.06,13.034,31.576,1.1938,219.37,261.85,29.782,28.57,28.743,28.196,238.4,10
2018-05-15 14:46:00,2.2559,210.35,122.9,20.121,13.035,31.536,1.2223,217.13,265.36,29.85,28.801,28.904,28.403,243.75,10
2018-05-15 14:47:00,2.2928,216.32,122.8,20.162,13.036,31.491,1.251,218.02,272.65,29.875,28.928,29.093,28.598,249.52,10
2018-05-15 14:48:00,2.3162,220.66,122.81,20.252,13.039,31.449,1.2776,216.7,276.82,30.045,29.11,29.227,28.882,255.53,10
2018-05-15 14:49:00,2.3745,227.57,122.83,20.293,13.038,31.404,1.2804,224.09,286.91,30.163,29.271,29.391,29.086,261.71,10
2018-05-15 14:50:00,2.5782,258.3,122.92,20.288,13.038,31.357,1.456,221.09,322.01,30.304,29.524,29.67,29.386,292.06,10
2018-05-15 14:51:00,3.5919,394.08,123.35,20.374,13.041,31.301,2.1531,224.27,483.66,30.502,29.998,30.028,29.894,400.94,10
2018-05-15 14:52:00,7.6308,914.1400000000002,124.72,20.557,13.039,31.248,4.8216,231.38,1115.7,31.088,32.146,32.244,32.537,975.29,10
2018-05-15 14:53:00,7.2133,866.7999999999998,124.72,20.791,13.04,31.195,4.5032,234.21,1055.6,32.093,34.747,34.913,35.711,966.8,10
2018-05-15 14:54:00,3.5091,387.44,123.43,21.078,13.039,31.144,2.0339,233.87,475.6,32.751,35.471,35.793,36.581,448.5,10
2018-05-15 14:55:00,3.2429,353.46,123.3,21.174,13.037,31.1,1.875,231.64,434.39,32.939,35.275,35.669,36.39,398.87,10
2018-05-15 14:56:00,5.9664,703.75,124.25,21.226,13.036,31.044,3.8061,226.31,858.0599999999998,33.079,35.537,35.902,36.699,744.13,10
2018-05-15 14:57:00,7.5309,905.77,124.92,21.278,13.033,30.997,4.8926,225.97,1105.4,33.649,37.521,37.978,38.911,1009.6,10
2018-05-15 14:58:00,6.8989,825.74,124.71,21.427,13.033,30.95,4.3598,231.08,1006.6,34.417,39.116,39.838,40.883,935.24,10
2018-05-15 14:59:00,6.9702,831.97,124.56,21.599,13.031,30.909,4.3343,233.96,1014.7,35.01,40.162,40.481,42.054,921.09,10
2018-05-15 15:00:00,4.7964,554.7,123.84,21.788,13.031,30.867,2.8899,234.67,678.76,35.437,40.95,41.629,42.992,678.98,10
2018-05-15 15:01:00,4.045,458.77,123.53,21.961,13.027,30.834,2.4775,225.61,558.03,35.58,40.239,40.674,42.241,504.2,10
2018-05-15 15:02:00,4.4807,515.86,123.78,21.989,13.025,30.801,2.7873,225.63,629.68,35.564,40.271,40.636,42.47,602.96,10
2018-05-15 15:03:00,5.5015,645.4,124.14,22.068,13.022,30.763,3.5635,221.5,789.77,35.694,40.493,41.016,42.888,739.4099999999999,10
2018-05-15 15:04:00,5.3394,622.48,124.15,22.049,13.019,30.752,3.4784,217.85,757.7799999999999,35.961,40.506,41.255,42.842,701.87,10
2018-05-15 15:05:00,4.5687,528.48,124.0,21.925,13.019,30.727,2.9027,222.21,644.39,36.072,40.568,41.329,43.091,623.07,10
2018-05-15 15:06:00,4.877,566.34,124.04,21.948,13.015,30.697,3.1833,217.55,690.84,36.226,40.612,41.308,43.162,626.19,10
2018-05-15 15:07:00,5.199,607.9,124.13,22.072,13.015,30.686,3.4833,211.53,737.14,36.456,40.856,41.832,43.507,706.67,10
2018-05-15 15:08:00,5.5442,652.17,124.12,22.066,13.012,30.664,3.5923,221.56,795.85,36.564,41.213,42.046,43.783,755.52,10
2018-05-15 15:09:00,5.1853,607.79,124.15,22.109,13.011,30.664,3.3445,221.48,740.87,36.736,41.25,41.894,44.065,699.36,10
2018-05-15 15:10:00,5.2453,614.62,124.16,22.041,13.009,30.664,3.4022,220.43,749.88,36.773,41.338,41.855,44.118,707.84,10
2018-05-15 15:11:00,4.6725,539.6,123.93,22.113,13.008,30.664,2.9456,224.68,662.23,36.883,41.476,42.108,44.302,624.5,10
2018-05-15 15:12:00,4.7721,554.98,123.93,22.194,13.007,30.664,3.0886,217.66,672.28,36.866,40.899,41.733,43.757,640.02,10
2018-05-15 15:13:00,5.1368,601.18,124.09,22.092,13.004,30.664,3.3104,221.22,732.45,36.58,40.705,41.642,43.356,686.71,10
2018-05-15 15:14:00,5.6243,664.84,124.32,22.04,13.003,30.694,3.7331,217.36,810.99,36.609,41.031,41.975,43.301,765.4,10
2018-05-15 15:15:00,5.8197,689.22,124.33,22.141,13.002,30.697,3.8492,217.64,837.69,36.728,41.428,42.073,43.623,795.23,10
2018-05-15 15:16:00,5.9582,707.56,124.41,22.258,13.002,30.73,3.8216,224.27,856.98,36.766,41.725,42.25,44.004,813.4099999999999,10
2018-05-15 15:17:00,5.9048,700.85,124.24,22.239,13.001,30.746,3.8448,220.81,848.95,36.712,41.586,42.348,44.294,810.2999999999998,10
2018-05-15 15:18:00,5.8522,692.69,124.37,22.33,12.999,30.763,3.8134,220.7,841.61,36.743,41.821,42.826,44.597,803.65,10
2018-05-15 15:19:00,5.6961,672.12,124.23,22.361,12.995,30.785,3.6715,222.87,818.1799999999998,36.678,41.905,42.944,44.54,782.22,10
2018-05-15 15:20:00,5.7454,677.63,124.24,22.245,12.997,30.818,3.6998,223.87,828.23,36.631,42.037,42.651,44.57,786.36,10
2018-05-15 15:21:00,5.4803,645.03,124.09,22.361,12.997,30.845,3.5324,222.7,786.34,36.669,42.203,42.869,44.99,761.5399999999998,10
2018-05-15 15:22:00,4.2547,485.43,123.59,22.37,12.995,30.873,2.5971,228.2,593.2,36.575,41.622,42.447,44.307,570.26,10
2018-05-15 15:23:00,4.7876,557.31,123.83,22.253,12.994,30.9,2.852,237.42,676.89,36.486,41.182,42.007,43.961,654.02,10
2018-05-15 15:24:00,4.032,457.93,123.72,22.274,12.991,30.934,2.3755,235.31,558.78,36.279,40.461,41.168,43.37,562.51,10
2018-05-15 15:25:00,3.9277,442.41,123.72,22.272,12.994,30.975,2.2318,243.17,542.58,35.906,39.481,40.443,42.373,537.92,10
2018-05-15 15:26:00,3.4667,379.21,123.43,22.141,12.992,31.003,1.9154,244.67,468.47,35.588,38.828,40.226,41.735,482.58,10
2018-05-15 15:27:00,3.0885,325.76,123.33,22.051,12.994,31.036,1.6579,245.06,406.47,35.312,38.08,39.067,40.776,430.96,10
2018-05-15 15:28:00,3.2558,352.03,123.37,21.88,12.992,31.086,1.8281,235.97,430.99,34.924,37.081,38.18,39.488,421.78,10
2018-05-15 15:29:00,3.0098,316.3,123.32,21.595,12.994,31.114,1.6327,239.53,391.16,34.463,36.403,37.388,38.176,392.25,10
2018-05-15 15:30:00,3.1675,338.15,123.39,21.567,12.994,31.147,1.6886,247.8,418.52,34.135,35.906,36.847,37.853,429.97,10
2018-05-15 15:31:00,2.7709,282.33,123.35,21.699,12.997,31.172,1.4058,250.74,352.48,33.952,35.492,36.443,37.371,384.31,10
2018-05-15 15:32:00,2.775,284.58,123.21,21.659,12.998,31.203,1.4582,242.14,353.1,33.726,34.959,35.753,36.66,361.2,10
2018-05-15 15:33:00,2.7519,280.77,123.28,21.556,12.997,31.228,1.4516,241.81,350.85,33.363,34.157,34.965,36.28,357.09,10
2018-05-15 15:34:00,2.8424,291.44,123.39,21.483,13.0,31.259,1.571,234.68,368.36,33.138,33.758,34.665,35.824,354.74,10
2018-05-15 15:35:00,4.1341,469.34,123.72,21.371,12.999,31.284,2.5544,224.86,574.23,33.041,33.672,34.745,35.654,525.88,10
2018-05-15 15:36:00,4.5255,522.29,123.83,21.279,13.001,31.295,2.7393,232.84,637.75,32.97,34.044,35.069,36.066,600.19,10
2018-05-15 15:37:00,4.7377,548.65,123.9,21.371,13.001,31.306,2.9599,225.64,667.79,33.133,34.911,35.799,36.802,630.04,10
2018-05-15 15:38:00,4.9805,582.03,124.06,21.545,13.002,31.323,3.051,232.62,709.7,33.436,35.689,36.73,37.846,669.82,10
2018-05-15 15:39:00,4.9133,572.06,124.03,21.668,13.001,31.343,2.9334,237.5,696.79,33.687,36.206,37.312,38.4,666.93,10
2018-05-15 15:40:00,4.4724,515.47,123.82,21.71,13.002,31.362,2.5843,244.09,630.89,33.813,36.609,37.355,38.77,622.26,10
2018-05-15 15:41:00,5.07,592.14,123.95,21.817,13.001,31.362,3.049,237.42,723.72,33.91,36.878,37.644,39.16,689.47,10
2018-05-15 15:42:00,4.9376,575.2,123.98,21.822,13.0,31.362,3.044,230.79,702.26,33.954,37.108,37.721,39.622,674.84,10
2018-05-15 15:43:00,4.9601,579.73,124.25,21.936,13.0,31.368,3.1118,226.38,704.44,34.02,37.52,38.026,40.325,679.47,10
2018-05-15 15:44:00,4.8415,563.73,123.99,22.107,12.999,31.393,3.0365,225.07,683.43,34.225,37.739,38.618,40.609,663.62,10
2018-05-15 15:45:00,4.7072,544.79,123.78,22.203,12.998,31.396,2.9239,227.22,664.37,34.399,38.234,39.149,40.901,645.76,10
2018-05-15 15:46:00,4.621,535.03,123.7,22.324,12.999,31.396,2.9495,221.54,653.4,34.537,38.486,39.358,40.888,635.29,10
2018-05-15 15:47:00,4.4251,508.25,123.6,22.493,12.995,31.396,2.7906,222.56,621.09,34.673,38.689,39.451,41.065,608.8,10
2018-05-15 15:48:00,4.3059,493.94,123.58,22.68,12.997,31.415,2.6975,223.64,603.29,34.718,38.602,39.42,41.108,588.81,10
2018-05-15 15:49:00,4.3857,505.38,123.72,22.796,12.996,31.429,2.8085,218.84,614.58,34.787,38.681,39.646,41.225,602.75,10
2018-05-15 15:50:00,4.4408,509.02,123.73,22.944,12.994,31.429,2.8994,214.09,620.74,34.948,39.236,39.896,41.793,617.28,10
2018-05-15 15:51:00,4.4119,507.76,123.68,23.133,12.994,31.458,2.8092,220.69,619.93,35.097,39.27,40.274,42.053,610.16,10
2018-05-15 15:52:00,4.3854,502.06,123.65,23.206,12.991,31.463,2.7452,222.63,611.1,35.099,39.185,40.019,41.894,605.56,10
2018-05-15 15:53:00,4.015,454.37,123.35,23.095,12.989,31.491,2.4713,225.57,557.55,34.996,38.608,39.901,41.281,556.43,10
2018-05-15 15:54:00,4.0989,467.28,123.33,22.777,12.99,31.508,2.5306,224.94,569.46,34.889,38.473,39.556,40.655,560.0,10
2018-05-15 15:55:00,4.2184,479.07,123.38,22.694,12.989,31.531,2.6038,224.29,584.02,34.888,38.592,39.665,40.694,580.54,10
2018-05-15 15:56:00,4.1545,473.86,123.38,22.769,12.988,31.545,2.6007,221.28,575.46,34.981,38.391,39.688,40.732,574.75,10
2018-05-15 15:57:00,4.1121,466.92,123.54,22.624,12.989,31.567,2.5825,222.5,574.6,34.733,37.845,39.44,40.173,569.9,10
2018-05-15 15:58:00,4.0766,465.71,123.55,22.488,12.987,31.593,2.5058,225.85,565.91,34.538,37.723,38.996,39.87,564.75,10
2018-05-15 15:59:00,4.0375,460.36,123.53,22.504,12.988,31.632,2.4866,224.45,558.12,34.502,37.883,39.01,40.059,558.79,10
2018-05-15 16:00:00,4.0042,452.13,123.49,22.501,12.987,31.647,2.4861,223.06,554.52,34.334,37.291,38.599,39.45,553.62,10
2018-05-15 16:01:00,3.9456,444.87,123.55,22.501,12.988,31.675,2.4174,226.07,546.46,34.158,37.1,38.708,39.459,546.48,10
2018-05-15 16:02:00,3.8941,439.37,123.54,22.505,12.988,31.7,2.3647,228.87,541.18,34.107,37.062,38.512,39.223,539.89,10
2018-05-15 16:03:00,3.844,433.65,123.53,22.555,12.987,31.717,2.3388,227.45,531.89,34.189,37.167,38.21,39.403,534.09,10
2018-05-15 16:04:00,3.8107,428.2,123.49,22.7,12.987,31.734,2.3293,225.28,524.73,34.156,37.12,38.277,39.288,527.97,10
2018-05-15 16:05:00,3.7815,422.96,123.44,22.855,12.984,31.768,2.3066,225.51,520.17,34.226,37.371,38.569,39.747,523.4,10
2018-05-15 16:06:00,3.7378,420.11,123.33,23.005,12.985,31.8,2.3247,220.84,513.36,34.285,37.346,38.562,39.856,519.99,10
2018-05-15 16:07:00,3.7171,416.28,123.32,23.139,12.984,31.828,2.3172,220.88,511.8,34.336,37.289,38.221,39.841,516.8,10
2018-05-15 16:08:00,3.7026,415.32,123.24,23.159,12.983,31.842,2.2836,222.55,508.18,34.232,36.94,38.135,39.545,515.06,10
2018-05-15 16:09:00,3.7004,414.38,123.23,23.104,12.983,31.871,2.3126,220.5,509.92,34.021,36.494,37.755,39.041,514.2,10
2018-05-15 16:10:00,3.7108,415.76,123.2,23.152,12.981,31.902,2.3126,219.49,507.59,33.938,36.292,37.459,38.768,515.41,10
2018-05-15 16:11:00,3.7056,414.72,123.24,22.972,12.982,31.925,2.2833,221.4,505.48,33.774,36.074,37.226,38.552,513.67,10
2018-05-15 16:12:00,3.6794,409.17,123.23,22.825,12.981,31.965,2.2617,221.67,501.33,33.591,35.615,36.87,38.148,509.27,10
2018-05-15 16:13:00,3.6514,404.81,123.22,22.754,12.982,31.973,2.2115,224.88,497.29,33.523,35.692,36.984,38.024,504.47,10
2018-05-15 16:14:00,3.6192,403.3,123.1,22.636,12.98,32.005,2.2294,221.66,494.11,33.414,35.464,36.819,37.682,501.33,10
2018-05-15 16:15:00,3.6029,399.87,123.05,22.603,12.981,32.028,2.2027,222.96,491.08,33.263,35.369,36.815,37.371,499.02,10
2018-05-15 16:16:00,3.5837,396.92,123.03,22.668,12.983,32.057,2.1848,223.81,488.98,33.185,35.296,36.666,37.101,496.62,10
2018-05-15 16:17:00,3.5492,392.38,123.11,22.66,12.981,32.077,2.1394,225.14,481.65,33.147,35.551,36.815,37.115,491.98,10
2018-05-15 16:18:00,3.5066,386.68,123.17,22.793,12.981,32.1,2.1083,225.66,475.76,33.118,35.443,36.519,37.127,487.09,10
2018-05-15 16:19:00,3.4738,383.21,123.13,22.664,12.981,32.123,2.0855,225.48,470.22,32.968,35.121,36.487,37.429,482.26,10
2018-05-15 16:20:00,3.4246,376.38,123.03,22.566,12.981,32.157,2.0958,219.94,460.93,32.862,34.696,36.37,37.596,476.11,10
2018-05-15 16:21:00,3.3816,369.44,122.99,22.629,12.98,32.18,2.0954,217.28,455.23,32.762,34.989,36.588,37.628,471.37,10
2018-05-15 16:22:00,3.3439,365.05,123.06,22.553,12.981,32.206,2.091,213.72,446.87,32.64,34.684,36.336,36.951,466.85,10
2018-05-15 16:23:00,3.3139,362.14,123.01,22.538,12.979,32.215,2.0514,217.13,445.4,32.503,34.475,36.076,36.539,462.6,10
2018-05-15 16:24:00,3.3073,360.18,123.0,22.446,12.981,32.249,2.0008,221.76,443.65,32.345,34.252,35.774,36.05,459.53,10
2018-05-15 16:25:00,3.2751,354.81,122.98,22.284,12.98,32.258,1.9742,221.1,436.46,32.136,34.059,35.638,35.803,455.2,10
2018-05-15 16:26:00,3.2366,350.42,123.03,22.215,12.981,32.284,1.9575,221.46,433.5,31.966,33.921,35.416,35.584,449.83,10
2018-05-15 16:27:00,3.2035,345.37,123.03,22.335,12.98,32.313,1.9261,221.83,427.27,31.976,34.233,35.545,35.707,445.06,10
2018-05-15 16:28:00,3.1581,340.25,123.0,22.428,12.982,32.336,1.9134,219.34,419.67,32.068,34.384,35.623,35.947,439.71,10
2018-05-15 16:29:00,3.1259,336.97,122.98,22.596,12.981,32.356,1.8847,219.77,414.16,32.089,34.461,35.699,36.304,435.24,10
2018-05-15 16:30:00,3.1064,333.48,122.98,22.631,12.982,32.379,1.8613,219.76,409.04,31.995,34.251,35.446,36.01,432.02,10
2018-05-15 16:31:00,3.0819,328.89,122.99,22.614,12.982,32.388,1.8407,221.51,407.71,31.831,33.939,35.257,35.755,428.74,10
2018-05-15 16:32:00,3.0601,325.1,122.87,22.515,12.982,32.394,1.84,218.62,402.24,31.665,33.873,35.273,35.727,425.45,10
2018-05-15 16:33:00,3.0257,322.21,122.97,22.567,12.983,32.417,1.8069,219.33,396.27,31.616,34.044,35.152,35.887,421.5,10
2018-05-15 16:34:00,3.004,318.67,122.89,22.604,12.982,32.429,1.7693,221.83,392.48,31.522,33.766,34.886,35.69,417.86,10
2018-05-15 16:35:00,2.9806,314.43,122.85,22.619,12.983,32.458,1.7419,224.09,390.33,31.441,33.674,35.076,35.797,413.78,10
2018-05-15 16:36:00,2.9462,310.62,122.95,22.621,12.981,32.458,1.7209,223.55,384.71,31.445,33.912,35.078,35.942,410.09,10
2018-05-15 16:37:00,2.9206,306.35,122.96,22.619,12.981,32.463,1.6901,225.45,380.99,31.407,34.061,35.099,36.151,406.34,10
2018-05-15 16:38:00,2.8889,303.21,123.02,22.706,12.982,32.49,1.6651,224.88,374.43,31.409,34.134,35.294,36.361,402.73,10
2018-05-15 16:39:00,2.8598,299.4,123.02,22.811,12.981,32.492,1.6413,224.76,368.89,31.424,34.261,35.34,36.352,398.04,10
2018-05-15 16:40:00,2.8099,291.72,122.97,22.906,12.978,32.507,1.5988,226.05,361.41,31.474,34.431,35.457,36.524,392.33,10
2018-05-15 16:41:00,2.756,282.95,122.94,23.067,12.979,32.527,1.5442,227.22,350.85,31.504,34.205,35.247,36.39,385.69,10
2018-05-15 16:42:00,2.704,276.48,122.89,23.201,12.98,32.527,1.5044,230.06,346.07,31.383,33.836,35.004,36.239,378.91,10
2018-05-15 16:43:00,2.6481,269.95,122.82,23.184,12.979,32.527,1.4664,229.48,336.48,31.319,33.802,34.927,36.072,372.1,10
2018-05-15 16:44:00,2.6118,263.16,122.86,23.149,12.979,32.533,1.4465,227.34,328.85,31.263,33.69,34.75,36.032,365.94,10
2018-05-15 16:45:00,2.5564,254.8,122.86,23.175,12.979,32.548,1.4491,221.12,320.41,31.198,33.485,34.529,35.829,357.86,10
2018-05-15 16:46:00,2.4852,245.33,122.8,23.21,12.978,32.562,1.4204,214.29,304.38,31.104,33.269,34.284,35.631,347.25,10
2018-05-15 16:47:00,2.4051,231.93,122.74,22.943,12.977,32.562,1.3607,215.41,293.12,30.87,32.973,33.948,35.229,331.57,10
2018-05-15 16:48:00,2.3874,229.85,122.75,22.836,12.977,32.589,1.3101,220.55,288.91,30.76,32.76,33.797,35.087,331.6,10
2018-05-15 16:49:00,2.3594,224.98,122.76,22.871,12.978,32.597,1.3143,215.43,283.15,30.642,32.551,33.615,34.906,326.0,10
2018-05-15 16:50:00,2.3186,218.51,122.76,22.913,12.977,32.615,1.2983,212.7,276.15,30.544,32.388,33.4,34.726,320.38,10
2018-05-15 16:51:00,2.3189,220.04,122.64,22.896,12.976,32.632,1.2765,215.64,275.25,30.417,32.091,33.081,34.077,321.71,10
2018-05-15 16:52:00,2.2875,213.6,122.66,22.912,12.976,32.632,1.2472,214.5,267.52,30.261,31.697,32.795,34.098,316.3,10
2018-05-15 16:53:00,2.2556,207.21,122.67,23.036,12.976,32.632,1.2159,215.21,261.68,30.164,31.397,32.64,33.594,310.43,10
2018-05-15 16:54:00,2.2185,202.68,122.71,22.955,12.976,32.662,1.1694,219.15,256.25,30.052,31.154,32.374,33.335,304.89,10
2018-05-15 16:55:00,2.1959,196.12,122.66,22.809,12.978,32.667,1.129,220.59,249.05,29.932,30.856,32.051,32.994,299.79,10
2018-05-15 16:56:00,2.1673,190.3,122.63,22.629,12.976,32.67,1.1347,215.84,244.9,29.737,30.529,31.75,32.571,295.02,10
2018-05-15 16:57:00,2.1507,188.27,122.69,22.536,12.978,32.688,1.1153,215.23,240.05,29.551,30.28,31.38,32.172,291.02,10
2018-05-15 16:58:00,2.1323,185.18,122.72,22.481,12.976,32.703,1.075,219.32,235.74,29.425,30.151,31.18,31.913,287.47,10
2018-05-15 16:59:00,2.1125,180.8,122.76,22.424,12.979,32.711,1.0489,220.2,230.92,29.312,29.949,31.133,31.617,283.83,10
2018-05-15 17:00:00,2.0833,177.49,122.7,22.449,12.977,32.735,1.0436,217.08,226.52,29.281,29.906,31.138,31.648,279.42,10
2018-05-15 17:01:00,2.0536,172.63,122.79,22.611,12.979,32.738,1.0443,211.62,220.99,29.279,29.928,31.196,31.704,274.78,10
2018-05-15 17:02:00,2.0299,168.98,122.88,22.862,12.98,32.738,1.0122,213.53,216.12,29.258,29.888,31.117,31.697,270.28,10
2018-05-15 17:03:00,2.0117,164.38,122.91,22.916,12.978,32.738,0.98753,213.49,210.84,29.183,29.736,30.831,31.505,265.54,10
2018-05-15 17:04:00,1.9845,158.75,122.26,22.811,12.981,32.738,0.9795,208.26,203.98,29.048,29.661,30.602,31.309,260.8,10
2018-05-15 17:05:00,1.9592,153.6,122.27,22.682,12.979,32.738,0.94372,212.37,200.42,28.932,29.386,30.352,31.139,255.89,10
2018-05-15 17:06:00,1.9272,148.49,122.3,22.629,12.98,32.738,0.90246,214.54,193.55,28.851,29.067,30.223,31.074,250.57,10
2018-05-15 17:07:00,1.9058,145.17,122.29,22.584,12.98,32.738,0.86138,219.18,188.8,28.803,28.929,30.14,30.919,246.02,10
2018-05-15 17:08:00,1.8865,141.7,122.18,22.551,12.98,32.741,0.84458,219.98,185.76,28.731,28.666,29.952,30.87,242.69,10
2018-05-15 17:09:00,1.886,140.98,122.3,22.612,12.978,32.755,0.8589999999999999,215.14,184.8,28.738,28.724,29.881,30.531,241.56,10
2018-05-15 17:10:00,1.8849,140.16,122.28,22.399,12.98,32.755,0.8402,219.09,184.08,28.704,28.633,29.566,30.089,241.42,10
2018-05-15 17:11:00,1.8912,140.37,122.21,22.085,12.981,32.758,0.85791,214.6,184.1,28.645,28.377,29.435,29.87,240.59,10
2018-05-15 17:12:00,1.881,139.25,122.27,22.007,12.979,32.761,0.8296099999999998,219.99,182.46,28.565,28.108,29.178,29.77,240.23,10
2018-05-15 17:13:00,1.8606,136.03,122.3,21.969,12.98,32.744,0.81939,219.12,179.54,28.483,27.926,28.988,29.48,237.61,10
2018-05-15 17:14:00,1.8216,130.09,122.36,21.885,12.981,32.738,0.77283,219.48,169.63,28.363,27.717,28.744,29.101,231.74,10
2018-05-15 17:15:00,1.7739,121.04,122.34,21.717,12.982,32.738,0.73504,219.69,161.45,28.26,27.554,28.452,28.851,223.72,10
2018-05-15 17:16:00,1.7233,115.39,122.34,21.71,12.983,32.738,0.7021699999999998,218.23,153.23,28.147,27.454,28.287,28.645,216.66,10
2018-05-15 17:17:00,1.6927,109.76,122.25,21.713,12.983,32.738,0.6711399999999998,219.31,147.17,28.085,27.254,28.219,28.384,211.69,10
2018-05-15 17:18:00,1.6652,104.61,122.26,21.738,12.985,32.738,0.63389,223.04,141.39,28.041,27.265,28.059,28.312,208.16,10
2018-05-15 17:19:00,1.6559,102.04,122.29,21.763,12.983,32.738,0.6286,220.92,138.88,27.992,27.057,27.865,28.074,204.08,10
2018-05-15 17:20:00,1.6481,99.087,122.28,21.767,12.985,32.726,0.61618,214.01,131.86,27.899,26.871,27.666,27.786,199.87,10
2018-05-15 17:21:00,1.6226,94.03,122.25,21.692,12.986,32.703,0.6130799999999998,211.14,129.44,27.771,26.587,27.401,27.559,195.26,10
2018-05-15 17:22:00,1.6082,89.671,122.21,21.543,12.982,32.697,0.60285,206.73,124.63,27.641,26.393,27.126,27.175,191.18,10
2018-05-15 17:23:00,1.5939,85.289,122.14,21.456,12.984,32.67,0.58423,204.36,119.38,27.537,26.297,26.961,26.996,186.86,10
2018-05-15 17:24:00,1.5788,81.726,122.2,21.33,12.986,32.667,0.55612,204.09,113.49,27.417,26.171,26.783,26.825,182.83,10
2018-05-15 17:25:00,1.562,76.061,122.21,21.352,12.987,32.641,0.51285,210.41,107.89,27.351,26.033,26.672,26.726,178.67,10
2018-05-15 17:26:00,1.5529,71.026,122.18,21.389,12.987,32.632,0.4876499999999999,208.4,101.61,27.286,25.874,26.445,26.549,174.15,10
2018-05-15 17:27:00,1.5328,67.585,122.13,21.401,12.99,32.627,0.45077,210.01,94.65,27.253,25.824,26.303,26.283,170.21,10
2018-05-15 17:28:00,1.5207,60.581,122.12,21.409,12.99,32.597,0.4252099999999999,208.9,88.834,27.229,25.728,26.203,26.205,165.44,10
2018-05-15 17:29:00,1.5078,57.87,122.11,21.504,12.991,32.568,0.41535,204.73,85.045,27.206,25.601,26.095,26.127,160.15,10
2018-05-15 17:30:00,1.5014,53.621,122.13,21.525,12.991,32.554,0.40056,204.26,81.818,27.192,25.536,25.941,25.997,155.68,10
2018-05-15 17:31:00,1.4937,49.217,122.16,21.496,12.992,32.527,0.3742699999999999,204.28,76.46299999999998,27.129,25.372,25.77,25.812,151.68,10
2018-05-15 17:32:00,1.4877,46.152,122.13,21.4,12.99,32.519,0.34981,203.98,71.358,27.085,25.159,25.602,25.652,147.71,10
2018-05-15 17:33:00,1.4797,43.198,122.16,21.31,12.992,32.487,0.3330099999999999,204.07,67.96,27.007,25.018,25.381,25.419,144.01,10
2018-05-15 17:34:00,1.4753,40.343,122.1,21.276,12.99,32.458,0.31622,203.85,64.461,26.959,24.906,25.303,25.291,140.76,10
2018-05-15 17:35:00,1.4714,37.355,122.04,21.218,12.991,32.42,0.3014299999999999,204.33,61.59,26.876,24.724,25.105,25.097,137.46,10
2018-05-15 17:36:00,1.4692,34.943,122.04,21.169,12.994,32.388,0.2877299999999999,203.7,58.608,26.823,24.609,24.961,24.95,133.73,10
2018-05-15 17:37:00,1.4673,31.126,122.05,21.191,12.994,32.365,0.26345,204.02,53.746,26.792,24.491,24.813,24.802,129.88,10
2018-05-15 17:38:00,1.4577,27.485,122.11,21.132,12.995,32.33,0.24556,203.69,50.024,26.697,24.397,24.625,24.574,126.29,10
2018-05-15 17:39:00,1.4654,24.055,122.11,21.109,12.998,32.287,0.22931,203.8,46.729,26.597,24.224,24.466,24.411,123.07,10
2018-05-15 17:40:00,1.4692,21.942,122.13,21.034,12.999,32.255,0.20959,204.42,42.848,26.488,23.963,24.266,24.296,119.84,10
2018-05-15 17:41:00,1.467,20.736,122.16,20.82,13.002,32.217,0.2001,204.27,40.872,26.356,23.798,24.049,24.088,114.68,10
2018-05-15 17:42:00,1.467,19.552,122.11,20.59,13.003,32.183,0.20229,204.42,41.35,26.202,23.545,23.868,23.954,97.15,10
2018-05-15 17:43:00,1.4662,18.954,122.13,20.454,13.006,32.134,0.19316,203.91,39.393,26.128,23.442,23.744,23.813,87.915,10
2018-05-15 17:44:00,1.464,19.109,122.21,20.342,13.008,32.088,0.19882,204.01,40.561,26.044,23.296,23.625,23.721,98.722,10
2018-05-15 17:45:00,1.4643,18.932,122.18,20.238,13.012,32.051,0.1885999999999999,204.0,38.478,25.991,23.257,23.532,23.616,92.16,10
2018-05-15 17:46:00,1.4657,18.711,122.23,20.185,13.013,31.991,0.1851299999999999,203.56,37.684,25.957,23.158,23.462,23.558,72.006,10
2018-05-15 17:47:00,1.4643,18.611,122.2,20.154,13.015,31.954,0.17856,203.94,36.408,25.985,23.127,23.413,23.508,59.628,10
2018-05-15 17:48:00,1.4651,18.888,122.21,20.106,13.019,31.888,0.1946199999999999,203.19,39.541,25.951,23.089,23.353,23.441,56.9,10
2018-05-15 17:49:00,1.464,18.6,122.21,20.083,13.023,31.822,0.1928,203.43,39.228,25.915,23.039,23.317,23.42,56.873,10
2018-05-15 17:50:00,1.4602,18.357,122.13,20.055,13.024,31.76,0.1867699999999999,204.17,38.144,25.911,23.03,23.272,23.374,55.853,10
2018-05-15 17:51:00,1.4632,18.058,122.18,20.015,13.026,31.695,0.1845799999999999,203.8,37.611,25.869,22.978,23.238,23.355,55.412,10
2018-05-15 17:52:00,1.4615,17.693,122.19,19.956,13.03,31.63,0.1816599999999999,203.99,37.051,25.826,22.957,23.203,23.313,54.448,10
2018-05-15 17:53:00,1.4651,17.35,122.19,19.925,13.031,31.551,0.18403,204.44,37.626,25.803,22.951,23.172,23.279,54.227,10
2018-05-15 17:54:00,1.4662,17.284,122.19,19.917,13.034,31.483,0.17691,204.18,36.119,25.81,22.966,23.136,23.228,53.953,10
2018-05-15 17:55:00,1.4659,17.018,122.16,19.898,13.034,31.415,0.18129,203.65,36.923,25.793,22.998,23.104,23.183,53.32,10
2018-05-15 17:56:00,1.4665,16.808,122.22,19.866,13.037,31.331,0.1721699999999999,203.14,34.97,25.755,22.919,23.099,23.202,52.851,10
2018-05-15 17:57:00,1.461,16.077,122.22,19.816,13.04,31.25,0.16888,204.28,34.5,25.713,22.85,23.094,23.211,52.328,10
2018-05-15 17:58:00,1.4621,16.044,122.29,19.783,13.041,31.167,0.16888,204.84,34.591,25.711,22.942,23.022,23.096,52.025,10
2018-05-15 17:59:00,1.4679,15.613,122.21,19.76,13.043,31.089,0.1685099999999999,206.06,34.727,25.723,22.877,23.03,23.127,51.722,10
2018-05-15 18:00:00,1.4948,8.5311,122.22,19.752,13.043,31.0,0.11831,224.24,26.452,25.751,22.914,22.981,23.042,51.61,10
2018-05-15 18:01:00,1.4681,16.907,122.29,19.742,13.048,30.92,0.1811099999999999,198.36,35.742,25.725,22.893,22.974,23.04,51.637,10
2018-05-15 18:02:00,1.4648,19.209,122.37,19.722,13.047,30.834,0.20941,185.1,38.764,25.719,22.929,22.943,22.98,51.72,10
2018-05-15 18:03:00,1.4632,19.508,122.49,19.714,13.05,30.741,0.2157999999999999,185.37,40.001,25.707,22.774,22.955,23.065,51.665,10
2018-05-15 18:04:00,1.4665,19.607,122.5,19.681,13.051,30.648,0.20028,187.29,37.51,25.673,22.851,22.916,22.992,51.61,10
2018-05-15 18:05:00,1.4651,19.718,122.48,19.673,13.053,30.552,0.19882,187.12,37.2,25.635,22.846,22.888,22.964,51.61,10
2018-05-15 18:06:00,1.4604,19.308,122.49,19.645,13.054,30.462,0.2028399999999999,186.12,37.754,25.616,22.749,22.869,22.966,51.584,10
2018-05-15 18:07:00,1.4582,19.253,122.43,19.634,13.056,30.37,0.2084999999999999,185.72,38.723,25.59,22.825,22.826,22.888,51.033,10
2018-05-15 18:08:00,1.4635,18.921,122.38,19.631,13.059,30.275,0.20266,185.59,37.62,25.572,22.781,22.815,22.888,50.316,10
2018-05-15 18:09:00,1.4632,18.235,122.39,19.615,13.059,30.183,0.1920699999999999,186.39,35.796,25.549,22.752,22.793,22.874,50.262,10
2018-05-15 18:10:00,1.4665,18.479,122.45,19.598,13.061,30.083,0.19334,186.48,36.051,25.547,22.778,22.73,22.774,49.71,10
2018-05-15 18:11:00,1.4692,17.627,122.39,19.562,13.063,29.987,0.1942599999999999,186.0,36.136,25.571,22.673,22.713,22.792,48.883,10
2018-05-15 18:12:00,1.4676,17.848,122.44,19.495,13.063,29.89,0.1864099999999999,186.28,34.726,25.56,22.663,22.686,22.748,48.388,10
2018-05-15 18:13:00,1.4728,17.472,122.47,19.462,13.064,29.802,0.1911499999999999,185.37,35.437,25.552,22.612,22.656,22.715,47.644,10
2018-05-15 18:14:00,1.4794,17.206,122.58,19.416,13.067,29.699,0.19097,186.93,35.696,25.507,22.481,22.641,22.744,47.506,10
2018-05-15 18:15:00,1.4814,16.963,122.72,19.381,13.068,29.603,0.1928,186.79,36.011,25.491,22.471,22.595,22.677,46.926,10
2018-05-15 18:16:00,1.478,16.553,122.72,19.35,13.068,29.508,0.18221,186.61,34.0,25.493,22.436,22.553,22.648,46.403,10
2018-05-15 18:17:00,1.4844,16.144,122.71,19.283,13.07,29.411,0.1794699999999999,187.2,33.596,25.444,22.385,22.505,22.579,45.658,10
2018-05-15 18:18:00,1.4838,15.558,122.71,19.228,13.07,29.314,0.17965,186.95,33.596,25.426,22.308,22.464,22.551,45.108,10
2018-05-15 18:19:00,1.4762,14.418,122.69,19.19,13.073,29.222,0.17144,187.43,32.134,25.404,22.35,22.421,22.477,43.426,10
2018-05-15 18:20:00,1.4858,13.865,122.65,19.151,13.077,29.12,0.16724,187.25,31.318,25.347,22.285,22.369,22.424,42.599,10
2018-05-15 18:21:00,1.4894,13.821,122.61,19.115,13.078,29.026,0.16633,186.53,31.03,25.301,22.263,22.319,22.359,41.884,10
2018-05-15 18:22:00,1.4869,13.334,122.66,19.083,13.078,28.93,0.1613999999999999,186.09,30.036,25.251,22.262,22.267,22.285,41.664,10
2018-05-15 18:23:00,1.4811,13.3,122.68,19.058,13.081,28.842,0.15647,185.33,28.999,25.229,22.249,22.214,22.231,41.388,10
2018-05-15 18:24:00,1.4858,13.611,122.77,19.026,13.083,28.743,0.15245,184.96,28.2,25.154,22.117,22.2,22.248,41.141,10
2018-05-15 18:25:00,1.4916,13.467,122.81,18.967,13.082,28.644,0.1579299999999999,186.03,29.378,25.102,22.005,22.142,22.219,40.976,10
2018-05-15 18:26:00,1.4886,13.544,122.87,18.927,13.085,28.551,0.16305,186.59,30.427,25.074,22.071,22.067,22.099,40.866,10
2018-05-15 18:27:00,1.4886,13.367,122.89,18.914,13.085,28.447,0.1656,185.08,30.654,25.033,21.947,22.018,22.068,40.37,10
2018-05-15 18:28:00,1.4933,13.301,122.9,18.898,13.087,28.357,0.15812,186.66,29.519,24.984,21.909,21.992,22.056,40.149,10
2018-05-15 18:29:00,1.4941,13.567,122.87,18.878,13.087,28.263,0.1584899999999999,186.9,29.615,24.947,21.903,21.935,21.988,39.928,10
2018-05-15 18:30:00,1.4986,12.947,122.81,18.843,13.089,28.164,0.1546599999999999,185.52,28.691,24.921,21.774,21.877,21.963,39.762,10
2018-05-15 18:31:00,1.4859,13.346,122.78,18.807,13.089,28.072,0.15941,185.72,29.607,24.908,21.781,21.817,21.869,39.707,10
2018-05-15 18:32:00,1.4992,8.4658,122.74,18.763,13.09,27.972,0.1259899999999999,207.43,25.893,24.868,21.692,21.779,21.843,39.707,10
2018-05-15 18:33:00,1.4827,9.119,122.8,18.723,13.094,27.886,0.11668,205.0,23.795,24.847,21.656,21.734,21.786,39.708,10
2018-05-15 18:34:00,1.4499,13.756,122.82,18.667,13.092,27.795,0.1658,180.01,29.84,24.808,21.601,21.69,21.759,39.653,10
2018-05-15 18:35:00,1.4494,13.745,122.86,18.618,13.095,27.692,0.16051,178.93,28.717,24.762,21.561,21.619,21.686,38.826,10
2018-05-15 18:36:00,1.4536,13.281,122.83,18.58,13.094,27.61,0.1599599999999999,178.8,28.602,24.732,21.496,21.58,21.662,38.248,10
2018-05-15 18:37:00,1.4588,12.473,122.85,18.544,13.095,27.511,0.15723,178.79,28.11,24.703,21.452,21.511,21.585,37.779,10
2018-05-15 18:38:00,1.4552,11.864,122.89,18.502,13.098,27.415,0.1612399999999999,179.06,28.873,24.665,21.374,21.464,21.525,36.897,10
2018-05-15 18:39:00,1.4489,11.189,122.9,18.465,13.098,27.33,0.15139,179.24,27.136,24.619,21.368,21.422,21.468,35.85,10
2018-05-15 18:40:00,1.4492,10.105,122.92,18.44,13.097,27.239,0.14828,178.62,26.49,24.574,21.286,21.372,21.431,35.077,10
2018-05-15 18:41:00,1.4487,9.839,122.98,18.433,13.102,27.144,0.13988,178.94,25.027,24.522,21.211,21.32,21.383,34.719,10
2018-05-15 18:42:00,1.449,9.6842,122.99,18.408,13.103,27.054,0.13349,179.02,23.903,24.476,21.178,21.249,21.312,34.113,10
2018-05-15 18:43:00,1.4506,8.7546,122.96,18.395,13.101,26.967,0.12783,178.85,22.865,24.431,21.086,21.195,21.27,33.148,10
2018-05-15 18:44:00,1.452,8.057299999999998,123.13,18.402,13.105,26.879,0.13331,179.21,23.885,24.392,21.066,21.119,21.17,32.266,10
2018-05-15 18:45:00,1.4501,7.0171,123.03,18.402,13.105,26.781,0.11852,179.02,21.217,24.345,20.964,21.062,21.122,31.246,10
2018-05-15 18:46:00,1.4493,6.1759,122.55,18.414,13.105,26.701,0.11176,178.25,19.919,24.307,20.884,20.997,21.06,30.115,10
2018-05-15 18:47:00,1.4487,5.213,122.36,18.434,13.105,26.607,0.10062,178.52,17.958,24.251,20.795,20.894,20.967,29.013,10
2018-05-15 18:48:00,1.4504,4.4827,122.42,18.45,13.107,26.527,0.10227,179.58,18.371,24.204,20.773,20.839,20.929,27.579,10
2018-05-15 18:49:00,1.4491,3.7522,122.44,18.461,13.11,26.447,0.0995299999999999,178.7,17.792,24.151,20.681,20.774,20.86,26.338,10
2018-05-15 18:50:00,1.4463,2.7782,122.46,18.437,13.111,26.354,0.09442,179.88,16.988,24.07,20.519,20.693,20.829,25.29,10
2018-05-15 18:51:00,1.4571,1.926,122.45,18.422,13.111,26.266,0.08712,178.72,15.567,24.015,20.439,20.608,20.73,24.215,10
2018-05-15 18:52:00,1.462,0.94085,122.38,18.398,13.112,26.187,0.0754299999999999,179.2,13.515,23.958,20.32,20.55,20.69,22.863,10
2018-05-15 18:53:00,1.4574,0.05534,122.42,18.367,13.111,26.102,0.07123,179.4,12.781,23.887,20.245,20.451,20.586,21.816,10
2018-05-15 18:54:00,1.4478,-1.0626,122.53,18.318,13.113,26.024,0.06557,179.09,11.735,23.836,20.299,20.334,20.42,20.409,10
2018-05-15 18:55:00,1.4464,-1.6161,122.56,18.259,13.115,25.941,0.05863,178.74,10.478,23.748,20.145,20.276,20.392,19.03,10
2018-05-15 18:56:00,1.45,-2.3024,122.51,18.186,13.118,25.863,0.05625,175.45,9.8731,23.655,20.175,20.17,20.25,18.203,10
2018-05-15 18:57:00,1.4484,-2.6345,122.37,18.137,13.117,25.78,0.05589,172.78,9.6625,23.539,19.995,20.148,20.289,16.88,10
2018-05-15 18:58:00,1.4492,-3.0552,122.34,18.096,13.118,25.695,0.05242,166.94,8.747099999999998,23.426,19.892,20.076,20.228,15.721,10
2018-05-15 18:59:00,1.4459,-3.4758,122.36,18.05,13.12,25.614,0.04055,163.6,6.6318,23.331,19.918,19.947,20.061,14.756,10
2018-05-15 19:00:00,1.4454,-3.819,122.39,17.989,13.119,25.538,0.0474899999999999,159.34,7.5742,23.261,19.779,19.874,20.003,13.791,10
2018-05-15 19:01:00,1.3644,-1.3505,122.47,17.945,13.121,25.468,0.0294099999999999,174.12,5.0149,23.182,19.743,19.774,19.896,12.853,10
2018-05-15 19:02:00,1.3479,-0.7527399999999999,122.42,17.938,13.121,25.382,0.02338,173.08,4.0414,23.08,19.595,19.704,19.842,11.833,10
2018-05-15 19:03:00,1.349,-0.7748899999999999,122.37,17.977,13.121,25.304,0.02265,164.89,3.733,23.0,19.506,19.654,19.816,10.482,10
2018-05-15 19:04:00,1.3484,-0.8081,122.43,18.049,13.124,25.223,0.02155,157.48,3.3931,22.899,19.465,19.585,19.765,9.902500000000002,10
2018-05-15 19:05:00,1.3487,-0.7859599999999999,122.4,18.105,13.124,25.154,0.0204599999999999,149.99,3.0825,22.821,19.408,19.549,19.748,8.7719,10
2018-05-15 19:06:00,1.3482,-0.8081099999999999,122.35,18.152,13.125,25.083,0.02082,140.05,2.9198,22.74,19.347,19.508,19.713,7.833999999999999,10
2018-05-15 19:07:00,1.3482,-0.76383,122.37,18.199,13.126,25.002,0.0219199999999999,129.79,2.8499,22.666,19.272,19.434,19.639,6.7582,10
2018-05-15 19:08:00,1.3485,-0.8081099999999999,122.42,18.222,13.128,24.927,0.02155,116.3,2.5048,22.598,19.18,19.346,19.548,5.9858,10
2018-05-15 19:09:00,1.3482,-0.78598,122.41,18.252,13.129,24.856,0.01881,102.62,1.957,22.539,19.082,19.256,19.467,5.4065,10
2018-05-15 19:10:00,1.3488,-0.79705,122.44,18.277,13.131,24.779,0.0167999999999999,85.867,1.4551,22.461,18.933,19.163,19.405,4.5514,10
2018-05-15 19:11:00,1.3471,-0.7417099999999999,122.46,18.287,13.128,24.707,0.02776,74.339,2.0621,22.41,18.872,19.075,19.289,3.9722,10
2018-05-15 19:12:00,1.3477,-0.74173,122.42,18.246,13.132,24.638,0.02649,63.289,1.662,22.348,18.743,18.92,19.155,3.1446,10
2018-05-15 19:13:00,1.3477,-0.76387,122.45,18.017,13.131,24.568,0.0266699999999999,53.302,1.4326,22.266,18.549,18.772,18.991,2.0688,10
2018-05-15 19:14:00,1.3488,-0.7085299999999999,122.43,17.881,13.133,24.49,0.02466,45.815,1.1295,22.192,18.413,18.646,18.837,1.2965,10
2018-05-15 19:15:00,1.3483,-0.69747,122.47,17.867,13.134,24.425,0.01461,36.948,0.5456499999999999,22.145,18.361,18.559,18.758,0.19309,10
2018-05-15 19:16:00,1.3472,-0.6864,122.39,17.848,13.134,24.35,0.01973,27.753,0.55529,22.072,18.208,18.457,18.703,-1.3241,10
2018-05-15 19:17:00,1.3478,-0.6974799999999999,122.3,17.764,13.134,24.282,0.0153399999999999,18.78,0.2840099999999999,22.024,18.216,18.277,18.46,-2.2069,10
2018-05-15 19:18:00,1.3481,-0.60892,122.23,17.688,13.136,24.222,0.01005,12.517,0.12719,21.958,18.014,18.182,18.386,-3.3379,10
2018-05-15 19:19:00,1.3467,-0.63106,122.17,17.607,13.138,24.148,0.0073099999999999,10.42,0.08053,21.895,17.939,18.028,18.175,-3.9724,10
2018-05-15 19:20:00,1.3489,-0.63107,122.19,17.527,13.138,24.075,0.0082199999999999,10.925,0.0882,21.819,17.71,17.911,18.079,-3.9725,10
2018-05-15 19:21:00,1.3489,-0.64214,122.14,17.488,13.139,24.012,0.0007299999999999,9.169,0.00876,21.756,17.684,17.793,17.926,-3.9725,10
2018-05-15 19:22:00,1.3489,-0.6532099999999998,122.12,17.5,13.141,23.939,0.00676,8.939,0.05365,21.677,17.498,17.751,17.914,-3.9725,10
2018-05-15 19:23:00,1.3487,-0.67537,122.11,17.499,13.141,23.873,0.0071199999999999,9.2841,0.0637599999999999,21.615,17.44,17.606,17.775,-3.9726,10
2018-05-15 19:24:00,1.3492,-0.6643,122.14,17.455,13.142,23.811,0.01242,7.669699999999998,0.0952699999999999,21.55,17.346,17.514,17.695,-3.9726,10
2018-05-15 19:25:00,1.3484,-0.6643,122.07,17.439,13.144,23.742,0.00384,8.218099999999998,0.03445,21.448,17.308,17.532,17.761,-3.9726,10
2018-05-15 19:26:00,1.3476,-0.6532299999999999,122.1,17.45,13.143,23.672,0.0091299999999999,5.7943,0.04684,21.377,17.321,17.521,17.741,-3.9726,10
2018-05-15 19:27:00,1.3484,-0.6089499999999999,122.07,17.439,13.143,23.612,0.0063899999999999,5.3388,0.03014,21.295,17.351,17.518,17.755,-3.9726,10
2018-05-15 19:28:00,1.3487,-0.59787,122.04,17.347,13.144,23.546,0.0065799999999999,4.4055,0.02356,21.198,17.231,17.491,17.778,-3.9726,10
2018-05-15 19:29:00,1.3481,-0.57574,122.06,17.272,13.147,23.48,0.0073099999999999,3.1316,0.0215799999999999,21.12,17.224,17.438,17.713,-3.9726,10
2018-05-15 19:30:00,1.3481,-0.6200299999999999,122.07,17.215,13.148,23.419,0.00219,3.1449,0.0053499999999999,21.034,17.139,17.404,17.693,-3.9726,10
2018-05-15 19:31:00,1.3495,-0.6200299999999999,122.03,17.192,13.149,23.355,0.0053,2.247,0.01123,20.965,17.101,17.323,17.615,-3.9726,10
2018-05-15 19:32:00,1.3493,-0.60896,122.04,17.189,13.151,23.294,-0.00091,2.0966,0.0048399999999999,20.89,17.052,17.316,17.618,-3.9726,10
2018-05-15 19:33:00,1.3482,-0.57574,122.07,17.209,13.151,23.224,0.0096799999999999,1.7781,0.0164599999999999,20.812,17.026,17.281,17.588,-3.9726,10
2018-05-15 19:34:00,1.3487,-0.60896,122.07,17.264,13.151,23.167,0.01133,1.2252,0.01776,20.739,17.01,17.295,17.62,-3.9728,10
2018-05-15 19:35:00,1.3493,-0.63111,122.11,17.2,13.154,23.096,0.0109599999999999,0.7342699999999999,0.00706,20.663,16.895,17.171,17.487,-3.9176,10
2018-05-15 19:36:00,1.349,-0.6421799999999999,122.14,16.957,13.154,23.039,0.00694,0.4467499999999999,-0.00173,20.577,16.832,17.097,17.357,-3.9728,10
2018-05-15 19:37:00,1.3487,-0.58682,122.11,16.74,13.157,22.983,-0.00091,0.56618,0.0017099999999999,20.497,16.729,16.95,17.217,-3.9729,10
2018-05-15 19:38:00,1.3493,-0.60897,122.14,16.568,13.158,22.915,0.00329,0.3892499999999999,-0.0016,20.409,16.662,16.867,17.115,-3.973,10
2018-05-15 19:39:00,1.3487,-0.59789,122.13,16.486,13.158,22.855,0.00055,-0.02212,-0.00542,20.314,16.702,16.877,17.086,-3.973,10
2018-05-15 19:40:00,1.3485,-0.59789,122.17,16.469,13.159,22.79,0.0071199999999999,-0.4600199999999999,-0.0051399999999999,20.225,16.615,16.829,17.069,-3.9731,10
2018-05-15 19:41:00,1.3487,-0.58682,122.19,16.446,13.16,22.736,0.0083999999999999,0.07077,0.00434,20.14,16.619,16.817,17.076,-3.9731,10
2018-05-15 19:42:00,1.3479,-0.60897,122.18,16.459,13.161,22.671,0.0031099999999999,-0.3892499999999999,0.00017,20.048,16.585,16.79,17.038,-3.9731,10
2018-05-15 19:43:00,1.3485,-0.54254,122.2,16.462,13.16,22.613,-0.00201,-0.3627099999999999,-0.00513,19.986,16.511,16.73,16.962,-3.9731,10
2018-05-15 19:44:00,1.3487,-0.5757499999999999,122.23,16.445,13.164,22.557,0.0011,0.15039,-0.0047999999999999,19.922,16.451,16.644,16.889,-3.9731,10
2018-05-15 19:45:00,1.3493,-0.5757499999999999,122.24,16.387,13.163,22.499,0.00237,0.3981,0.00083,19.848,16.343,16.582,16.837,-3.9731,10
2018-05-15 19:46:00,1.3493,-0.5978999999999999,122.25,16.294,13.163,22.437,0.0133399999999999,-0.5661899999999999,-0.0121499999999999,19.784,16.265,16.501,16.716,-3.973,10
2018-05-15 19:47:00,1.3498,-0.5978999999999999,122.26,16.193,13.165,22.379,0.0041999999999999,-0.90679,-0.0030899999999999,19.734,16.243,16.422,16.596,-3.973,10
2018-05-15 19:48:00,1.3485,-0.63112,122.32,16.09,13.164,22.326,0.0007299999999999,0.74755,0.00406,19.663,16.172,16.396,16.568,-3.973,10
2018-05-15 19:49:00,1.3496,-0.6200499999999999,122.34,16.047,13.164,22.26,0.00365,-0.24328,-0.01163,19.612,16.164,16.317,16.456,-3.9732,10
2018-05-15 19:50:00,1.3485,-0.57576,122.34,16.018,13.167,22.204,0.00457,0.18578,-0.00627,19.546,16.078,16.267,16.423,-3.9456,10
2018-05-15 19:51:00,1.3493,-0.5868299999999999,122.26,15.989,13.168,22.147,0.0,-0.1592399999999999,-0.0011299999999999,19.491,16.038,16.208,16.335,-3.9732,10
2018-05-15 19:52:00,1.349,-0.57576,122.26,15.96,13.17,22.092,0.00091,-0.19463,-0.0020999999999999,19.426,16.0,16.153,16.275,-3.9457,10
2018-05-15 19:53:00,1.3496,-0.6089799999999999,122.26,15.923,13.17,22.032,-0.0007299999999999,-0.1592399999999999,0.0008899999999999,19.369,15.972,16.072,16.151,-3.9733,10
2018-05-15 19:54:00,1.3487,-0.5868299999999999,122.26,15.887,13.171,21.973,0.00055,-0.4733,-0.0014499999999999,19.31,15.871,16.004,16.104,-3.9733,10
2018-05-15 19:55:00,1.3507,-0.57576,122.31,15.865,13.174,21.922,0.00055,-0.89795,-0.00297,19.257,15.883,16.019,16.1,-3.9733,10
2018-05-15 19:56:00,1.3507,-0.63112,122.32,15.961,13.172,21.859,0.0,-1.5084,0.0,19.202,15.914,16.034,16.159,-3.9733,10
2018-05-15 19:57:00,1.3493,-0.63112,122.31,15.969,13.176,21.806,0.00694,-0.3627199999999999,-0.0016199999999999,19.135,15.986,16.056,16.221,-3.9733,10
2018-05-15 19:58:00,1.349,-0.63112,122.34,16.013,13.176,21.751,-0.00055,0.45561,0.0001399999999999,19.076,16.009,16.09,16.277,-3.8352,10
2018-05-15 19:59:00,1.3499,-0.57576,122.39,15.993,13.176,21.696,-0.00055,0.0973099999999999,-0.00459,19.017,15.954,16.07,16.293,-3.6973,10
2018-05-15 20:00:00,1.3496,-0.6200499999999999,122.44,15.932,13.178,21.642,0.00219,-0.6812,0.00147,18.958,15.933,16.066,16.303,-3.5594,10
2018-05-15 20:01:00,1.3499,-0.6089799999999999,122.4,15.876,13.177,21.585,0.00585,-0.1813599999999999,0.00222,18.896,15.866,15.996,16.225,-3.587,10
2018-05-15 20:02:00,1.3496,-0.56469,122.46,15.819,13.179,21.53,0.0054799999999999,-0.30079,-0.00611,18.836,15.763,15.909,16.124,-3.4766,10
2018-05-15 20:03:00,1.3488,-0.5868299999999999,122.44,15.746,13.177,21.466,-0.0003699999999999,-0.5352299999999999,0.0011199999999999,18.767,15.684,15.863,16.08,-3.7802,10
2018-05-15 20:04:00,1.3493,-0.64221,122.47,15.723,13.181,21.419,0.00164,-0.71218,0.00087,18.721,15.688,15.787,15.987,-3.7526,10
2018-05-15 20:05:00,1.3493,-0.5979299999999999,122.4,15.706,13.183,21.369,-0.00091,-0.12386,0.00525,18.678,15.705,15.745,15.897,-3.725,10
2018-05-15 20:06:00,1.3499,-0.62007,122.47,15.696,13.182,21.313,0.00329,1.3846,0.00513,18.625,15.596,15.729,15.898,-3.863,10
2018-05-15 20:07:00,1.3499,-0.5536499999999999,122.41,15.643,13.184,21.256,0.00676,-0.07079,0.0012999999999999,18.57,15.555,15.631,15.784,-3.6699,10
2018-05-15 20:08:00,1.3513,-0.63116,122.46,15.595,13.184,21.196,0.00402,-1.2961,-0.00391,18.529,15.435,15.558,15.709,-3.6975,10
2018-05-15 20:09:00,1.3497,-0.60901,122.39,15.559,13.187,21.148,0.00621,-0.94224,-0.00149,18.477,15.356,15.555,15.694,-3.8079,10
2018-05-15 20:10:00,1.3489,-0.63117,122.42,15.541,13.188,21.091,0.00128,0.5662399999999999,0.00214,18.422,15.401,15.447,15.596,-3.946,10
2018-05-15 20:11:00,1.35,-0.6090299999999998,122.41,15.59,13.189,21.044,-0.00128,0.84494,-0.00354,18.398,15.43,15.445,15.599,-3.808,10
2018-05-15 20:12:00,1.3505,-0.5979499999999999,122.41,15.641,13.187,20.984,0.0007299999999999,1.0042,0.00038,18.34,15.305,15.465,15.676,-3.6424,10
2018-05-15 20:13:00,1.3503,-0.62011,122.44,15.756,13.19,20.948,0.00164,0.1636799999999999,0.0091,18.326,15.344,15.514,15.738,-3.5597,10
2018-05-15 20:14:00,1.3505,-0.58689,122.5,15.825,13.19,20.886,0.00055,-0.99979,0.00075,18.297,15.308,15.404,15.596,-3.4769,10
2018-05-15 20:15:00,1.3494,-0.59796,122.48,15.825,13.189,20.836,-0.00238,0.15483,0.0027499999999999,18.247,15.23,15.401,15.608,-3.5322,10
2018-05-15 20:16:00,1.35,-0.6090499999999999,122.5,15.807,13.191,20.783,-0.0054799999999999,0.30525,-0.00182,18.216,15.301,15.354,15.501,-3.5874,10
2018-05-15 20:17:00,1.3486,-0.6090499999999999,122.47,15.828,13.192,20.734,-0.00749,0.01327,0.0024199999999999,18.174,15.151,15.34,15.567,-3.3666,10
2018-05-15 20:18:00,1.3492,-0.65334,122.42,15.812,13.192,20.678,0.00512,-0.8670799999999999,-0.00512,18.144,15.183,15.259,15.43,-3.339,10
2018-05-15 20:19:00,1.35,-0.64227,122.48,15.77,13.194,20.63,0.00347,-0.57511,-0.0062599999999999,18.096,15.056,15.232,15.416,-3.3666,10
2018-05-15 20:20:00,1.3503,-0.5979799999999998,122.51,15.73,13.194,20.577,-0.00566,0.6193499999999998,-0.00606,18.047,14.974,15.18,15.426,-3.3114,10
2018-05-15 20:21:00,1.3511,-0.6201299999999998,122.53,15.708,13.194,20.534,0.0,-1.3758,0.00337,18.044,15.009,15.16,15.334,-3.4219,10
2018-05-15 20:22:00,1.3514,-0.6422799999999999,122.57,15.685,13.195,20.479,0.0,-1.4466,0.0003899999999999,18.003,14.987,15.106,15.261,-3.3667,10
2018-05-15 20:23:00,1.3498,-0.57584,122.33,15.653,13.197,20.43,-0.0029199999999999,-0.8538299999999999,0.00072,17.948,14.945,15.063,15.215,-3.2839,10
2018-05-15 20:24:00,1.35,-0.58691,122.11,15.62,13.196,20.377,0.00018,0.27871,0.0024199999999999,17.901,14.949,15.038,15.186,-3.2564,10
2018-05-15 20:25:00,1.3498,-0.62014,122.11,15.59,13.198,20.336,-0.00091,-0.6768699999999999,0.0061399999999999,17.873,14.855,15.001,15.126,-3.2288,10
2018-05-15 20:26:00,1.3509,-0.67551,122.16,15.548,13.199,20.283,-0.0064,-0.41143,0.0029399999999999,17.817,14.787,14.976,15.104,-3.2012,10
2018-05-15 20:27:00,1.3503,-0.64229,122.13,15.518,13.2,20.238,-0.00055,0.33622,-0.0010499999999999,17.775,14.754,14.988,15.104,-3.284,10
2018-05-15 20:28:00,1.3495,-0.66444,122.12,15.538,13.198,20.194,0.0053,-0.5884,-0.0060699999999999,17.744,14.867,14.934,15.046,-3.2564,10
2018-05-15 20:29:00,1.3506,-0.59799,122.17,15.558,13.2,20.151,0.00055,0.03982,-0.00287,17.706,14.745,14.889,15.024,-3.3116,10
2018-05-15 20:30:00,1.3495,-0.63122,122.17,15.615,13.201,20.097,0.0031099999999999,-0.02212,0.0005699999999999,17.668,14.774,14.944,15.101,-3.3117,10
2018-05-15 20:31:00,1.3506,-0.63122,122.14,15.669,13.203,20.052,-0.0053,-0.06194,0.00285,17.639,14.756,14.879,15.068,-3.3117,10
2018-05-15 20:32:00,1.3509,-0.62014,122.32,15.663,13.204,20.001,-0.00055,-0.15484,0.0072199999999999,17.588,14.682,14.851,15.032,-3.2841,10
2018-05-15 20:33:00,1.3501,-0.63122,122.35,15.626,13.204,19.961,-0.00566,-0.43356,0.00734,17.557,14.668,14.832,14.998,-3.2841,10
2018-05-15 20:34:00,1.3498,-0.5979999999999999,122.31,15.635,13.204,19.913,0.00128,-0.24775,-0.00386,17.518,14.673,14.795,14.939,-3.2289,10
2018-05-15 20:35:00,1.3506,-0.67552,122.33,15.6,13.205,19.866,0.00018,-0.2742899999999999,-0.00287,17.467,14.547,14.773,14.936,-3.1186,10
2018-05-15 20:36:00,1.3509,-0.67552,122.36,15.545,13.206,19.818,-0.00493,-0.08848,0.0042599999999999,17.423,14.477,14.725,14.874,-3.0911,10
2018-05-15 20:37:00,1.3495,-0.6201499999999999,122.36,15.471,13.209,19.786,-0.00055,0.3849,-0.0033899999999999,17.389,14.528,14.685,14.809,-3.2291,10
2018-05-15 20:38:00,1.3498,-0.67552,122.39,15.444,13.208,19.737,-0.0003699999999999,-0.0530899999999999,0.0049199999999999,17.34,14.432,14.636,14.768,-3.1739,10
2018-05-15 20:39:00,1.3495,-0.66444,122.38,15.419,13.21,19.695,-0.0029199999999999,-0.55301,-0.00297,17.307,14.431,14.563,14.71,-3.2567,10
2018-05-15 20:40:00,1.3509,-0.63122,122.39,15.368,13.208,19.645,0.0014599999999999,-0.5795599999999999,-0.0030699999999999,17.245,14.344,14.566,14.716,-3.2567,10
2018-05-15 20:41:00,1.3503,-0.67552,122.36,15.333,13.211,19.603,-0.00201,0.30084,-0.00025,17.205,14.382,14.558,14.673,-3.2567,10
2018-05-15 20:42:00,1.3503,-0.6201499999999999,122.39,15.307,13.211,19.565,-0.00329,-0.03982,-0.0011999999999999,17.169,14.387,14.53,14.648,-3.2015,10
2018-05-15 20:43:00,1.3501,-0.63122,122.36,15.285,13.211,19.517,-0.00493,-0.44683,-0.00068,17.121,14.339,14.482,14.589,-3.1463,10
2018-05-15 20:44:00,1.3501,-0.60908,122.34,15.244,13.211,19.479,-0.00457,0.20793,-0.0051,17.076,14.283,14.431,14.534,-3.1463,10
2018-05-15 20:45:00,1.3509,-0.6865999999999999,122.32,15.183,13.212,19.437,0.00365,-0.26987,-0.0024199999999999,17.027,14.256,14.391,14.472,-3.2568,10
2018-05-15 20:46:00,1.3498,-0.6201499999999999,122.34,15.156,13.213,19.401,-0.00128,0.02212,0.0053899999999999,16.99,14.223,14.401,14.492,-3.174,10
2018-05-15 20:47:00,1.3509,-0.6644499999999999,122.35,15.133,13.212,19.363,-0.00329,0.24775,-0.00023,16.942,14.16,14.367,14.482,-3.2016,10
2018-05-15 20:48:00,1.3504,-0.67556,122.42,15.085,13.215,19.322,0.00055,-0.5928499999999999,0.0015,16.897,14.15,14.302,14.387,-3.2569,10
2018-05-15 20:49:00,1.3499,-0.69772,122.4,15.04,13.213,19.281,0.0053,-0.30086,-0.00314,16.852,14.149,14.273,14.338,-3.2017,10
2018-05-15 20:50:00,1.351,-0.68664,122.38,15.003,13.216,19.239,0.0060299999999999,0.3805,0.0017099999999999,16.802,14.067,14.266,14.368,-3.2569,10
2018-05-15 20:51:00,1.3507,-0.65343,122.29,14.979,13.217,19.21,-0.0031099999999999,-1.0398,0.0041599999999999,16.781,14.068,14.212,14.305,-3.257,10
2018-05-15 20:52:00,1.3505,-0.7198799999999999,122.2,14.942,13.217,19.166,-0.00238,-0.4203299999999999,0.0027899999999999,16.725,14.065,14.161,14.265,-3.0914,10
2018-05-15 20:53:00,1.3507,-0.68666,122.24,14.904,13.217,19.121,-0.00238,-0.05752,0.00169,16.671,14.01,14.128,14.222,-3.0362,10
2018-05-15 20:54:00,1.3502,-0.65344,122.29,14.867,13.218,19.08,0.00365,-0.86279,-0.00585,16.631,13.968,14.102,14.185,-2.981,10
2018-05-15 20:55:00,1.3508,-0.71989,122.36,14.838,13.219,19.046,0.00365,-0.60174,-0.0008199999999999,16.602,13.981,14.064,14.144,-3.1743,10
2018-05-15 20:56:00,1.3505,-0.68667,122.39,14.813,13.22,19.008,-0.0054799999999999,-0.20796,-0.0046899999999999,16.559,13.903,13.998,14.099,-3.2019,10
2018-05-15 20:57:00,1.3513,-0.6755999999999999,122.42,14.796,13.22,18.971,-0.0060299999999999,-0.2522099999999999,0.0018,16.52,13.906,14.036,14.109,-3.2295,10
2018-05-15 20:58:00,1.3502,-0.7088299999999998,122.43,14.829,13.221,18.934,0.0,0.15486,-0.00172,16.498,13.918,14.029,14.106,-3.1467,10
2018-05-15 20:59:00,1.3505,-0.7088299999999998,122.43,14.867,13.22,18.894,-0.00018,0.12389,-0.0055599999999999,16.465,13.857,14.032,14.117,-2.981,10
2018-05-15 21:00:00,1.3513,-0.6866799999999998,122.42,14.894,13.223,18.849,-0.00164,-0.11947,0.00334,16.422,13.84,14.009,14.09,-2.4842,10
2018-05-15 21:01:00,1.3502,-0.71991,122.39,14.913,13.222,18.818,-0.00183,-0.1283199999999999,-0.0043699999999999,16.393,13.844,13.992,14.06,-2.2082,10
2018-05-15 21:02:00,1.3494,-0.70884,122.38,14.913,13.223,18.78,-0.0029199999999999,-0.56194,0.0008499999999999,16.367,13.946,13.991,14.01,-2.015,10
2018-05-15 21:03:00,1.3503,-0.68669,122.44,14.909,13.225,18.739,-0.00329,-0.0708,-0.00576,16.335,13.844,14.043,14.109,-1.9874,10
2018-05-15 21:04:00,1.3519,-0.65346,122.49,14.923,13.226,18.714,-0.00018,-0.91592,-0.00107,16.324,13.866,14.073,14.155,-1.9874,10
2018-05-15 21:05:00,1.3514,-0.68669,122.5,14.946,13.226,18.672,-0.00676,-0.94689,0.0037599999999999,16.295,13.895,14.054,14.149,-1.9874,10
2018-05-15 21:06:00,1.3505,-0.67562,122.5,14.937,13.225,18.653,-0.00512,-1.115,0.00423,16.287,13.989,14.096,14.145,-1.9874,10
2018-05-15 21:07:00,1.3514,-0.69777,122.56,14.969,13.227,18.612,-0.0106,-1.0044,0.0188,16.269,13.969,14.099,14.2,-1.9874,10
2018-05-15 21:08:00,1.3506,-0.6423999999999999,122.58,14.969,13.229,18.573,0.00183,-1.0044,-0.00194,16.24,14.065,14.128,14.203,-1.9874,10
2018-05-15 21:09:00,1.3503,-0.7420999999999999,122.66,14.979,13.227,18.543,0.0014599999999999,0.10177,0.0004099999999999,16.229,14.063,14.205,14.339,-1.9874,10
2018-05-15 21:10:00,1.3503,-0.68672,122.68,15.047,13.229,18.502,-0.00366,-1.0885,0.0044799999999999,16.234,14.107,14.224,14.371,-1.9874,10
2018-05-15 21:11:00,1.3511,-0.7642499999999999,122.67,15.061,13.228,18.468,-0.00366,0.35842,-0.00079,16.242,14.168,14.3,14.436,-1.9322,10
2018-05-15 21:12:00,1.3506,-0.6977999999999999,122.63,15.055,13.229,18.437,-0.00238,-0.1283199999999999,-0.0021099999999999,16.25,14.297,14.363,14.507,-1.7114,10
2018-05-15 21:13:00,1.3511,-0.68672,122.65,15.078,13.23,18.398,0.00256,0.0796499999999999,-0.0034299999999999,16.268,14.372,14.526,14.673,-1.4078,10
2018-05-15 21:14:00,1.3512,-0.7310299999999998,122.69,15.168,13.229,18.367,-0.0029199999999999,-0.21239,-0.00321,16.299,14.529,14.627,14.775,-1.1317,10
2018-05-15 21:15:00,1.3517,-0.69782,122.7,15.212,13.229,18.331,-0.00183,0.0619499999999999,-0.00532,16.31,14.601,14.682,14.865,-0.6072699999999999,10
2018-05-15 21:16:00,1.3509,-0.71997,122.73,15.212,13.23,18.297,-0.0115099999999999,-0.0177,0.0050499999999999,16.321,14.712,14.738,14.896,-0.52446,10
2018-05-15 21:17:00,1.3517,-0.67566,122.69,15.227,13.229,18.278,-0.00457,-0.2301,0.00267,16.348,14.724,14.869,15.026,-0.27603,10
2018-05-15 21:18:00,1.3512,-0.75319,122.92,15.273,13.23,18.244,-0.0106,-0.50888,0.0042199999999999,16.369,14.831,14.931,15.111,0.0,10
2018-05-15 21:19:00,1.352,-0.74212,122.9,15.329,13.229,18.205,-0.00384,0.31418,-0.00016,16.377,14.905,15.006,15.203,0.0,10
2018-05-15 21:20:00,1.3526,-0.71998,122.98,15.367,13.23,18.18,0.00018,-0.02655,0.0041099999999999,16.393,14.98,15.071,15.253,0.0,10
2018-05-15 21:21:00,1.3512,-0.76429,122.89,15.389,13.229,18.148,0.00493,-0.2743599999999999,-0.0035699999999999,16.394,15.041,15.111,15.318,0.0,10
2018-05-15 21:22:00,1.3512,-0.70891,122.74,15.403,13.23,18.117,-0.0043899999999999,-0.13275,-0.00067,16.404,15.071,15.137,15.345,0.0,10
2018-05-15 21:23:00,1.3523,-0.69784,122.79,15.408,13.23,18.092,0.0007299999999999,0.0708,-0.0053899999999999,16.415,15.076,15.196,15.387,0.0,10
2018-05-15 21:24:00,1.3515,-0.7199999999999999,122.83,15.427,13.23,18.069,-0.00457,0.385,0.00379,16.426,15.096,15.262,15.445,0.0,10
2018-05-15 21:25:00,1.3512,-0.6978499999999999,122.9,15.417,13.23,18.046,-0.0011,-0.36729,-0.0008199999999999,16.423,15.143,15.228,15.419,0.0,10
2018-05-15 21:26:00,1.3507,-0.72001,122.94,15.426,13.23,18.013,-0.00585,-0.5531599999999999,0.0015399999999999,16.422,15.162,15.238,15.423,0.0,10
2018-05-15 21:27:00,1.3507,-0.70894,123.0,15.452,13.231,17.99,-0.00493,-0.49563,0.00338,16.424,15.155,15.241,15.409,0.0,10
2018-05-15 21:28:00,1.3513,-0.70894,122.83,15.466,13.228,17.973,-0.0060299999999999,-0.26994,0.00174,16.42,15.14,15.236,15.428,0.0,10
2018-05-15 21:29:00,1.3513,-0.69786,122.62,15.466,13.23,17.946,0.00384,-0.32305,0.00128,16.411,15.121,15.202,15.388,-0.13802,10
2018-05-15 21:30:00,1.3505,-0.6978699999999999,122.57,15.479,13.23,17.927,-0.0007299999999999,-0.21242,0.0002799999999999,16.398,15.104,15.205,15.399,-0.0828099999999999,10
2018-05-15 21:31:00,1.3516,-0.68679,122.48,15.589,13.23,17.917,-0.0060299999999999,0.1902899999999999,-0.0020899999999999,16.411,15.149,15.276,15.487,-0.44168,10
2018-05-15 21:32:00,1.3518,-0.7089499999999999,122.39,15.72,13.231,17.896,-0.00091,0.10621,-0.00282,16.423,15.197,15.266,15.46,-0.2484399999999999,10
2018-05-15 21:33:00,1.351,-0.6867999999999999,122.39,15.831,13.229,17.871,-0.00055,-0.11506,-0.00315,16.421,15.19,15.254,15.468,-0.49689,10
2018-05-15 21:34:00,1.3516,-0.7089499999999999,122.42,15.868,13.23,17.85,-0.0054799999999999,-0.1327599999999999,0.0047499999999999,16.409,15.129,15.238,15.465,-0.52449,10
2018-05-15 21:35:00,1.3513,-0.75327,122.45,15.884,13.23,17.827,-0.0014599999999999,-0.19914,0.00362,16.387,15.149,15.258,15.497,-0.8833499999999999,10
2018-05-15 21:36:00,1.3508,-0.73111,122.42,16.046,13.231,17.813,0.00128,0.13719,0.00102,16.396,15.195,15.293,15.537,-1.2146,10
2018-05-15 21:37:00,1.3521,-0.72004,122.44,16.125,13.231,17.798,-0.00585,-0.2832299999999999,0.00133,16.378,15.15,15.252,15.521,-1.1318,10
2018-05-15 21:38:00,1.3519,-0.70896,122.49,16.218,13.23,17.781,-0.00201,-0.1991499999999999,-0.00551,16.381,15.172,15.251,15.521,-1.3527,10
2018-05-15 21:39:00,1.3516,-0.67573,122.5,16.256,13.231,17.76,-0.00055,0.0177,-0.00534,16.369,15.199,15.281,15.544,-1.3251,10
2018-05-15 21:40:00,1.351,-0.68681,122.47,16.315,13.232,17.74,0.00201,0.10179,0.00564,16.382,15.263,15.325,15.603,-1.4631,10
2018-05-15 21:41:00,1.3516,-0.7421999999999999,122.49,16.287,13.233,17.729,0.0041999999999999,-0.29208,-0.00042,16.381,15.251,15.311,15.593,-1.3803,10
2018-05-15 21:42:00,1.3508,-0.67574,122.54,16.196,13.232,17.729,-0.0041999999999999,0.1991499999999999,-0.00434,16.371,15.206,15.291,15.585,-1.7944,10
2018-05-15 21:43:00,1.3508,-0.69789,122.57,16.154,13.23,17.706,-0.00219,-0.35404,0.00642,16.339,15.174,15.26,15.536,-1.9877,10
2018-05-15 21:44:00,1.3516,-0.73113,122.62,16.217,13.233,17.694,-0.0027399999999999,-0.23455,0.0028,16.335,15.178,15.256,15.518,-1.9877,10
2018-05-15 21:45:00,1.3513,-0.7089699999999999,122.56,16.204,13.232,17.681,-0.0011,-0.14604,-0.00118,16.309,15.066,15.18,15.475,-1.9877,10
2018-05-15 21:46:00,1.3516,-0.67574,122.55,16.145,13.233,17.663,0.0007299999999999,-0.1991499999999999,-2e-05,16.254,14.923,15.058,15.355,-1.9877,10
2018-05-15 21:47:00,1.3513,-0.73113,122.52,16.02,13.234,17.646,-0.00201,-0.03098,-0.00949,16.207,14.903,14.995,15.251,-1.9876,10
2018-05-15 21:48:00,1.3519,-0.74221,122.62,15.936,13.235,17.636,-0.0094999999999999,-0.1726,0.00595,16.177,14.864,14.927,15.164,-1.9876,10
2018-05-15 21:49:00,1.3516,-0.7089699999999999,122.57,15.902,13.234,17.625,0.00676,-0.0663799999999999,-0.0046899999999999,16.148,14.789,14.874,15.117,-1.9876,10
2018-05-15 21:50:00,1.3522,-0.6978999999999999,122.61,15.799,13.235,17.617,0.0029199999999999,-0.23013,-0.00232,16.102,14.682,14.763,15.005,-2.0152,10
2018-05-15 21:51:00,1.3522,-0.7200499999999999,122.57,15.708,13.234,17.617,-0.00018,-0.02655,0.00128,16.068,14.589,14.682,14.908,-2.5121,10
2018-05-15 21:52:00,1.3511,-0.70898,122.54,15.602,13.235,17.604,-0.0011,0.1504699999999999,0.0071199999999999,16.003,14.521,14.599,14.821,-2.8434,10
2018-05-15 21:53:00,1.3516,-0.75329,122.6,15.502,13.235,17.584,-0.0007299999999999,-0.08851,-0.00428,15.941,14.421,14.47,14.659,-3.2574,10
2018-05-15 21:54:00,1.3519,-0.67574,122.64,15.496,13.237,17.573,-0.00238,0.2522599999999999,0.00204,15.892,14.345,14.462,14.659,-3.3126,10
2018-05-15 21:55:00,1.3516,-0.6868199999999999,122.66,15.622,13.237,17.569,-0.0027399999999999,0.30536,-0.0017899999999999,15.894,14.339,14.409,14.618,-3.3127,10
2018-05-15 21:56:00,1.3519,-0.6757499999999999,122.72,15.691,13.236,17.556,-0.00329,0.17702,-0.00172,15.852,14.248,14.313,14.535,-3.3127,10
2018-05-15 21:57:00,1.3511,-0.73113,122.74,15.72,13.238,17.544,-0.00238,0.70367,-0.00042,15.821,14.28,14.305,14.522,-3.3127,10
2018-05-15 21:58:00,1.3522,-0.6868199999999999,122.7,15.822,13.238,17.544,-0.01225,0.07524,0.00617,15.821,14.31,14.384,14.617,-3.3127,10
2018-05-15 21:59:00,1.3513,-0.73114,122.69,16.024,13.239,17.527,0.00018,-0.0354,-0.00197,15.837,14.353,14.413,14.66,-3.2299,10
2018-05-15 22:00:00,1.3519,-0.6978999999999999,122.66,16.04,13.238,17.523,0.0014599999999999,0.1903,-0.0011,15.834,14.297,14.394,14.679,-3.1471,10
2018-05-15 22:01:00,1.3511,-0.70898,122.4,15.91,13.238,17.513,0.00329,-0.12392,-0.0009799999999999,15.806,14.233,14.345,14.629,-3.2299,10
2018-05-15 22:02:00,1.3511,-0.6868199999999999,122.38,15.784,13.238,17.496,-0.00201,-0.0840899999999999,-0.0080499999999999,15.756,14.1,14.223,14.514,-3.2575,10
2018-05-15 22:03:00,1.3525,-0.6868199999999999,122.38,15.668,13.24,17.5,-0.00585,-0.10621,0.0022399999999999,15.731,14.005,14.103,14.367,-3.3127,10
2018-05-15 22:04:00,1.3522,-0.73114,122.42,15.569,13.239,17.478,0.00091,-0.3053699999999999,0.00608,15.665,13.873,13.996,14.227,-3.3403,10
2018-05-15 22:05:00,1.3516,-0.6978999999999999,122.43,15.443,13.24,17.463,-0.0007299999999999,0.1991499999999999,0.0077299999999999,15.607,13.723,13.858,14.088,-3.4783,10
2018-05-15 22:06:00,1.3514,-0.72006,122.41,15.334,13.24,17.451,-0.0031099999999999,0.18587,-0.01054,15.555,13.591,13.759,13.945,-3.6992,10
2018-05-15 22:07:00,1.3514,-0.6978999999999999,122.4,15.228,13.241,17.453,-0.00329,0.2699599999999999,-0.0040499999999999,15.51,13.464,13.635,13.822,-3.8097,10
2018-05-15 22:08:00,1.3516,-0.73114,122.34,15.116,13.241,17.446,-0.0060299999999999,0.27439,0.00108,15.456,13.342,13.524,13.692,-3.9754,10
2018-05-15 22:09:00,1.3519,-0.68683,122.39,15.007,13.243,17.432,-0.00256,-0.31422,-0.0010499999999999,15.403,13.242,13.358,13.512,-3.9754,10
2018-05-15 22:10:00,1.3516,-0.72006,122.43,14.91,13.244,17.417,-0.00201,0.0929399999999999,-0.0005,15.339,13.098,13.302,13.432,-3.9754,10
2018-05-15 22:11:00,1.3514,-0.6978999999999999,122.41,14.805,13.245,17.405,-0.00183,0.70367,-0.0005299999999999,15.279,12.977,13.219,13.367,-3.9754,10
2018-05-15 22:12:00,1.3514,-0.72006,122.44,14.723,13.243,17.384,0.0003699999999999,1.0533,0.0029499999999999,15.218,12.88,13.13,13.24,-3.9754,10
2018-05-15 22:13:00,1.3505,-0.7754499999999999,122.46,14.661,13.245,17.382,-0.00914,0.54435,-0.00655,15.182,12.786,13.061,13.142,-3.9755,10
2018-05-15 22:14:00,1.3519,-0.7422199999999999,122.51,14.605,13.245,17.363,0.0007299999999999,-0.43813,-0.00372,15.131,12.79,12.974,13.012,-3.9755,10
2018-05-15 22:15:00,1.3505,-0.72006,122.55,14.574,13.245,17.363,-0.0073099999999999,-0.27439,0.0020799999999999,15.104,12.73,12.942,12.973,-3.9754,10
2018-05-15 22:16:00,1.3505,-0.73114,122.53,14.509,13.246,17.344,-0.0027399999999999,-0.86299,0.0047299999999999,15.046,12.677,12.818,12.85,-3.9754,10
2018-05-15 22:17:00,1.3522,-0.75329,122.58,14.425,13.246,17.34,-0.0054799999999999,0.8762699999999999,-0.00564,14.996,12.612,12.775,12.818,-3.9754,10
2018-05-15 22:18:00,1.3516,-0.70898,122.61,14.354,13.248,17.319,-0.00621,-0.83201,0.00732,14.952,12.581,12.703,12.706,-3.9754,10
2018-05-15 22:19:00,1.3505,-0.73114,122.64,14.306,13.246,17.315,-0.00128,-0.82316,0.0005299999999999,14.924,12.558,12.666,12.687,-3.9755,10
2018-05-15 22:20:00,1.3508,-0.75329,122.67,14.248,13.247,17.294,-0.00621,0.61516,-0.0071199999999999,14.869,12.519,12.603,12.623,-3.9755,10
2018-05-15 22:21:00,1.3508,-0.7422199999999999,122.65,14.185,13.249,17.269,0.0014599999999999,0.5399199999999998,0.0021299999999999,14.811,12.417,12.5,12.532,-3.9755,10
2018-05-15 22:22:00,1.3519,-0.70898,122.63,14.111,13.25,17.261,-0.00402,0.82316,-0.00367,14.771,12.366,12.453,12.52,-3.9755,10
2018-05-15 22:23:00,1.3503,-0.81976,122.58,14.025,13.25,17.248,-0.0053,0.11949,-0.00302,14.721,12.183,12.439,12.548,-3.9755,10
2018-05-15 22:24:00,1.3511,-0.73114,122.64,13.933,13.251,17.236,-0.0029199999999999,0.3540499999999999,-0.00272,14.676,12.261,12.392,12.485,-3.9755,10
2018-05-15 22:25:00,1.3508,-0.70898,122.58,13.868,13.251,17.219,-0.00841,-0.73465,0.00016,14.64,12.252,12.33,12.408,-3.9755,10
2018-05-15 22:26:00,1.3514,-0.6646699999999999,122.6,13.842,13.251,17.202,-0.00859,0.7081,-0.00689,14.591,12.241,12.328,12.432,-3.9755,10
2018-05-15 22:27:00,1.3511,-0.73114,122.57,13.843,13.251,17.178,-0.00676,0.0796599999999999,-0.00083,14.56,12.188,12.355,12.481,-3.9756,10
2018-05-15 22:28:00,1.3505,-0.6757499999999999,122.66,13.836,13.252,17.169,-0.01024,-0.64614,0.00706,14.54,12.209,12.316,12.444,-3.9756,10
2018-05-15 22:29:00,1.3514,-0.7643699999999999,122.65,13.847,13.251,17.156,-0.0117,0.3540499999999999,-0.00317,14.51,12.181,12.304,12.455,-3.9756,10
2018-05-15 22:30:00,1.3511,-0.70898,122.7,13.898,13.254,17.132,-0.00018,-0.46026,-0.00447,14.489,12.179,12.312,12.445,-3.9756,10
2018-05-15 22:31:00,1.3508,-0.73114,122.72,14.051,13.254,17.108,-0.00128,-0.2168499999999999,0.00166,14.491,12.268,12.403,12.546,-3.9756,10
2018-05-15 22:32:00,1.3514,-0.73114,122.79,14.176,13.256,17.083,-0.00384,-0.2832399999999999,0.00175,14.495,12.324,12.394,12.504,-3.9756,10
2018-05-15 22:33:00,1.3516,-0.73114,122.8,14.196,13.255,17.081,-0.0060299999999999,0.0575299999999999,-0.00092,14.483,12.24,12.398,12.567,-3.7272,10
2018-05-15 22:34:00,1.3511,-0.70898,122.77,14.212,13.257,17.058,-0.0064,-0.14605,-0.0009799999999999,14.46,12.182,12.359,12.542,-3.5891,10
2018-05-15 22:35:00,1.3508,-0.70898,122.73,14.225,13.257,17.033,-0.00201,-0.8762699999999999,0.00184,14.451,12.305,12.344,12.483,-3.5339,10
2018-05-15 22:36:00,1.3514,-0.72006,122.8,14.244,13.258,17.014,-0.0069499999999999,-1.1462,0.0118,14.445,12.228,12.275,12.452,-3.5615,10
2018-05-15 22:37:00,1.3511,-0.73114,122.79,14.24,13.258,16.995,-0.01225,0.12834,-0.0055199999999999,14.416,12.159,12.288,12.502,-3.3959,10
2018-05-15 22:38:00,1.3516,-0.70898,122.83,14.26,13.258,16.979,-0.01078,0.3275,-0.0028999999999999,14.417,12.197,12.293,12.501,-3.3131,10
2018-05-15 22:39:00,1.3522,-0.70898,122.83,14.291,13.258,16.954,-0.0133399999999999,-0.2832399999999999,0.0053499999999999,14.409,12.21,12.292,12.49,-3.3406,10
2018-05-15 22:40:00,1.3514,-0.70898,122.83,14.286,13.258,16.935,-0.00256,0.28766,0.00157,14.39,12.129,12.244,12.47,-3.4235,10
2018-05-15 22:41:00,1.3516,-0.73114,122.86,14.268,13.259,16.903,-0.00018,0.0929399999999999,-0.0009799999999999,14.352,12.049,12.182,12.428,-3.4511,10
2018-05-15 22:42:00,1.3519,-0.70898,122.91,14.241,13.26,16.878,-0.00402,0.0929399999999999,-0.00016,14.323,12.027,12.126,12.324,-3.4511,10
2018-05-15 22:43:00,1.3525,-0.70898,122.66,14.216,13.26,16.874,0.00091,-0.21243,-0.00579,14.317,11.941,12.117,12.337,-3.4235,10
2018-05-15 22:44:00,1.3519,-0.7643699999999999,122.12,14.163,13.262,16.846,-0.0054799999999999,0.3850299999999999,0.00185,14.276,11.904,12.078,12.276,-3.3959,10
2018-05-15 22:45:00,1.3516,-0.7532999999999999,122.18,14.103,13.261,16.825,-0.0041999999999999,-0.77448,0.0066,14.251,11.812,12.044,12.212,-3.3406,10
2018-05-15 22:46:00,1.3514,-0.7754499999999999,122.13,14.037,13.263,16.811,-0.0089599999999999,-0.01328,0.00201,14.224,11.824,11.999,12.161,-3.4786,10
2018-05-15 22:47:00,1.3514,-0.72006,122.13,13.964,13.262,16.792,0.0029199999999999,0.0929399999999999,-0.00623,14.186,11.754,11.959,12.097,-3.5062,10
2018-05-15 22:48:00,1.3516,-0.7643699999999999,122.16,13.879,13.263,16.765,-0.01261,-0.37618,0.00485,14.149,11.771,11.916,12.03,-3.3405,10
2018-05-15 22:49:00,1.3519,-0.78653,122.19,13.781,13.264,16.739,-0.0073099999999999,-0.31422,0.00476,14.107,11.764,11.841,11.902,-3.3129,10
2018-05-15 22:50:00,1.3519,-0.7532999999999999,122.18,13.679,13.263,16.72,-0.00366,-0.3319199999999999,0.0021199999999999,14.067,11.804,11.803,11.827,-3.2853,10
2018-05-15 22:51:00,1.3511,-0.7422199999999999,122.19,13.568,13.265,16.699,0.00091,-0.0840899999999999,-0.0024299999999999,14.027,11.809,11.794,11.769,-3.2301,10
2018-05-15 22:52:00,1.3511,-0.7422199999999999,122.2,13.45,13.266,16.678,-0.00713,-0.0663799999999999,-0.0014599999999999,13.982,11.716,11.729,11.701,-3.1749,10
2018-05-15 22:53:00,1.3514,-0.73114,122.19,13.361,13.268,16.651,-0.0073099999999999,0.0663799999999999,-0.00264,13.935,11.611,11.664,11.657,-3.2853,10
2018-05-15 22:54:00,1.3508,-0.7643699999999999,122.19,13.274,13.267,16.63,-0.00676,-0.0708099999999999,0.0011299999999999,13.899,11.591,11.667,11.629,-3.3129,10
2018-05-15 22:55:00,1.3522,-0.7643699999999999,122.27,13.21,13.268,16.611,-0.00018,0.1593199999999999,0.0005199999999999,13.868,11.572,11.621,11.538,-3.3129,10
2018-05-15 22:56:00,1.3516,-0.73114,122.33,13.175,13.27,16.59,-0.0056699999999999,0.58418,-0.00249,13.836,11.62,11.582,11.5,-3.3682,10
2018-05-15 22:57:00,1.3522,-0.72006,122.36,13.175,13.269,16.567,-0.0082299999999999,-0.8762699999999999,0.00647,13.805,11.571,11.634,11.518,-3.5338,10
2018-05-15 22:58:00,1.3511,-0.7532999999999999,122.32,13.183,13.271,16.537,-0.00621,-0.0663799999999999,0.0004099999999999,13.78,11.577,11.649,11.505,-3.6443,10
2018-05-15 22:59:00,1.3514,-0.73114,122.33,13.268,13.271,16.518,-0.0065799999999999,-0.2434099999999999,-0.00193,13.769,11.658,11.723,11.598,-3.6166,10
2018-05-15 23:00:00,1.3516,-0.72006,122.31,13.36,13.271,16.497,-0.0089599999999999,-0.65056,0.0037799999999999,13.766,11.692,11.757,11.606,-3.5062,10
2018-05-15 23:01:00,1.3525,-0.73114,122.38,13.37,13.272,16.471,-0.00457,0.29209,-0.00365,13.743,11.681,11.803,11.653,-3.3405,10
2018-05-15 23:02:00,1.3525,-0.72006,122.46,13.451,13.273,16.45,-0.0069499999999999,-0.3452,0.00991,13.763,11.801,11.881,11.635,-3.3681,10
2018-05-15 23:03:00,1.3511,-0.79761,122.51,13.578,13.272,16.427,-0.0064,-0.46026,0.0054799999999999,13.769,11.834,11.937,11.682,-3.3405,10
2018-05-15 23:04:00,1.3519,-0.7643699999999999,122.54,13.786,13.274,16.408,-0.00841,-0.88955,0.00393,13.8,11.906,12.118,11.766,-3.3129,10
2018-05-15 23:05:00,1.3511,-0.7643699999999999,122.49,13.965,13.271,16.38,-0.0053,-0.0663799999999999,-0.00284,13.808,11.983,12.145,11.787,-3.2301,10
2018-05-15 23:06:00,1.3508,-0.72006,122.5,14.042,13.273,16.355,-0.01078,0.40716,-0.0058799999999999,13.802,11.961,12.185,11.819,-3.1473,10
2018-05-15 23:07:00,1.3516,-0.73114,122.53,14.139,13.273,16.338,-0.00841,-0.3275,0.00527,13.826,12.079,12.199,11.797,-3.0369,10
2018-05-15 23:08:00,1.3525,-0.7643699999999999,122.49,14.227,13.275,16.309,-0.01426,0.76563,-0.01767,13.82,12.013,12.192,11.84,-3.0369,10
2018-05-15 23:09:00,1.3519,-0.7422199999999999,122.49,14.237,13.275,16.285,-0.01261,0.4160099999999999,-0.0111699999999999,13.803,12.085,12.121,11.735,-3.1197,10
2018-05-15 23:10:00,1.3522,-0.73114,122.52,14.226,13.274,16.264,-0.00366,-0.7390799999999998,-0.0032299999999999,13.781,12.001,12.078,11.744,-3.2853,10
2018-05-15 23:11:00,1.3516,-0.7754499999999999,122.5,14.206,13.275,16.243,-0.00749,0.3496199999999999,-0.00336,13.753,11.887,12.085,11.784,-3.313,10
2018-05-15 23:12:00,1.3505,-0.7532999999999999,122.5,14.169,13.275,16.217,-0.01024,0.0044299999999999,0.00118,13.719,11.941,12.032,11.664,-3.3406,10
2018-05-15 23:13:00,1.3516,-0.7532999999999999,122.54,14.125,13.275,16.188,-0.0054799999999999,-0.5576299999999998,0.0030699999999999,13.695,11.931,11.954,11.581,-3.313,10
2018-05-15 23:14:00,1.3516,-0.73114,122.55,14.09,13.276,16.168,-0.00384,0.7081,-0.00421,13.653,11.832,11.883,11.59,-3.3406,10
2018-05-15 23:15:00,1.3508,-0.81976,122.53,14.011,13.277,16.147,-0.00621,0.02213,-0.00379,13.611,11.798,11.789,11.475,-3.5338,10
2018-05-15 23:16:00,1.3522,-0.73114,122.52,13.916,13.277,16.124,-0.00841,0.0531099999999999,-0.00604,13.575,11.655,11.713,11.437,-3.8099,10
2018-05-15 23:17:00,1.3527,-0.70898,122.51,13.818,13.277,16.102,-0.01188,-1.0002,0.01171,13.535,11.567,11.654,11.38,-3.9756,10
2018-05-15 23:18:00,1.3519,-0.7532999999999999,122.57,13.742,13.277,16.079,-0.00859,-0.0575299999999999,0.00302,13.496,11.565,11.669,11.391,-3.9756,10
2018-05-15 23:19:00,1.3519,-0.7422199999999999,122.58,13.725,13.278,16.06,-0.01261,-0.27881,0.0041399999999999,13.474,11.59,11.634,11.328,-3.9756,10
2018-05-15 23:20:00,1.3516,-0.7532999999999999,122.59,13.696,13.281,16.037,-0.0069499999999999,-0.9338,0.00515,13.457,11.473,11.629,11.292,-3.9756,10
2018-05-15 23:21:00,1.3511,-0.78653,122.54,13.655,13.281,16.013,-0.0014599999999999,-0.27881,0.0049899999999999,13.418,11.355,11.603,11.311,-3.9756,10
2018-05-15 23:22:00,1.3519,-0.72006,122.62,13.66,13.279,15.992,-0.0054799999999999,-0.4337099999999999,-0.00233,13.417,11.507,11.608,11.237,-3.9756,10
2018-05-15 23:23:00,1.3514,-0.69791,122.63,13.688,13.281,15.971,-0.00621,-0.92053,0.00559,13.425,11.708,11.71,11.284,-3.948,10
2018-05-15 23:24:00,1.3519,-0.7754499999999999,122.61,13.837,13.281,15.947,-0.00749,0.3673299999999999,-0.0068799999999999,13.435,11.773,11.881,11.423,-3.5063,10
2018-05-15 23:25:00,1.3525,-0.73114,122.62,13.947,13.282,15.922,-0.00585,-0.75678,0.0025799999999999,13.447,11.784,11.833,11.425,-3.313,10
2018-05-15 23:26:00,1.3514,-0.7532999999999999,122.58,13.979,13.283,15.902,-0.0060299999999999,-0.4337099999999999,-0.00111,13.455,11.885,11.857,11.414,-3.2854,10
2018-05-15 23:27:00,1.3503,-0.7754499999999999,122.62,13.959,13.282,15.881,-0.00749,-0.53107,-0.00269,13.426,11.793,11.701,11.359,-3.1474,10
2018-05-15 23:28:00,1.3522,-0.7532999999999999,122.68,13.905,13.283,15.864,-0.00713,-0.08851,0.00489,13.377,11.684,11.661,11.363,-3.2578,10
2018-05-15 23:29:00,1.3519,-0.7422199999999999,122.66,13.851,13.283,15.845,-0.00932,-0.62844,0.0070899999999999,13.347,11.685,11.609,11.353,-3.313,10
2018-05-15 23:30:00,1.3525,-0.73114,122.63,13.836,13.284,15.815,-0.0082299999999999,0.7479299999999999,-0.00693,13.32,11.597,11.679,11.533,-3.2854,10
2018-05-15 23:31:00,1.3519,-0.73114,122.64,13.846,13.284,15.796,-0.0094999999999999,0.42043,-0.00816,13.316,11.603,11.707,11.612,-3.2026,10
2018-05-15 23:32:00,1.3519,-0.7754499999999999,122.6,13.919,13.283,15.781,-0.0043899999999999,-0.3009399999999999,0.00093,13.347,11.813,11.837,11.701,-2.7333,10
2018-05-15 23:33:00,1.3525,-0.73114,122.65,14.004,13.285,15.757,-0.01078,0.87185,-0.00421,13.35,11.759,11.924,11.901,-2.043,10
2018-05-15 23:34:00,1.353,-0.72006,122.65,14.038,13.284,15.736,-0.01042,1.2126,-0.01298,13.347,11.819,12.001,11.96,-1.9878,10
2018-05-15 23:35:00,1.3527,-0.65359,122.71,14.025,13.284,15.72,-0.00841,0.92495,-0.0092099999999999,13.349,11.845,12.041,12.011,-1.9878,10
2018-05-15 23:36:00,1.3522,-0.73114,122.75,13.952,13.285,15.699,-0.00621,-0.87185,0.0056699999999999,13.334,11.853,11.969,11.916,-1.9878,10
2018-05-15 23:37:00,1.3508,-0.78653,122.74,13.88,13.284,15.684,-0.01024,-0.34077,0.00066,13.305,11.905,11.912,11.888,-1.9878,10
2018-05-15 23:38:00,1.3511,-0.7532999999999999,122.79,13.827,13.285,15.663,-0.0151699999999999,-0.96478,0.01455,13.285,11.828,11.908,11.896,-1.9878,10
2018-05-15 23:39:00,1.3533,-0.69791,122.82,13.746,13.286,15.639,-0.0053,-0.98249,0.0062199999999999,13.252,11.727,11.894,11.897,-1.9878,10
2018-05-15 23:40:00,1.3527,-0.84192,122.81,13.687,13.285,15.629,-0.00713,-0.40716,-0.0005299999999999,13.242,11.708,11.905,11.937,-1.9878,10
2018-05-15 23:41:00,1.3525,-0.7422199999999999,122.82,13.606,13.286,15.611,-0.00932,0.0708099999999999,-0.0096399999999999,13.226,11.783,11.829,11.862,-1.9878,10
2018-05-15 23:42:00,1.3522,-0.7422199999999999,122.86,13.557,13.285,15.585,-0.01005,-0.94265,0.01154,13.197,11.671,11.809,11.887,-2.0431,10
2018-05-15 23:43:00,1.3527,-0.72006,122.84,13.535,13.285,15.564,-0.0064,0.0575299999999999,0.00158,13.176,11.687,11.795,11.836,-2.1259,10
2018-05-15 23:44:00,1.3514,-0.78653,122.78,13.516,13.285,15.547,-0.00969,-0.90725,0.01089,13.149,11.658,11.751,11.764,-2.0431,10
2018-05-15 23:45:00,1.3516,-0.7643699999999999,122.82,13.493,13.288,15.541,-0.0094999999999999,0.0531099999999999,-0.0006899999999999,13.117,11.64,11.704,11.758,-2.0155,10
2018-05-15 23:46:00,1.3505,-0.79761,122.81,13.457,13.287,15.519,-0.00932,-0.61516,0.00564,13.084,11.624,11.647,11.677,-2.0431,10
2018-05-15 23:47:00,1.3522,-0.7754499999999999,122.8,13.44,13.287,15.5,-0.00932,0.6018799999999999,-0.00547,13.049,11.439,11.672,11.802,-2.2363,10
2018-05-15 23:48:00,1.3525,-0.70898,122.84,13.415,13.287,15.487,-0.01864,-0.5576299999999998,0.0187699999999999,13.032,11.44,11.561,11.632,-2.3468,10
2018-05-15 23:49:00,1.3516,-0.7422199999999999,122.83,13.371,13.287,15.463,-0.01024,-0.65056,0.00595,12.964,11.277,11.467,11.593,-2.4848,10
2018-05-15 23:50:00,1.3519,-0.7643999999999999,122.87,13.317,13.288,15.453,-0.0049399999999999,-0.54879,0.0063699999999999,12.937,11.302,11.383,11.468,-3.0094,10
2018-05-15 23:51:00,1.352,-0.7533199999999999,122.86,13.253,13.287,15.435,-0.0041999999999999,-0.45143,0.0051999999999999,12.909,11.325,11.331,11.4,-3.2855,10
2018-05-15 23:52:00,1.3522,-0.6868499999999998,122.88,13.217,13.289,15.425,-0.01042,0.0708099999999999,0.0024499999999999,12.877,11.219,11.326,11.432,-3.3131,10
2018-05-15 23:53:00,1.3519,-0.7533199999999999,122.9,13.184,13.288,15.406,-0.0106,-0.78778,0.0054099999999999,12.854,11.193,11.304,11.389,-3.3407,10
2018-05-15 23:54:00,1.3525,-0.76439,122.86,13.175,13.289,15.386,-0.0151699999999999,0.91613,-0.01349,12.807,11.113,11.273,11.374,-3.3407,10
2018-05-15 23:55:00,1.3525,-0.74224,122.88,13.142,13.29,15.371,-0.0082299999999999,0.8674399999999999,-0.0064799999999999,12.772,11.008,11.174,11.32,-3.3131,10
2018-05-15 23:56:00,1.3525,-0.75331,122.74,13.078,13.291,15.363,-0.01206,1.4251,-0.0170499999999999,12.735,10.994,11.113,11.216,-3.3407,10
2018-05-15 23:57:00,1.3519,-0.75331,122.38,12.991,13.291,15.348,-0.00877,0.3717599999999999,-0.00222,12.697,10.857,11.032,11.159,-3.3131,10
2018-05-15 23:58:00,1.3533,-0.74223,122.42,12.943,13.292,15.329,-0.01609,0.76122,-0.01521,12.663,10.937,10.975,11.04,-3.3131,10
2018-05-15 23:59:00,1.3525,-0.77546,122.45,12.916,13.292,15.316,-0.01243,0.07524,0.00447,12.63,10.877,10.954,11.027,-3.3683,10
