measured_on,ac_current__427,ac_power__423,ac_voltage__426,ambient_temp__428,das_battery_voltage__434,das_temp__433,dc_pos_current__425,dc_pos_voltage__424,dc_power__422,inverter_temp__432,module_temp_1__429,module_temp_2__430,module_temp_3__431,poa_irradiance__421,system_id
2016-10-04 00:00:00,1.3631,-0.73138,122.58,9.472,13.378,11.534,-0.01408,0.15937,-0.0002999999999999,9.5574,8.0667,8.0786,8.1612,-3.949,10
2016-10-04 00:01:00,1.3643,-0.7253399999999999,122.6,9.432200000000002,13.379,11.514,-0.02074,0.04347,0.00012,9.5222,7.9988,8.0209,8.1255,-3.9163,10
2016-10-04 00:02:00,1.3645,-0.7092199999999999,122.63,9.3908,13.379,11.513,-0.01737,-0.06198,-0.00017,9.4933,7.8757,7.9401,8.064,-3.9765,10
2016-10-04 00:03:00,1.3642,-0.74246,122.6,9.368,13.379,11.493,-0.01755,-0.17266,0.00436,9.4672,7.9042,7.896499999999999,7.9679,-3.9765,10
2016-10-04 00:04:00,1.365,-0.68706,122.64,9.389,13.379,11.473,-0.0179199999999999,-0.41615,0.0086499999999999,9.453,7.862599999999999,7.8395,7.9326,-3.9766,10
2016-10-04 00:05:00,1.3653,-0.7092199999999999,122.65,9.3556,13.378,11.468,-0.01572,-0.55339,0.00538,9.4309,7.7948,7.821399999999999,7.9307,-3.9766,10
2016-10-04 00:06:00,1.3639,-0.6981399999999999,122.68,9.3174,13.382,11.434,-0.01975,-0.0929699999999999,0.0067999999999999,9.3869,7.788599999999998,7.7375,7.839699999999999,-3.9766,10
2016-10-04 00:07:00,1.3645,-0.7092199999999999,122.68,9.2907,13.381,11.425,-0.02542,0.1638,-0.0061999999999999,9.3535,7.6997,7.6521,7.7893,-3.9767,10
2016-10-04 00:08:00,1.3645,-0.73138,122.69,9.2712,13.381,11.418,-0.01536,-0.0442699999999999,0.0102799999999999,9.331,7.7079,7.668,7.7408,-3.9767,10
2016-10-04 00:09:00,1.3645,-0.7092199999999999,122.68,9.2754,13.382,11.402,-0.01115,-0.27005,0.0020699999999999,9.3099,7.6868,7.672799999999999,7.754699999999999,-3.9767,10
2016-10-04 00:10:00,1.365,-0.6759699999999998,122.64,9.3752,13.384,11.384,-0.0089599999999999,-0.2124999999999999,-0.0011999999999999,9.3331,7.7577,7.7815,7.8571,-3.9766,10
2016-10-04 00:11:00,1.3639,-0.75355,122.64,9.3793,13.383,11.361,-0.01883,0.0885399999999999,-0.00144,9.313300000000002,7.6754,7.667,7.7686,-3.9766,10
2016-10-04 00:12:00,1.3631,-0.6648899999999999,122.71,9.3161,13.383,11.348,-0.01353,-1.1997,0.01805,9.2811,7.557,7.564,7.6467,-3.9767,10
2016-10-04 00:13:00,1.3645,-0.7092199999999999,122.69,9.2404,13.383,11.344,-0.01883,-0.1638,0.00659,9.2482,7.586999999999998,7.524,7.591199999999999,-3.9767,10
2016-10-04 00:14:00,1.3642,-0.7203,122.7,9.1899,13.383,11.327,-0.01627,-0.57552,0.0076,9.2205,7.515799999999999,7.5305,7.6342,-3.9767,10
2016-10-04 00:15:00,1.3653,-0.6981399999999999,122.74,9.253100000000002,13.384,11.31,-0.0166399999999999,0.94297,-0.0181599999999999,9.2133,7.5591,7.540199999999999,7.647999999999999,-3.9768,10
2016-10-04 00:16:00,1.3639,-0.7092199999999999,122.71,9.2911,13.381,11.293,-0.0234,-0.03984,-0.0034399999999999,9.1947,7.5312,7.5088,7.607599999999999,-3.9768,10
2016-10-04 00:17:00,1.3637,-0.7203,122.79,9.2837,13.383,11.273,-0.02578,-0.1682299999999999,0.00991,9.170000000000002,7.426599999999999,7.4322,7.5555,-3.9768,10
2016-10-04 00:18:00,1.3637,-0.68706,122.76,9.2499,13.383,11.262,-0.01956,-0.21693,0.00566,9.1397,7.3591,7.397599999999999,7.5167,-3.9768,10
2016-10-04 00:19:00,1.3637,-0.68706,122.82,9.2204,13.386,11.243,-0.0179199999999999,0.43828,-0.0057099999999999,9.1088,7.3918,7.3771,7.4752,-3.9768,10
2016-10-04 00:20:00,1.3653,-0.75355,122.83,9.2309,13.385,11.228,-0.01463,-0.8101599999999999,0.01257,9.1,7.2575,7.381599999999999,7.494399999999999,-3.9768,10
2016-10-04 00:21:00,1.365,-0.73138,122.82,9.2276,13.388,11.209,-0.01609,-0.91198,0.0166,9.074,7.3162,7.3484,7.429,-3.9492,10
2016-10-04 00:22:00,1.3656,-0.76463,122.82,9.2256,13.387,11.198,-0.01371,0.49141,-0.00446,9.0394,7.2956,7.311,7.4161,-3.9768,10
2016-10-04 00:23:00,1.3648,-0.76463,122.83,9.1857,13.388,11.178,-0.01737,-0.3320299999999999,0.003,9.005,7.1629,7.2667,7.3949,-3.9768,10
2016-10-04 00:24:00,1.365,-0.7203,122.79,9.152,13.388,11.173,-0.0166399999999999,-0.5223999999999999,0.00337,8.991899999999998,7.2942,7.1862,7.271,-3.9769,10
2016-10-04 00:25:00,1.3639,-0.6981399999999999,122.87,9.1698,13.389,11.153,-0.0190199999999999,-0.3364599999999999,0.00191,8.9701,7.263099999999999,7.2056,7.293199999999999,-3.9769,10
2016-10-04 00:26:00,1.365,-0.73138,122.86,9.2073,13.389,11.132,-0.01755,0.93411,-0.01498,8.9542,7.2653,7.2205,7.3474,-3.9493,10
2016-10-04 00:27:00,1.3639,-0.68706,122.88,9.227,13.39,11.117,-0.01042,-0.90312,0.00676,8.955899999999998,7.2896,7.1921,7.2742,-3.9768,10
2016-10-04 00:28:00,1.365,-0.74246,122.88,9.2928,13.387,11.094,-0.0117,-0.3143199999999999,0.00632,8.936099999999998,7.2129,7.1863,7.3524,-3.9768,10
2016-10-04 00:29:00,1.3648,-0.75355,122.91,9.2846,13.391,11.092,-0.01298,-0.1505199999999999,0.0033999999999999,8.9273,7.1488,7.0976,7.2609,-3.9768,10
2016-10-04 00:30:00,1.365,-0.6981399999999999,122.86,9.226,13.39,11.069,-0.0177399999999999,-0.6640599999999999,0.01016,8.877499999999998,7.1499,7.0243,7.1246,-3.9769,10
2016-10-04 00:31:00,1.3642,-0.75355,122.88,9.1575,13.391,11.046,-0.0202999999999999,-0.97839,0.0183,8.8108,7.0416,6.9161,6.989,-3.9769,10
2016-10-04 00:32:00,1.3645,-0.74246,122.87,9.0843,13.392,11.03,-0.01719,0.03542,-0.0037399999999999,8.740199999999998,6.9749,6.8627,6.8887,-3.9769,10
2016-10-04 00:33:00,1.3642,-0.73138,122.93,8.9989,13.394,11.014,-0.01481,0.49141,-0.0066699999999999,8.6807,6.7736,6.815,6.8501,-3.9768,10
2016-10-04 00:34:00,1.3634,-0.75355,122.93,8.897299999999998,13.391,11.001,-0.02066,-1.0758,0.02606,8.638099999999998,6.7091,6.7617,6.7947,-3.9768,10
2016-10-04 00:35:00,1.3653,-0.76463,122.91,8.855,13.393,10.984,-0.02231,-0.4072899999999999,0.01132,8.6118,6.6427,6.809,6.8469,-3.9768,10
2016-10-04 00:36:00,1.3653,-0.75355,122.92,8.838699999999998,13.392,10.971,-0.01316,-0.1416699999999999,0.00118,8.572699999999998,6.5922,6.7143,6.7438,-3.9768,10
2016-10-04 00:37:00,1.3626,-0.7092199999999999,122.94,8.8095,13.394,10.959,-0.01737,-1.3237,0.0230899999999999,8.5448,6.647,6.6372,6.6154,-3.9768,10
2016-10-04 00:38:00,1.3631,-0.73138,122.94,8.813499999999998,13.392,10.932,-0.01719,-0.85443,0.01305,8.499,6.6355,6.6102,6.5913,-3.9768,10
2016-10-04 00:39:00,1.3648,-0.74246,122.91,8.8231,13.395,10.921,-0.01719,1.0536,-0.01923,8.4861,6.7004,6.6611,6.6443,-3.9769,10
2016-10-04 00:40:00,1.3653,-0.77571,122.87,8.928,13.395,10.902,-0.01719,0.71276,-0.0142399999999999,8.521,6.8638,6.8455,6.8806,-3.9769,10
2016-10-04 00:41:00,1.3653,-0.75355,122.84,9.2032,13.395,10.887,-0.01243,-0.14609,0.0055199999999999,8.6395,7.0963,7.1005,7.1966,-3.9769,10
2016-10-04 00:42:00,1.3659,-0.73138,122.82,9.4619,13.395,10.869,-0.01609,-0.7481799999999998,0.01069,8.7873,7.3784,7.310399999999999,7.414799999999999,-3.8664,10
2016-10-04 00:43:00,1.3639,-0.7203,122.89,9.4929,13.395,10.852,-0.02212,-1.0271,0.02229,8.8114,7.2553,7.248999999999999,7.440299999999999,-3.5903,10
2016-10-04 00:44:00,1.3648,-0.75355,122.87,9.4365,13.395,10.836,-0.0201099999999999,-0.64193,0.0124099999999999,8.819,7.38,7.2966,7.4081,-3.7836,10
2016-10-04 00:45:00,1.3653,-0.74246,122.86,9.338,13.395,10.818,-0.01975,0.0487,-0.00363,8.832599999999998,7.3769,7.311,7.4519,-3.8664,10
2016-10-04 00:46:00,1.3639,-0.7203,122.92,9.2492,13.394,10.804,-0.01719,0.50026,-0.00594,8.837899999999998,7.3247,7.2497,7.3899,-3.8111,10
2016-10-04 00:47:00,1.3634,-0.73138,122.96,9.171,13.395,10.791,-0.01755,-0.02214,0.0011,8.8107,7.1839,7.2484,7.3696,-3.9768,10
2016-10-04 00:48:00,1.3637,-0.7203,122.93,9.109800000000002,13.394,10.77,-0.0138999999999999,0.78802,-0.01442,8.7794,7.212799999999999,7.168,7.2976,-3.9768,10
2016-10-04 00:49:00,1.3645,-0.77571,122.95,9.0577,13.395,10.75,-0.0228599999999999,0.2966099999999999,-0.00689,8.7416,7.0781,7.1118,7.231,-3.9768,10
2016-10-04 00:50:00,1.3639,-0.7203,122.93,9.0096,13.394,10.745,-0.0179199999999999,0.48698,-0.01217,8.7069,6.9956,7.0019,7.1526,-3.9769,10
2016-10-04 00:51:00,1.3639,-0.7092199999999999,122.94,8.9762,13.395,10.727,-0.01828,0.65964,-0.0129,8.6736,6.9593,6.9509,7.0765,-3.9769,10
2016-10-04 00:52:00,1.3645,-0.74246,122.91,9.0535,13.396,10.707,-0.02084,0.65964,-0.01552,8.7043,7.0644,7.0679,7.1766,-3.9769,10
2016-10-04 00:53:00,1.3653,-0.74246,122.91,9.1239,13.395,10.686,-0.02249,0.81901,-0.0170599999999999,8.696799999999998,7.01,7.0535,7.2239,-3.9769,10
2016-10-04 00:54:00,1.3653,-0.75355,122.91,9.1135,13.395,10.672,-0.0202999999999999,0.17266,-0.0057299999999999,8.6811,7.1232,6.9766,7.0629,-3.977,10
2016-10-04 00:55:00,1.3642,-0.73138,122.95,9.0532,13.397,10.665,-0.01719,-0.90312,0.01519,8.648099999999998,6.9596,6.9112,7.0403,-3.977,10
2016-10-04 00:56:00,1.3648,-0.73138,122.98,8.9928,13.396,10.647,-0.01993,0.6374999999999998,-0.01161,8.6155,6.9649,6.974,7.1353,-3.977,10
2016-10-04 00:57:00,1.3639,-0.7203,123.0,9.0706,13.398,10.631,-0.01499,-0.0442699999999999,0.0056299999999999,8.6568,7.0581,7.0434,7.2131,-3.977,10
2016-10-04 00:58:00,1.3648,-0.73138,123.0,9.1675,13.397,10.622,-0.0202999999999999,0.07083,-0.00364,8.6751,7.1032,7.0492,7.267299999999999,-3.977,10
2016-10-04 00:59:00,1.3645,-0.7092199999999999,122.97,9.2088,13.398,10.606,-0.0191999999999999,0.25677,-0.01178,8.6744,7.0913,7.1074,7.301599999999999,-3.9218,10
2016-10-04 01:00:00,1.3634,-0.7203,122.97,9.2274,13.396,10.579,-0.01737,-1.0182,0.01652,8.693099999999998,7.2123,7.1794,7.3084,-3.9495,10
2016-10-04 01:01:00,1.3642,-0.74246,123.01,9.2461,13.396,10.572,-0.02578,-1.0846,0.0281,8.7055,7.154,7.2493,7.4715,-3.9771,10
2016-10-04 01:02:00,1.3645,-0.7203,122.92,9.2149,13.399,10.558,-0.01975,0.34089,-0.0052599999999999,8.705199999999998,7.0836,7.221,7.481,-3.9219,10
2016-10-04 01:03:00,1.3648,-0.76463,123.01,9.1389,13.397,10.549,-0.02249,0.28776,-0.0091,8.6956,7.1048,7.0978,7.2674,-3.9219,10
2016-10-04 01:04:00,1.3645,-0.73138,123.06,9.0713,13.398,10.533,-0.0179199999999999,0.82344,-0.01476,8.6446,7.0221,7.0445,7.238699999999999,-3.9771,10
2016-10-04 01:05:00,1.3653,-0.6981399999999999,123.0,9.0525,13.396,10.515,-0.0201099999999999,-0.1018199999999999,0.00152,8.6211,6.9298,6.9894,7.1114,-3.9771,10
2016-10-04 01:06:00,1.3656,-0.7867899999999999,122.99,9.0622,13.396,10.503,-0.017,0.13281,-0.0045799999999999,8.601599999999998,6.9684,6.8983,7.014,-3.9771,10
2016-10-04 01:07:00,1.3659,-0.7978699999999999,122.98,9.041,13.397,10.494,-0.02468,-0.25677,0.0074799999999999,8.5822,6.9728,6.8753,6.9917,-3.9771,10
2016-10-04 01:08:00,1.3648,-0.68706,123.05,9.009200000000002,13.398,10.478,-0.0190199999999999,0.26562,-0.0020699999999999,8.561999999999998,6.8732,6.8508,6.9876,-3.9771,10
2016-10-04 01:09:00,1.365,-0.74246,123.02,8.9632,13.399,10.473,-0.02249,0.17266,-0.00271,8.532199999999998,6.7689,6.7865,6.8931,-3.9771,10
2016-10-04 01:10:00,1.3659,-0.76463,123.01,8.8876,13.399,10.453,-0.01938,0.00885,-0.0001,8.455899999999998,6.5661,6.7036,6.8131,-3.9771,10
2016-10-04 01:11:00,1.3645,-0.7092199999999999,123.06,8.823399999999998,13.4,10.448,-0.02249,0.3099,-0.0065799999999999,8.4183,6.6147,6.5894,6.6519,-3.9772,10
2016-10-04 01:12:00,1.365,-0.74246,123.04,8.7584,13.4,10.428,-0.01847,-0.07083,0.00483,8.3511,6.4602,6.5178,6.5634,-4.0324,10
2016-10-04 01:13:00,1.3645,-0.75355,123.05,8.7024,13.399,10.409,-0.01463,-0.3143199999999999,0.00284,8.298,6.4384,6.4272,6.4448,-4.0048,10
2016-10-04 01:14:00,1.3656,-0.73138,123.07,8.6928,13.4,10.409,-0.0166399999999999,-0.12396,0.00755,8.276199999999998,6.47,6.4412,6.4826,-4.0048,10
2016-10-04 01:15:00,1.3659,-0.74246,123.1,8.6814,13.4,10.393,-0.01463,0.27005,-0.00834,8.2399,6.4159,6.378,6.4391,-3.9772,10
2016-10-04 01:16:00,1.365,-0.7203,123.12,8.696099999999998,13.4,10.379,-0.01883,-0.3895799999999999,0.00893,8.2186,6.4423,6.4178,6.4824,-4.0048,10
2016-10-04 01:17:00,1.3634,-0.73138,123.15,8.7763,13.401,10.366,-0.01883,0.02214,-0.0041099999999999,8.224999999999998,6.453,6.4214,6.5344,-3.9772,10
2016-10-04 01:18:00,1.365,-0.7203,123.14,8.835599999999998,13.401,10.35,-0.02542,0.00885,-0.00125,8.2146,6.4853,6.425,6.5268,-3.9772,10
2016-10-04 01:19:00,1.365,-0.76463,123.09,8.8535,13.401,10.341,-0.0166399999999999,0.13724,-0.00109,8.2162,6.4511,6.4336,6.5087,-3.9772,10
2016-10-04 01:20:00,1.3642,-0.7092199999999999,123.13,8.837099999999998,13.401,10.323,-0.0202999999999999,0.07083,0.00941,8.157,6.3145,6.3813,6.4866,-3.9772,10
2016-10-04 01:21:00,1.365,-0.73138,123.16,8.798899999999998,13.403,10.316,-0.0226699999999999,-0.59323,0.0175,8.1331,6.2772,6.2962,6.3355,-3.9772,10
2016-10-04 01:22:00,1.365,-0.75355,123.13,8.7575,13.402,10.302,-0.0191999999999999,0.10625,0.00044,8.082499999999998,6.1716,6.2327,6.2664,-3.9772,10
2016-10-04 01:23:00,1.3661,-0.76463,123.15,8.7126,13.402,10.293,-0.0190199999999999,-0.17266,0.00519,8.0609,6.1486,6.2034,6.1985,-3.9772,10
2016-10-04 01:24:00,1.3656,-0.7203,123.16,8.737,13.406,10.281,-0.0179199999999999,-0.25677,0.0074599999999999,8.0898,6.2379,6.2969,6.2744,-3.9772,10
2016-10-04 01:25:00,1.3653,-0.6981399999999999,123.18,8.824,13.405,10.268,-0.0226699999999999,-0.45156,0.00672,8.0941,6.3315,6.3511,6.3153,-3.9772,10
2016-10-04 01:26:00,1.3642,-0.73138,123.17,8.9687,13.404,10.247,-0.01518,-0.67734,0.0097,8.1393,6.4667,6.5187,6.5144,-3.9772,10
2016-10-04 01:27:00,1.3637,-0.74246,123.19,9.0419,13.406,10.237,-0.0245,0.0929699999999999,-0.0035599999999999,8.1615,6.4497,6.4356,6.5276,-3.9772,10
2016-10-04 01:28:00,1.3648,-0.6981399999999999,123.17,8.9954,13.405,10.219,-0.02249,0.3099,-0.0086199999999999,8.1269,6.3763,6.4353,6.5371,-3.9772,10
2016-10-04 01:29:00,1.3664,-0.77571,123.08,8.939,13.406,10.215,-0.02468,0.27448,-0.00854,8.119799999999998,6.2913,6.429,6.5603,-3.9772,10
2016-10-04 01:30:00,1.3661,-0.76463,123.08,8.8804,13.404,10.198,-0.0228599999999999,-0.24349,0.0002599999999999,8.0873,6.3521,6.3086,6.3879,-3.9772,10
2016-10-04 01:31:00,1.3656,-0.75355,123.06,8.8641,13.406,10.182,-0.01938,0.2213499999999999,0.00095,8.0776,6.3908,6.3487,6.447,-3.9772,10
2016-10-04 01:32:00,1.3656,-0.75355,123.13,8.849299999999998,13.405,10.173,-0.0164599999999999,-0.5445299999999998,0.01217,8.0842,6.3638,6.3778,6.4908,-3.9771,10
2016-10-04 01:33:00,1.365,-0.74246,123.13,8.7649,13.406,10.157,-0.02194,-0.3320299999999999,0.00734,8.0626,6.2971,6.2761,6.3786,-3.9771,10
2016-10-04 01:34:00,1.3667,-0.7867899999999999,123.06,8.6654,13.406,10.153,-0.0191999999999999,0.4648399999999999,-0.01043,8.024,6.1081,6.2514,6.3553,-3.9771,10
2016-10-04 01:35:00,1.3648,-0.74246,123.08,8.543699999999998,13.406,10.153,-0.02121,0.0885399999999999,-0.0030699999999999,7.9819,6.1579,6.1628,6.1979,-3.9772,10
2016-10-04 01:36:00,1.365,-0.7203,123.15,8.4359,13.407,10.151,-0.0234,-0.52682,0.01188,7.9416,6.0261,6.1139,6.1203,-3.9772,10
2016-10-04 01:37:00,1.3661,-0.6981399999999999,123.16,8.322,13.408,10.114,-0.0202999999999999,0.5976599999999999,-0.01301,7.8644,6.0174,5.99,6.0146,-4.06,10
2016-10-04 01:38:00,1.3664,-0.7092199999999999,123.15,8.2394,13.408,10.111,-0.02304,-0.4117199999999999,0.01201,7.845399999999999,6.0398,5.9569,5.9365,-4.0324,10
2016-10-04 01:39:00,1.3656,-0.74246,123.12,8.2759,13.41,10.086,-0.0234,-1.0448,0.02526,7.8387,6.0907,5.9987,5.9895,-4.0324,10
2016-10-04 01:40:00,1.365,-0.7203,123.15,8.397,13.41,10.07,-0.0181,-0.53125,0.0171,7.8451,6.0522,6.1379,6.1807,-3.9772,10
2016-10-04 01:41:00,1.3667,-0.75355,123.11,8.5423,13.411,10.065,-0.0166399999999999,0.7968699999999999,-0.01454,7.8894,6.1143,6.28,6.3868,-3.9772,10
2016-10-04 01:42:00,1.3656,-0.7092199999999999,123.18,8.647,13.41,10.054,-0.01938,0.28776,-0.01427,7.9334,6.3129,6.2953,6.4077,-3.9772,10
2016-10-04 01:43:00,1.3653,-0.73138,123.17,8.7248,13.411,10.043,-0.02194,-0.11953,0.0033999999999999,7.986399999999999,6.3759,6.4616,6.5823,-3.9772,10
2016-10-04 01:44:00,1.3659,-0.76465,123.11,8.770799999999998,13.409,10.023,-0.02596,0.04428,-0.00118,8.0209,6.4189,6.5179,6.6892,-3.9772,10
2016-10-04 01:45:00,1.3665,-0.63167,123.16,8.7343,13.409,10.015,-0.02085,-1.3105,0.0276099999999999,8.0417,6.4257,6.4622,6.604,-3.9772,10
2016-10-04 01:46:00,1.3662,-0.7535699999999999,123.17,8.672,13.41,10.002,-0.01957,0.8765899999999999,-0.01358,8.0334,6.4048,6.5024,6.7354,-3.9772,10
2016-10-04 01:47:00,1.3665,-0.76465,123.11,8.635799999999998,13.41,9.9843,-0.02322,-0.46486,0.01239,8.0364,6.4555,6.4464,6.6359,-3.9772,10
2016-10-04 01:48:00,1.3653,-0.74248,123.19,8.6163,13.409,9.9843,-0.02615,-0.46486,0.01528,8.0461,6.3544,6.5011,6.739,-3.9772,10
2016-10-04 01:49:00,1.3651,-0.6759899999999999,123.19,8.5458,13.411,9.9648,-0.01499,1.4078,-0.02164,8.0287,6.3783,6.4991,6.744,-3.9772,10
2016-10-04 01:50:00,1.3662,-0.77575,123.12,8.4708,13.41,9.9501,-0.02249,0.5666999999999999,-0.0123199999999999,8.0244,6.2919,6.5362,6.8261,-3.9772,10
2016-10-04 01:51:00,1.3654,-0.77575,123.16,8.413999999999998,13.411,9.9412,-0.02304,0.38518,-0.00564,8.0072,6.4108,6.5112,6.7575,-3.9772,10
2016-10-04 01:52:00,1.3651,-0.7314199999999998,123.13,8.404,13.41,9.9288,-0.0213899999999999,-0.36747,0.01259,7.9905,6.4116,6.4713,6.6987,-3.9772,10
2016-10-04 01:53:00,1.3651,-0.73141,123.17,8.3776,13.41,9.9142,-0.0213899999999999,0.27892,-0.00969,7.9709,6.3716,6.4453,6.658,-3.9772,10
2016-10-04 01:54:00,1.3668,-0.6870899999999999,123.15,8.3703,13.41,9.9,-0.0202999999999999,-0.5976799999999999,0.0113399999999999,7.948299999999999,6.344,6.3931,6.5694,-3.9772,10
2016-10-04 01:55:00,1.3665,-0.676,123.15,8.353199999999998,13.413,9.8929,-0.0191999999999999,-0.3586099999999999,0.00824,7.9174,6.1767,6.2884,6.4878,-3.9772,10
2016-10-04 01:56:00,1.367,-0.7424899999999999,123.13,8.2088,13.412,9.8784,-0.0239499999999999,0.1992299999999999,-0.00223,7.8419,5.952,6.1242,6.3187,-3.9772,10
2016-10-04 01:57:00,1.3667,-0.7757399999999999,123.11,8.016299999999998,13.413,9.8766,-0.0202999999999999,0.6153899999999999,-0.0106,7.7645,5.7126,5.9882,6.1701,-4.0048,10
2016-10-04 01:58:00,1.3665,-0.73141,123.13,7.8192,13.411,9.8554,-0.02103,0.6817999999999999,-0.0152199999999999,7.668199999999999,5.694,5.8185,5.9548,-4.1153,10
2016-10-04 01:59:00,1.367,-0.7314,123.09,7.6693,13.415,9.848,-0.01993,-0.27449,0.0048199999999999,7.6048,5.5362,5.6712,5.7563,-4.3086,10
2016-10-04 02:00:00,1.3662,-0.7424899999999999,123.09,7.4983,13.414,9.8357,-0.02103,-0.02656,0.00252,7.518799999999999,5.3732,5.5258,5.5736,-4.502,10
2016-10-04 02:01:00,1.3678,-0.73141,123.1,7.3255,13.415,9.82,-0.02085,-0.2080799999999999,0.00288,7.4246,5.23,5.3939,5.4206,-4.5572,10
2016-10-04 02:02:00,1.3662,-0.77575,123.07,7.270699999999999,13.413,9.815600000000002,-0.0213899999999999,-0.11511,-0.00055,7.376699999999999,5.1558,5.2557,5.298,-4.6401,10
2016-10-04 02:03:00,1.3657,-0.70926,123.06,7.2482,13.416,9.8138,-0.0190199999999999,0.27449,-0.0031099999999999,7.3132,5.0006,5.1829,5.2054,-4.6401,10
2016-10-04 02:04:00,1.366,-0.73143,123.08,7.258,13.415,9.7947,-0.02066,-0.1195399999999999,-0.0008599999999999,7.2533,4.9432,5.0931,5.0826,-4.6401,10
2016-10-04 02:05:00,1.3668,-0.7092699999999998,123.11,7.253199999999999,13.417,9.7812,-0.0290699999999999,-0.9209,0.02577,7.1955,4.933,4.9795,4.964,-4.502,10
2016-10-04 02:06:00,1.3673,-0.7536,123.08,7.216999999999999,13.417,9.7741,-0.02725,0.11511,0.0029499999999999,7.1302,4.8189,4.9414,4.909,-4.5849,10
2016-10-04 02:07:00,1.3668,-0.74253,123.12,7.1573,13.418,9.7585,-0.0164599999999999,0.2169399999999999,-0.00528,7.0682,4.7748,4.8431,4.7642,-4.6401,10
2016-10-04 02:08:00,1.3679,-0.72037,123.13,7.1396,13.419,9.732500000000002,-0.0202999999999999,-0.2745099999999999,0.0049199999999999,7.0048,4.6675,4.7774,4.7373,-4.6401,10
2016-10-04 02:09:00,1.3657,-0.7536199999999998,123.11,7.1733,13.42,9.7307,-0.01371,-0.1062599999999999,0.00512,6.9785,4.6608,4.7608,4.7707,-4.6401,10
2016-10-04 02:10:00,1.366,-0.7092899999999999,123.12,7.1925,13.421,9.7115,-0.01957,-0.2700799999999999,0.0081899999999999,6.934,4.6408,4.7063,4.707,-4.6401,10
2016-10-04 02:11:00,1.3663,-0.7093,123.11,7.1627,13.42,9.6977,-0.02615,-0.66414,0.0200499999999999,6.8942,4.6177,4.7093,4.7755,-4.6401,10
2016-10-04 02:12:00,1.3666,-0.69821,123.13,7.0918,13.42,9.6801,-0.01573,0.99178,-0.0162899999999999,6.842,4.6119,4.7549,4.9056,-4.6401,10
2016-10-04 02:13:00,1.3657,-0.69822,123.11,7.0638,13.422,9.6679,-0.02359,0.96965,-0.02237,6.8095,4.5947,4.7321,4.9032,-4.6401,10
2016-10-04 02:14:00,1.3671,-0.69822,123.11,7.0775,13.422,9.6487,-0.02487,0.03099,-0.00174,6.7993,4.7155,4.7768,4.9507,-4.5572,10
2016-10-04 02:15:00,1.3669,-0.6760599999999999,123.3,7.2126,13.422,9.6328,-0.0228599999999999,0.19039,-0.0035599999999999,6.7911,4.7565,4.784,4.9699,-4.1706,10
2016-10-04 02:16:00,1.3674,-0.6760599999999999,123.26,7.2293,13.424,9.6207,-0.0177399999999999,0.27009,3e-05,6.7487,4.6125,4.7351,4.9288,-4.0601,10
2016-10-04 02:17:00,1.366,-0.6760599999999999,123.27,6.9888,13.423,9.605,-0.01865,-0.30551,0.0020699999999999,6.6943,4.4903,4.6185,4.8016,-3.9772,10
2016-10-04 02:18:00,1.3669,-0.70931,123.03,6.8681,13.424,9.582,-0.02048,0.7748399999999999,-0.0183,6.6298,4.5509,4.5657,4.7228,-4.0877,10
2016-10-04 02:19:00,1.3672,-0.69823,122.66,6.8582,13.425,9.5646,-0.02085,-0.39406,0.00572,6.6066,4.5072,4.5523,4.7432,-4.4192,10
2016-10-04 02:20:00,1.3669,-0.66498,122.7,6.8887,13.425,9.5488,-0.02487,0.38521,-0.01156,6.5816,4.5244,4.6146,4.8583,-4.5296,10
2016-10-04 02:21:00,1.3658,-0.66498,122.72,7.0209,13.429,9.5346,-0.0228599999999999,-0.23024,0.0009899999999999,6.5955,4.6067,4.6835,4.9117,-4.6125,10
2016-10-04 02:22:00,1.3674,-0.6982399999999999,122.69,7.420099999999999,13.428,9.5083,-0.0256,-0.23024,0.0047499999999999,6.6266,4.721,4.8267,5.0794,-4.0877,10
2016-10-04 02:23:00,1.3663,-0.67607,122.65,7.8282,13.43,9.4925,-0.02194,-0.2789499999999999,0.0112999999999999,6.6823,4.8635,4.9241,5.2324,-4.0049,10
2016-10-04 02:24:00,1.3663,-0.6649899999999999,122.65,7.9646,13.429,9.4784,-0.0263299999999999,-0.51804,0.0178199999999999,6.7081,4.9464,5.0028,5.3561,-3.9772,10
2016-10-04 02:25:00,1.3666,-0.7314899999999999,122.65,7.6689,13.431,9.4679,-0.01829,-0.0796999999999999,-0.0019,6.6849,4.8486,4.9127,5.2365,-3.9772,10
2016-10-04 02:26:00,1.3672,-0.6982399999999999,122.7,7.2683,13.43,9.4415,-0.02304,-0.86784,0.0206,6.6542,4.7797,4.8593,5.1775,-3.9772,10
2016-10-04 02:27:00,1.3674,-0.6871599999999999,122.64,7.161,13.432,9.4221,-0.0181,0.2346699999999999,-0.00331,6.6298,4.7475,4.8574,5.177,-3.9773,10
2016-10-04 02:28:00,1.3677,-0.69822,122.64,7.1149,13.431,9.3946,-0.02304,0.04871,0.00199,6.6211,4.8289,4.905,5.2027,-3.9773,10
2016-10-04 02:29:00,1.368,-0.69822,122.68,7.1728,13.432,9.3838,-0.0213999999999999,-0.21253,0.00513,6.6334,4.8406,4.9314,5.2517,-3.9773,10
2016-10-04 02:30:00,1.3685,-0.7093,122.67,7.1324,13.432,9.3591,-0.0250499999999999,0.07084,0.00125,6.6219,4.8326,4.9474,5.2775,-3.9773,10
2016-10-04 02:31:00,1.3685,-0.6871399999999999,122.66,7.0485,13.434,9.3383,-0.0252399999999999,-0.00885,-0.0037399999999999,6.6024,4.7771,4.9749,5.3128,-3.9773,10
2016-10-04 02:32:00,1.3682,-0.66498,122.64,6.9841,13.432,9.3172,-0.0250499999999999,0.0841299999999999,-0.00206,6.5664,4.7832,4.8973,5.2359,-3.9773,10
2016-10-04 02:33:00,1.3669,-0.6871399999999999,122.65,6.8889,13.433,9.3066,-0.02834,0.2878,-0.00596,6.5424,4.7183,4.831,5.1584,-3.9773,10
2016-10-04 02:34:00,1.368,-0.7204,122.66,6.7529,13.433,9.284,-0.0252399999999999,-0.74385,0.0212299999999999,6.4994,4.6131,4.7174,4.9928,-3.9773,10
2016-10-04 02:35:00,1.3683,-0.7204,122.67,6.6847,13.434,9.2664,-0.02085,-0.96523,0.01814,6.4557,4.57,4.6898,4.9349,-4.0602,10
2016-10-04 02:36:00,1.3672,-0.6539,122.69,6.7881,13.432,9.2382,-0.01536,0.56674,-0.0124899999999999,6.4105,4.5627,4.748,5.0501,-4.3364,10
2016-10-04 02:37:00,1.3672,-0.68715,122.7,6.8784,13.438,9.2208,-0.02231,-1.3239,0.02952,6.4247,4.6114,4.7178,4.9819,-4.0325,10
2016-10-04 02:38:00,1.368,-0.6982399999999999,122.68,6.8117,13.435,9.205,-0.02176,-1.3283,0.02784,6.4038,4.5983,4.6723,4.9054,-4.0602,10
2016-10-04 02:39:00,1.368,-0.7204,122.62,6.7477,13.436,9.1856,-0.0287099999999999,-0.2878,0.0067499999999999,6.3745,4.5139,4.6281,4.8802,-4.0325,10
2016-10-04 02:40:00,1.3677,-0.70932,122.64,6.7789,13.438,9.1612,-0.02542,-0.2966599999999999,0.00854,6.3527,4.461,4.6288,4.8922,-4.0049,10
2016-10-04 02:41:00,1.3683,-0.74257,122.67,6.8351,13.439,9.141800000000002,-0.02743,0.38521,-0.01372,6.3389,4.4514,4.5599,4.8487,-3.9773,10
2016-10-04 02:42:00,1.368,-0.7204099999999999,122.67,7.1134,13.437,9.1242,-0.02615,-0.5047599999999999,0.01165,6.3816,4.6571,4.6824,4.9148,-3.9772,10
2016-10-04 02:43:00,1.3677,-0.7204099999999999,122.69,7.857199999999998,13.439,9.1067,-0.02597,-0.94754,0.0240299999999999,6.4898,4.7191,4.9458,5.2429,-3.9772,10
2016-10-04 02:44:00,1.3677,-0.67608,122.66,8.2995,13.439,9.0874,-0.0215799999999999,-0.70401,0.0151299999999999,6.5812,4.8988,4.958,5.2951,-3.8391,10
2016-10-04 02:45:00,1.3669,-0.6649899999999999,122.7,8.4333,13.439,9.0592,-0.0252399999999999,0.26124,-0.0032399999999999,6.5712,4.805,4.948,5.3027,-3.7563,10
2016-10-04 02:46:00,1.3686,-0.7315,122.68,8.353,13.44,9.0505,-0.0239599999999999,-0.46049,0.0063099999999999,6.5962,4.8582,4.9765,5.3228,-3.7563,10
2016-10-04 02:47:00,1.3677,-0.6871599999999999,122.66,8.144999999999998,13.437,9.0259,-0.02542,0.32765,-0.01282,6.6009,4.8721,4.9961,5.4098,-3.922,10
2016-10-04 02:48:00,1.3683,-0.75366,122.67,8.0129,13.439,9.003,-0.02322,-0.2346699999999999,0.0144,6.6214,4.8871,5.061,5.4213,-3.922,10
2016-10-04 02:49:00,1.3683,-0.67608,122.65,8.2062,13.44,8.9855,-0.0265199999999999,-0.07084,0.00353,6.7351,5.1531,5.3101,5.6941,-3.8391,10
2016-10-04 02:50:00,1.3683,-0.67608,122.66,8.460499999999998,13.44,8.9679,-0.02359,0.04428,0.00175,6.8297,5.2241,5.3747,5.7769,-3.5629,10
2016-10-04 02:51:00,1.3683,-0.665,122.65,8.4936,13.437,8.9503,-0.02615,-0.26567,-0.00755,6.8505,5.1197,5.3216,5.764,-2.9278,10
2016-10-04 02:52:00,1.3683,-0.70933,122.63,8.308799999999998,13.439,8.9328,-0.02615,-0.3365099999999999,0.00932,6.7964,5.033,5.2019,5.5586,-2.6792,10
2016-10-04 02:53:00,1.3672,-0.70933,122.63,8.1056,13.44,8.9205,-0.01701,0.34094,-0.00282,6.7216,4.8756,5.0382,5.4133,-2.8449,10
2016-10-04 02:54:00,1.3672,-0.68717,122.6,7.9135,13.439,8.894199999999998,-0.0190199999999999,-0.4914799999999999,0.0084899999999999,6.646,4.806,4.9327,5.2277,-3.7012,10
2016-10-04 02:55:00,1.3677,-0.65392,122.63,7.7754,13.44,8.8784,-0.02579,0.12398,-0.0075599999999999,6.5859,4.6527,4.8316,5.1407,-3.9774,10
2016-10-04 02:56:00,1.368,-0.70933,122.64,7.643,13.44,8.866099999999998,-0.02725,0.56233,-0.0139799999999999,6.5406,4.6262,4.7305,4.9812,-3.9774,10
2016-10-04 02:57:00,1.368,-0.67608,122.6,7.5126,13.44,8.852,-0.0250499999999999,0.06199,0.00143,6.49,4.5402,4.679,4.8932,-3.9774,10
2016-10-04 02:58:00,1.3677,-0.70933,122.6,7.557,13.441,8.830999999999998,-0.02487,0.38079,-0.0092899999999999,6.4976,4.7127,4.9712,5.1204,-3.9774,10
2016-10-04 02:59:00,1.3697,-0.74258,122.54,7.995199999999999,13.442,8.820399999999998,-0.03054,-0.4117899999999999,0.0145,6.593,5.0127,5.0197,5.1929,-3.5079,10
2016-10-04 03:00:00,1.3677,-0.74258,122.58,8.126799999999998,13.44,8.8046,-0.0288899999999999,-0.03542,0.00055,6.596,5.0495,5.1136,5.3514,-2.7898,10
2016-10-04 03:01:00,1.3686,-0.70933,122.58,8.045099999999998,13.441,8.8011,-0.0288899999999999,-0.5579,0.02076,6.6122,5.0671,5.065,5.3127,-2.845,10
2016-10-04 03:02:00,1.368,-0.74258,122.58,7.8526,13.441,8.7818,-0.01865,0.1948199999999999,0.0041799999999999,6.5928,5.018,5.0096,5.2869,-3.1213,10
2016-10-04 03:03:00,1.3686,-0.70935,122.56,7.7077,13.441,8.7634,-0.0237699999999999,0.09742,-0.008,6.5539,4.91,4.9283,5.1972,-3.7566,10
2016-10-04 03:04:00,1.3678,-0.6761099999999999,122.49,7.6706,13.443,8.746299999999998,-0.0252399999999999,-0.4162299999999999,0.00877,6.5171,4.9681,4.9836,5.2384,-3.8948,10
2016-10-04 03:05:00,1.3672,-0.7426099999999999,122.49,7.7722,13.442,8.735799999999998,-0.02816,-0.0088599999999999,-0.00017,6.5072,4.8793,4.942,5.2581,-3.9224,10
2016-10-04 03:06:00,1.3686,-0.67612,122.55,7.7397,13.444,8.7207,-0.02451,0.2789599999999999,-0.00833,6.4583,4.7289,4.7944,5.0754,-3.8671,10
2016-10-04 03:07:00,1.3684,-0.70938,122.52,7.605,13.444,8.710499999999998,-0.0237799999999999,0.22583,0.0008,6.3723,4.6045,4.6158,4.8497,-3.9776,10
2016-10-04 03:08:00,1.3698,-0.73155,122.56,7.4202,13.444,8.699999999999998,-0.02835,-1.1734,0.0376299999999999,6.2978,4.3754,4.5234,4.7038,-3.9776,10
2016-10-04 03:09:00,1.3697,-0.7537099999999999,122.54,7.2484,13.445,8.6768,-0.03146,0.3010999999999999,-0.0056899999999999,6.2211,4.3161,4.4444,4.6537,-3.9776,10
2016-10-04 03:10:00,1.3681,-0.6872,122.54,7.1301,13.442,8.6661,-0.0250599999999999,0.0398499999999999,0.0013799999999999,6.1781,4.2687,4.3434,4.5048,-3.9776,10
2016-10-04 03:11:00,1.3681,-0.70937,122.56,7.0615,13.445,8.655599999999998,-0.01518,-0.28782,0.0091,6.1436,4.2045,4.2694,4.423,-4.0052,10
2016-10-04 03:12:00,1.3692,-0.73153,122.59,7.0275,13.445,8.6377,-0.0256,-1.1867,0.03082,6.0955,4.1125,4.245,4.3875,-4.1986,10
2016-10-04 03:13:00,1.3694,-0.72045,122.55,7.0701,13.445,8.6377,-0.02231,-0.96087,0.0229299999999999,6.0975,4.08,4.2908,4.3733,-4.4472,10
2016-10-04 03:14:00,1.3681,-0.7093599999999999,122.55,7.1399,13.446,8.6148,-0.02414,0.37195,-0.00966,6.0837,4.1232,4.2473,4.3749,-4.0052,10
2016-10-04 03:15:00,1.3684,-0.74263,122.56,7.1518,13.446,8.6088,-0.02359,0.02214,-0.0027399999999999,6.0579,4.0367,4.2194,4.3371,-3.9777,10
2016-10-04 03:16:00,1.3687,-0.75372,122.53,7.1703,13.447,8.5966,-0.02542,0.59336,-0.01711,6.0344,4.1027,4.1746,4.2832,-3.9777,10
2016-10-04 03:17:00,1.37,-0.7648,122.48,7.1977,13.446,8.582599999999998,-0.02469,0.0398499999999999,0.0001,5.9957,4.0743,4.1575,4.2189,-3.9777,10
2016-10-04 03:18:00,1.3692,-0.67612,122.51,7.1775,13.447,8.5645,-0.03109,-0.98745,0.0299899999999999,5.9459,3.9093,4.0913,4.1506,-3.9777,10
2016-10-04 03:19:00,1.3686,-0.70937,122.46,7.0601,13.447,8.554,-0.02304,0.01328,0.0008999999999999,5.8664,3.7216,4.0151,4.0899,-3.9777,10
2016-10-04 03:20:00,1.3697,-0.7537099999999999,122.45,6.9176,13.447,8.5364,-0.02542,0.0796999999999999,0.00044,5.7968,3.7512,3.8218,3.8317,-3.9776,10
2016-10-04 03:21:00,1.3695,-0.7758899999999999,122.5,6.7344,13.448,8.5339,-0.03054,-0.7262199999999999,0.01898,5.731,3.5447,3.7085,3.6873,-3.9776,10
2016-10-04 03:22:00,1.3687,-0.7093899999999999,122.5,6.5298,13.448,8.516299999999998,-0.02981,0.09742,-0.01058,5.6556,3.4147,3.6788,3.6696,-4.0052,10
2016-10-04 03:23:00,1.3695,-0.7426399999999999,122.52,6.3467,13.447,8.5006,-0.02304,0.43396,-0.0083999999999999,5.6145,3.473,3.6438,3.5987,-3.9777,10
2016-10-04 03:24:00,1.3687,-0.67615,122.51,6.2504,13.447,8.489,-0.02615,-0.89893,0.02031,5.5804,3.4013,3.5947,3.5609,-3.9777,10
2016-10-04 03:25:00,1.3692,-0.73157,122.52,6.0527,13.449,8.4732,-0.0263399999999999,-0.97421,0.02417,5.5054,3.29,3.4616,3.4178,-4.0053,10
2016-10-04 03:26:00,1.369,-0.73157,122.56,5.928,13.449,8.4716,-0.02542,0.59338,-0.0185199999999999,5.4749,3.3349,3.5361,3.4874,-3.9777,10
2016-10-04 03:27:00,1.3693,-0.7205,122.55,5.7426,13.45,8.4581,-0.02963,-0.42069,0.01005,5.4078,3.1849,3.3925,3.3586,-3.9777,10
2016-10-04 03:28:00,1.3693,-0.75375,122.48,5.5405,13.451,8.4405,-0.0215799999999999,-0.58896,0.01244,5.3353,3.1862,3.295,3.1855,-3.9777,10
2016-10-04 03:29:00,1.3682,-0.77592,122.54,5.3772,13.452,8.4298,-0.02176,-1.1292,0.02272,5.2759,3.0361,3.1909,3.0927,-3.9778,10
2016-10-04 03:30:00,1.3687,-0.7537399999999999,122.52,5.2463,13.451,8.4063,-0.02323,0.16827,-0.00664,5.1967,2.8478,3.1199,3.0994,-4.0606,10
2016-10-04 03:31:00,1.369,-0.79807,122.54,5.0829,13.453,8.3888,-0.02707,0.82364,-0.02389,5.1326,2.864,3.0866,2.9933,-4.033,10
2016-10-04 03:32:00,1.3687,-0.7426599999999999,122.55,4.902,13.452,8.381999999999998,-0.02743,-0.96978,0.02646,5.0947,2.8118,3.0437,2.9023,-4.0331,10
2016-10-04 03:33:00,1.3693,-0.77592,122.53,4.7849,13.456,8.3666,-0.0265199999999999,-0.8059399999999999,0.0220099999999999,5.0497,2.8381,2.9088,2.7603,-4.0883,10
2016-10-04 03:34:00,1.3695,-0.7980899999999999,122.5,4.7387,13.457,8.3438,-0.02432,0.6199599999999998,-0.01682,4.9775,2.8087,2.89,2.767,-4.3093,10
2016-10-04 03:35:00,1.3695,-0.7980899999999999,122.53,4.731,13.457,8.326499999999998,-0.03182,0.8458,-0.0255799999999999,4.9312,2.7333,2.9248,2.816,-4.3092,10
2016-10-04 03:36:00,1.3676,-0.7870099999999999,122.5,4.7549,13.458,8.3093,-0.0267,-1.1425,0.0304199999999999,4.928,2.8375,2.8665,2.7407,-4.3092,10
2016-10-04 03:37:00,1.3698,-0.7315899999999999,122.47,4.7771,13.458,8.297,-0.0237799999999999,-0.66868,0.0212399999999999,4.9002,2.7968,2.9241,2.8315,-4.1159,10
2016-10-04 03:38:00,1.3696,-0.7205099999999999,122.49,4.7966,13.459,8.2797,-0.0250599999999999,0.93438,-0.0237099999999999,4.8798,2.8604,2.8992,2.8434,-4.1436,10
2016-10-04 03:39:00,1.3698,-0.75377,122.45,4.932,13.461,8.262399999999998,-0.02213,-0.45612,0.0109199999999999,4.8927,2.932,2.9687,2.9525,-4.0883,10
2016-10-04 03:40:00,1.3696,-0.75377,122.47,5.2166,13.462,8.2361,-0.0250599999999999,-0.20371,0.0060299999999999,4.9014,2.969,3.0927,3.1775,-3.9779,10
2016-10-04 03:41:00,1.3707,-0.76485,122.41,5.5223,13.462,8.2188,-0.02542,-0.04871,0.0020899999999999,4.9523,3.1953,3.179,3.3132,-3.9779,10
2016-10-04 03:42:00,1.3696,-0.7426899999999999,122.44,5.8691,13.461,8.1997,-0.02323,0.11071,-0.0007699999999999,5.0091,3.3074,3.325,3.5411,-3.9779,10
2016-10-04 03:43:00,1.3693,-0.7426899999999999,122.44,6.078,13.464,8.1822,-0.02085,-0.07971,0.0015499999999999,5.064,3.3561,3.3914,3.6993,-3.8397,10
2016-10-04 03:44:00,1.3704,-0.75377,122.42,6.1528,13.463,8.159599999999998,-0.03091,-0.30556,0.0123199999999999,5.0646,3.2076,3.4033,3.728,-3.812,10
2016-10-04 03:45:00,1.369,-0.7426899999999999,122.52,6.1392,13.464,8.1387,-0.0277999999999999,-1.2355,0.0337999999999999,5.052,3.171,3.3674,3.6547,-3.9225,10
2016-10-04 03:46:00,1.3682,-0.75378,122.57,6.0871,13.465,8.1194,-0.02231,-1.2975,0.02912,5.0453,3.1544,3.2625,3.528,-3.8121,10
2016-10-04 03:47:00,1.3704,-0.77595,122.57,6.0038,13.465,8.102,-0.02707,-0.24356,0.00578,5.025,3.2047,3.2739,3.4843,-3.8397,10
2016-10-04 03:48:00,1.3704,-0.77595,122.54,5.931,13.467,8.0811,-0.02908,-0.124,0.001,5.0194,3.1574,3.2323,3.4526,-3.895,10
2016-10-04 03:49:00,1.3682,-0.7427,122.53,5.8551,13.467,8.0531,-0.0336499999999999,-1.0673,0.03599,4.9884,3.0585,3.2012,3.3524,-3.6739,10
2016-10-04 03:50:00,1.3699,-0.76487,122.51,5.7362,13.468,8.041,-0.02853,0.4207099999999999,-0.0097699999999999,4.9347,2.9863,3.1078,3.3077,-3.591,10
2016-10-04 03:51:00,1.3704,-0.75378,122.43,5.6203,13.468,8.0165,-0.0215799999999999,-0.26571,0.0062599999999999,4.8806,2.9503,3.0365,3.1884,-3.8949,10
2016-10-04 03:52:00,1.3707,-0.77595,122.4,5.5578,13.467,7.9885,-0.0288999999999999,-0.15057,0.00508,4.8454,2.886,2.9899,3.1412,-3.9777,10
2016-10-04 03:53:00,1.3699,-0.7759599999999999,122.5,5.5241,13.469,7.9694,-0.03347,0.39856,-0.01396,4.8107,2.9389,3.0068,3.1523,-3.9776,10
2016-10-04 03:54:00,1.3691,-0.7870399999999999,122.52,5.5233,13.469,7.9519,-0.02707,0.5269899999999998,-0.01535,4.8044,2.9185,3.1177,3.2668,-3.9776,10
2016-10-04 03:55:00,1.371,-0.7759599999999999,122.46,5.5641,13.468,7.9309,-0.02981,-0.4738499999999999,0.00962,4.8143,2.8506,3.0866,3.2795,-3.9777,10
2016-10-04 03:56:00,1.3696,-0.84247,122.45,5.6002,13.47,7.9065,-0.0261599999999999,-0.0044299999999999,0.0046499999999999,4.7876,2.8464,3.0768,3.2683,-3.9501,10
2016-10-04 03:57:00,1.3691,-0.7870399999999999,122.52,5.7072,13.473,7.8855,-0.0252399999999999,-0.05314,0.00107,4.8144,2.9143,3.1906,3.3156,-3.9225,10
2016-10-04 03:58:00,1.3691,-0.7759599999999999,122.49,5.7801,13.472,7.8646,-0.02853,-0.71299,0.01942,4.8257,2.9589,3.1906,3.3227,-3.812,10
2016-10-04 03:59:00,1.3693,-0.76487,122.43,5.7698,13.472,7.8402,-0.02597,-0.17271,0.00449,4.8131,3.0134,3.1794,3.2861,-3.2872,10
2016-10-04 04:00:00,1.3699,-0.7427,122.42,5.7314,13.47,7.8192,-0.02835,1.2134,-0.033,4.7765,2.9554,3.1738,3.3369,-2.9281,10
2016-10-04 04:01:00,1.3707,-0.8203,122.39,5.6779,13.472,7.798199999999999,-0.03036,-0.25685,0.00608,4.7541,2.9436,3.2269,3.3293,-2.6794,10
2016-10-04 04:02:00,1.371,-0.76488,122.39,5.6955,13.473,7.7808,-0.03329,-0.50485,0.0185099999999999,4.819,3.2023,3.2722,3.3195,-2.6794,10
2016-10-04 04:03:00,1.3691,-0.76488,122.37,6.1891,13.474,7.7598,-0.02433,-0.062,-0.00182,4.9282,3.446,3.6754,3.71,-2.6518,10
2016-10-04 04:04:00,1.3699,-0.7205399999999998,122.34,6.6683,13.472,7.7336,-0.0250599999999999,0.04429,0.0009899999999999,5.0497,3.6045,3.7767,3.8501,-1.7955,10
2016-10-04 04:05:00,1.3685,-0.76488,122.29,6.8328,13.472,7.7144,-0.02725,-0.81042,0.02196,5.0867,3.775,3.6818,3.7602,-1.3812,10
2016-10-04 04:06:00,1.371,-0.8203,122.23,6.8754,13.472,7.6952,-0.02817,-0.5225699999999999,0.0144,5.0702,3.6335,3.822,3.9405,-1.3259,10
2016-10-04 04:07:00,1.371,-0.7759599999999999,122.24,6.8268,13.474,7.6725,-0.03036,0.2745699999999999,-0.01523,5.0705,3.6917,3.7538,3.9197,-1.4088,10
2016-10-04 04:08:00,1.3707,-0.78705,122.22,6.7689,13.473,7.6516,-0.0376799999999999,-0.38085,0.01035,5.058,3.6417,3.7356,3.8569,-1.7403,10
2016-10-04 04:09:00,1.3704,-0.7537899999999998,122.19,6.7135,13.474,7.6341,-0.02926,-0.07086,0.00253,5.0474,3.706,3.7547,3.8429,-1.9613,10
2016-10-04 04:10:00,1.3707,-0.76488,122.23,6.7495,13.473,7.6184,-0.02725,0.11071,0.00247,5.0717,3.7084,3.7952,3.9088,-2.3205,10
2016-10-04 04:11:00,1.3707,-0.7537899999999998,122.19,6.8208,13.473,7.5957,-0.0342,0.05314,-0.0064599999999999,5.0848,3.742,3.8951,4.0376,-2.3758,10
2016-10-04 04:12:00,1.3704,-0.76488,122.17,6.9856,13.473,7.5852,-0.0267,0.04871,-0.0032699999999999,5.1475,3.9156,4.0645,4.1209,-2.0167,10
2016-10-04 04:13:00,1.3699,-0.79813,122.18,7.0908,13.473,7.557299999999999,-0.02597,-0.55357,0.0125,5.1785,3.9939,4.0666,4.1138,-1.6576,10
2016-10-04 04:14:00,1.3707,-0.78705,122.14,7.0803,13.473,7.5434,-0.02341,-0.09743,0.00711,5.1737,3.97,4.0469,4.1118,-1.7404,10
2016-10-04 04:15:00,1.3702,-0.7981399999999998,122.13,7.0948,13.472,7.5294,-0.02561,-0.03543,0.00455,5.2033,4.0469,4.0674,4.1781,-1.6576,10
2016-10-04 04:16:00,1.3699,-0.78705,122.12,7.0787,13.472,7.511999999999999,-0.02433,0.217,-0.0082199999999999,5.1766,3.9659,4.1035,4.1902,-1.6576,10
2016-10-04 04:17:00,1.3696,-0.76488,122.12,7.0634,13.472,7.4893,-0.0301799999999999,-0.10186,0.00316,5.1841,4.0411,4.0947,4.1808,-1.7681,10
2016-10-04 04:18:00,1.3713,-0.76488,122.06,7.0377,13.474,7.484,-0.0265199999999999,0.32328,-0.0085,5.1704,3.9738,4.0443,4.1649,-1.8233,10
2016-10-04 04:19:00,1.3707,-0.84248,122.08,6.9357,13.473,7.466599999999999,-0.03109,0.124,-0.00647,5.1269,3.9203,3.9859,4.0515,-1.9614,10
2016-10-04 04:20:00,1.3702,-0.78705,122.08,6.8561,13.472,7.466599999999999,-0.02963,-0.124,0.0037499999999999,5.098,3.8857,3.9859,4.0212,-2.1548,10
2016-10-04 04:21:00,1.3702,-0.8203099999999999,122.02,6.7541,13.474,7.4526,-0.0248799999999999,0.062,0.00087,5.0657,3.8251,3.9669,4.0085,-2.4034,10
2016-10-04 04:22:00,1.3693,-0.73162,122.03,6.6222,13.472,7.4265,-0.0265199999999999,-0.3985699999999999,0.00462,5.0196,3.7485,3.9518,3.9588,-2.514,10
2016-10-04 04:23:00,1.371,-0.7427099999999999,122.02,6.53,13.471,7.417799999999999,-0.0252399999999999,-0.0885699999999999,0.0045799999999999,5.0045,3.8174,3.9642,3.9423,-2.2653,10
2016-10-04 04:24:00,1.3696,-0.78705,122.02,6.4731,13.474,7.4021,-0.02908,0.30114,-0.00396,4.9578,3.7346,3.8905,3.918,-1.9891,10
2016-10-04 04:25:00,1.3688,-0.78705,122.04,6.4379,13.474,7.3829,-0.03128,-0.11957,0.0022899999999999,4.9245,3.7414,3.8713,3.8946,-1.7128,10
2016-10-04 04:26:00,1.3702,-0.76488,122.08,6.4147,13.474,7.3794,-0.02689,0.08414,0.0042399999999999,4.9153,3.7824,3.9369,3.9101,-1.4089,10
2016-10-04 04:27:00,1.3705,-0.76488,122.05,6.4364,13.472,7.3707,-0.02725,-0.062,0.00468,4.9192,3.8773,4.0093,3.9331,-1.326,10
2016-10-04 04:28:00,1.3707,-0.78705,122.01,6.7343,13.474,7.362,-0.03091,-0.062,0.00062,4.9738,3.9652,4.1352,4.145,-1.2708,10
2016-10-04 04:29:00,1.3696,-0.77597,122.03,6.9431,13.474,7.3358,-0.0345699999999999,0.28786,-0.0058599999999999,4.9644,4.0115,4.1455,4.1935,-1.1051,10
2016-10-04 04:30:00,1.3696,-0.8203099999999999,122.01,7.2133,13.474,7.3323,-0.0320099999999999,-0.16828,0.00299,5.0229,4.1236,4.35,4.3705,-0.8287999999999999,10
2016-10-04 04:31:00,1.3713,-0.77597,122.01,7.4451,13.473,7.3201,-0.02469,0.2214299999999999,-0.00151,5.0881,4.3729,4.59,4.6133,-0.66305,10
2016-10-04 04:32:00,1.3696,-0.7538,121.96,7.849199999999998,13.473,7.3166,-0.0261599999999999,-0.2391399999999999,0.00365,5.2718,4.6824,4.8698,4.931,-0.19339,10
2016-10-04 04:33:00,1.3705,-0.7538,121.93,8.129799999999998,13.474,7.3009,-0.0274399999999999,-0.4162799999999999,0.00889,5.3715,4.7941,5.035,5.066,0.0276299999999999,10
2016-10-04 04:34:00,1.3694,-0.78705,121.93,8.1898,13.473,7.2957,-0.02579,-0.0044299999999999,0.00106,5.4126,4.9452,5.1452,5.174,0.6078099999999999,10
2016-10-04 04:35:00,1.3702,-0.7981399999999998,121.95,8.231899999999998,13.473,7.2992,-0.0252399999999999,-0.05757,0.0017799999999999,5.5027,5.06,5.2599,5.3007,0.5525499999999999,10
2016-10-04 04:36:00,1.3707,-0.77597,121.89,8.231,13.471,7.2905,-0.0261599999999999,0.16828,-0.0044,5.5383,5.085,5.2462,5.2821,0.3039,10
2016-10-04 04:37:00,1.3699,-0.7538,121.94,8.2148,13.47,7.2783,-0.03091,0.85028,-0.0259099999999999,5.5401,5.1502,5.3015,5.3142,0.0552599999999999,10
2016-10-04 04:38:00,1.3713,-0.76488,121.9,8.2771,13.468,7.2782,-0.02433,0.0929999999999999,-0.00594,5.6013,5.1938,5.3543,5.3846,0.0552599999999999,10
2016-10-04 04:39:00,1.3699,-0.8313899999999999,121.98,8.3033,13.47,7.2765,-0.0250599999999999,1.2311,-0.03091,5.66,5.3286,5.5481,5.5136,-0.0276299999999999,10
2016-10-04 04:40:00,1.3696,-0.77597,121.91,8.4169,13.47,7.2643,-0.02433,0.42514,-0.0083499999999999,5.749,5.2537,5.6196,5.7047,-0.0276299999999999,10
2016-10-04 04:41:00,1.3713,-0.73163,121.95,8.4404,13.468,7.2521,-0.0248799999999999,-0.217,0.0079699999999999,5.7698,5.397,5.5771,5.5926,-0.0552599999999999,10
2016-10-04 04:42:00,1.3707,-0.8203099999999999,121.89,8.452999999999998,13.467,7.257399999999999,-0.03036,0.36757,-0.00611,5.7926,5.3881,5.6379,5.6942,-0.0276299999999999,10
2016-10-04 04:43:00,1.3707,-0.8203099999999999,121.88,8.4557,13.464,7.2573,-0.0288999999999999,0.13286,0.00087,5.8481,5.5105,5.6737,5.6526,-0.08289,10
2016-10-04 04:44:00,1.3707,-0.78705,121.84,8.4589,13.466,7.2573,-0.0261599999999999,-0.81928,0.02136,5.877,5.4542,5.6836,5.6934,-0.0276299999999999,10
2016-10-04 04:45:00,1.3707,-0.8313899999999999,121.76,8.4664,13.464,7.2556,-0.0263399999999999,-0.3587099999999999,0.0086599999999999,5.9033,5.5186,5.7479,5.7283,-0.16577,10
2016-10-04 04:46:00,1.3694,-0.78705,121.75,8.468899999999998,13.463,7.2678,-0.0354799999999999,0.32328,-0.01763,5.924,5.5316,5.6814,5.6653,-0.24865,10
2016-10-04 04:47:00,1.3707,-0.77597,121.76,8.4592,13.464,7.2783,-0.03055,0.44728,-0.00986,5.9423,5.5217,5.6673,5.6708,-0.55256,10
2016-10-04 04:48:00,1.3707,-0.78705,121.71,8.4588,13.464,7.2748,-0.02561,0.26571,-0.00842,5.9599,5.528,5.6751,5.6617,-0.66308,10
2016-10-04 04:49:00,1.3705,-0.78705,121.69,8.459799999999998,13.461,7.287,-0.02085,-0.04871,0.00282,5.9925,5.4608,5.6627,5.6676,-0.7183399999999999,10
2016-10-04 04:50:00,1.3682,-0.78705,121.69,8.420099999999998,13.461,7.293999999999999,-0.02908,0.5491399999999999,-0.01444,5.9664,5.4643,5.6598,5.6479,-1.0775,10
2016-10-04 04:51:00,1.3702,-0.80922,121.65,8.5853,13.461,7.2975,-0.0265199999999999,-0.6465699999999999,0.0157699999999999,6.0993,5.6408,5.8399,5.804,-1.188,10
2016-10-04 04:52:00,1.3699,-0.76488,121.62,8.6331,13.46,7.2992,-0.0274399999999999,-0.5801399999999999,0.01205,6.1622,5.6792,5.9485,5.8937,-0.80123,10
2016-10-04 04:53:00,1.3694,-0.78705,121.58,8.6835,13.458,7.306199999999999,-0.02359,-0.07971,0.00268,6.2183,5.7473,5.8767,5.8634,-0.7459799999999999,10
2016-10-04 04:54:00,1.3707,-0.7981399999999998,121.6,8.6517,13.458,7.3201,-0.02817,-0.24357,0.00867,6.2141,5.6735,5.9154,5.9266,-0.99461,10
2016-10-04 04:55:00,1.3705,-0.7981399999999998,121.59,8.6638,13.458,7.3219,-0.02908,-0.0044299999999999,0.0008999999999999,6.2144,5.5859,5.8173,5.8433,-1.0222,10
2016-10-04 04:56:00,1.3713,-0.8203099999999999,121.56,8.617599999999998,13.457,7.339299999999999,-0.0261599999999999,0.32328,-0.0079299999999999,6.2017,5.5492,5.7701,5.7954,-1.2709,10
2016-10-04 04:57:00,1.3696,-0.8203099999999999,121.6,8.5762,13.454,7.351499999999999,-0.0201199999999999,0.26128,-0.00708,6.1844,5.4855,5.6543,5.6199,-1.3261,10
2016-10-04 04:58:00,1.371,-0.77597,121.51,8.5113,13.455,7.362,-0.01921,-0.3808599999999999,0.0077299999999999,6.1239,5.2849,5.5636,5.5453,-1.3537,10
2016-10-04 04:59:00,1.3694,-0.78705,122.07,8.4813,13.455,7.3794,-0.0228599999999999,-0.95657,0.02366,6.1281,5.2581,5.5487,5.5396,-1.4919,10
2016-10-04 05:00:00,1.3699,-0.80922,122.8,8.481999999999998,13.454,7.3829,-0.02359,-0.0929999999999999,0.00115,6.1034,5.2334,5.5402,5.5332,-1.4919,10
2016-10-04 05:01:00,1.3691,-0.7427099999999999,122.68,8.525,13.455,7.4004,-0.0252399999999999,-0.0885699999999999,0.0065199999999999,6.1631,5.4465,5.6956,5.5992,-1.3538,10
2016-10-04 05:02:00,1.3699,-0.7981399999999998,122.66,8.5542,13.455,7.421299999999999,-0.01811,0.03986,0.0033899999999999,6.1672,5.4838,5.59,5.4845,-1.3261,10
2016-10-04 05:03:00,1.3696,-0.77597,122.55,8.5136,13.453,7.4318,-0.0276199999999999,0.1461399999999999,-0.0104899999999999,6.1376,5.3443,5.4386,5.3605,-1.3262,10
2016-10-04 05:04:00,1.3702,-0.78705,122.55,8.442299999999998,13.452,7.4527,-0.02927,0.3587099999999999,-0.01515,6.0764,5.2654,5.3344,5.2429,-1.3262,10
2016-10-04 05:05:00,1.3696,-0.77597,122.48,8.391999999999998,13.453,7.4649,-0.0237799999999999,0.18157,-0.00284,6.0366,5.1693,5.2087,5.07,-2.0721,10
2016-10-04 05:06:00,1.3691,-0.76488,122.53,8.3308,13.453,7.463199999999999,-0.02213,0.2391399999999999,-0.0053099999999999,5.9801,5.0557,5.0585,4.8775,-2.5693,10
2016-10-04 05:07:00,1.3674,-0.7538,122.44,8.2863,13.453,7.4859,-0.02323,0.19486,-0.0086899999999999,5.9276,4.9059,4.9848,4.7932,-2.8456,10
2016-10-04 05:08:00,1.3685,-0.76488,122.34,8.2531,13.454,7.496299999999998,-0.0228599999999999,-0.93885,0.02117,5.896,4.9129,4.8608,4.5402,-3.4258,10
2016-10-04 05:09:00,1.3682,-0.7538,122.31,8.2629,13.453,7.5155,-0.0274399999999999,-0.86357,0.0256499999999999,5.8864,4.7272,4.8047,4.5969,-3.9231,10
2016-10-04 05:10:00,1.3671,-0.7538,122.34,8.3099,13.452,7.529499999999999,-0.0188399999999999,1.0717,-0.0204599999999999,5.8906,4.9258,4.8829,4.5905,-3.8679,10
2016-10-04 05:11:00,1.3669,-0.7094599999999999,122.29,8.355299999999998,13.453,7.541699999999999,-0.01939,0.38528,-0.00961,5.938,4.9466,4.8958,4.6281,-3.0667,10
2016-10-04 05:12:00,1.3685,-0.7427099999999999,122.38,8.3725,13.453,7.553899999999999,-0.02542,0.02657,0.00236,5.915,4.7834,4.7855,4.6446,-2.7628,10
2016-10-04 05:13:00,1.3669,-0.7205399999999998,122.34,8.3968,13.452,7.5766,-0.0274399999999999,0.3587099999999999,-0.01229,5.9076,4.8795,4.9295,4.8428,-3.1772,10
2016-10-04 05:14:00,1.3682,-0.7538,122.35,8.4488,13.453,7.592399999999999,-0.0261599999999999,0.4384299999999999,-0.0095999999999999,5.9684,4.9214,5.0214,4.803,-3.122,10
2016-10-04 05:15:00,1.3669,-0.73163,122.31,8.5252,13.454,7.6028,-0.0212199999999999,-0.031,0.00192,6.0323,5.0481,5.1446,4.9728,-2.818,10
2016-10-04 05:16:00,1.3677,-0.73163,122.22,8.5439,13.453,7.613299999999998,-0.0267,-0.0885699999999999,0.00136,6.021,4.9284,5.0192,4.934,-2.597,10
2016-10-04 05:17:00,1.3671,-0.73163,122.2,8.5212,13.453,7.6203,-0.02177,-0.04871,-0.0022799999999999,5.9929,5.0438,5.0466,4.8346,-2.6523,10
2016-10-04 05:18:00,1.368,-0.73163,122.2,8.5164,13.452,7.6325,-0.02927,-0.22586,0.0106,6.0339,5.0152,5.087,4.8835,-2.6523,10
2016-10-04 05:19:00,1.3674,-0.76488,122.15,8.4767,13.452,7.6535,-0.0202999999999999,0.04871,-0.00816,6.036,4.9693,5.0144,4.9039,-2.5694,10
2016-10-04 05:20:00,1.3677,-0.7538,122.1,8.4579,13.452,7.6675,-0.0248799999999999,-0.42514,0.00982,6.038,5.0095,5.0707,4.8996,-2.4036,10
2016-10-04 05:21:00,1.3674,-0.7538,122.13,8.4326,13.454,7.6745,-0.02579,0.0885699999999999,-0.00837,6.0254,5.0644,5.1137,4.9052,-2.2655,10
2016-10-04 05:22:00,1.3674,-0.7205399999999998,122.14,8.4967,13.453,7.6954,-0.02835,-0.2391399999999999,-0.00024,6.1111,5.208,5.2129,4.9636,-2.2379,10
2016-10-04 05:23:00,1.368,-0.7538,122.09,8.5266,13.453,7.7129,-0.0199399999999999,0.3188599999999999,-0.01171,6.1328,5.1819,5.2171,5.0678,-2.0445,10
2016-10-04 05:24:00,1.3677,-0.7427099999999999,122.09,8.5858,13.453,7.718099999999998,-0.0199399999999999,-0.04871,-0.0024399999999999,6.1563,5.2519,5.3019,5.116,-1.9892,10
2016-10-04 05:25:00,1.3669,-0.73163,122.08,8.6865,13.452,7.721599999999999,-0.0175599999999999,-0.16829,-0.0006499999999999,6.1718,5.2195,5.2568,5.1977,-1.9616,10
2016-10-04 05:26:00,1.3671,-0.76488,122.07,8.7824,13.451,7.7478,-0.0202999999999999,0.16829,0.0056899999999999,6.2676,5.3064,5.293,5.2655,-2.0721,10
2016-10-04 05:27:00,1.3666,-0.73163,122.56,8.7767,13.45,7.7601,-0.02597,0.02214,-0.0058999999999999,6.2335,5.2187,5.1779,5.1596,-2.4589,10
2016-10-04 05:28:00,1.3685,-0.73163,122.57,8.7158,13.451,7.7706,-0.0161,-0.23028,0.0040499999999999,6.218,5.1117,5.1828,5.1567,-2.6523,10
2016-10-04 05:29:00,1.368,-0.6762,122.55,8.6605,13.449,7.7811,-0.0267,0.2745699999999999,-0.0159599999999999,6.2005,5.1391,5.1004,5.0849,-2.6523,10
2016-10-04 05:30:00,1.3688,-0.73163,122.46,8.6239,13.448,7.7968,-0.01866,-0.1594299999999999,0.00425,6.1818,5.0634,5.0035,4.9697,-2.7628,10
2016-10-04 05:31:00,1.3688,-0.7538,122.4,8.5964,13.449,7.801999999999999,-0.02195,0.41186,-0.00807,6.1625,4.9806,4.9757,4.9158,-3.1496,10
2016-10-04 05:32:00,1.3677,-0.7205399999999998,122.38,8.4748,13.449,7.8178,-0.01829,-0.2568599999999999,0.00562,6.1375,4.8951,4.9085,4.8387,-3.4258,10
2016-10-04 05:33:00,1.368,-0.77597,122.32,8.3557,13.449,7.8265,-0.0212199999999999,0.4561399999999999,-0.0173899999999999,6.1077,4.9039,4.9363,4.8722,-3.0114,10
2016-10-04 05:34:00,1.3674,-0.7427099999999999,122.4,8.346,13.448,7.8423,-0.02341,0.465,-0.01101,6.1284,4.9402,4.9824,4.8951,-2.7075,10
2016-10-04 05:35:00,1.368,-0.7538,122.36,8.3655,13.449,7.8597,-0.0252399999999999,0.36314,-0.00906,6.1368,4.9444,5.038,4.9247,-2.4312,10
2016-10-04 05:36:00,1.3688,-0.69837,122.3,8.3964,13.448,7.8615,-0.02085,1.1293,-0.0223499999999999,6.0901,4.8609,4.9032,4.8074,-2.2654,10
2016-10-04 05:37:00,1.368,-0.7205399999999998,122.28,8.386599999999998,13.449,7.8772,-0.01957,0.47386,-0.0096299999999999,6.0335,4.7034,4.7105,4.6027,-2.5141,10
2016-10-04 05:38:00,1.3696,-0.7427099999999999,122.33,8.3163,13.448,7.886,-0.02305,2.108,-0.05263,5.9523,4.5819,4.6122,4.4558,-2.6522,10
2016-10-04 05:39:00,1.3705,-0.76488,122.31,8.215099999999998,13.448,7.9035,-0.0213999999999999,2.0504,-0.0466499999999999,5.8855,4.4819,4.4389,4.3134,-3.0113,10
2016-10-04 05:40:00,1.3696,-0.73163,122.25,8.1472,13.45,7.921,-0.02414,2.635,-0.0672699999999999,5.8454,4.4924,4.546,4.331,-3.6467,10
2016-10-04 05:41:00,1.3691,-0.76488,122.28,8.2316,13.45,7.9227,-0.01957,2.7988,-0.05294,5.9027,4.5266,4.6034,4.368,-3.923,10
2016-10-04 05:42:00,1.3696,-0.77597,122.32,8.237299999999998,13.449,7.9402,-0.02725,3.6093,-0.09532,5.8922,4.4914,4.4463,4.2869,-3.9782,10
2016-10-04 05:43:00,1.3694,-0.77597,122.32,8.2948,13.45,7.952499999999999,-0.0224999999999999,4.6854,-0.10237,5.8827,4.4452,4.5262,4.3472,-3.9782,10
2016-10-04 05:44:00,1.368,-0.73163,122.35,8.367499999999998,13.45,7.9682,-0.02433,5.8368,-0.13961,5.8493,4.3687,4.4146,4.2179,-3.9782,10
2016-10-04 05:45:00,1.371,-0.76488,122.36,8.3132,13.449,7.9664,-0.0226799999999999,7.3381,-0.17008,5.7779,4.269,4.2986,4.1258,-3.9782,10
2016-10-04 05:46:00,1.3694,-0.7427099999999999,122.32,8.2436,13.449,7.9682,-0.01975,8.6135,-0.17219,5.7241,4.1163,4.1925,4.0267,-3.9782,10
2016-10-04 05:47:00,1.3688,-0.76488,122.34,8.201499999999998,13.45,7.985699999999999,-0.02213,9.3,-0.20227,5.6848,4.0585,4.1438,3.9646,-3.9782,10
2016-10-04 05:48:00,1.3688,-0.7538,122.35,8.1522,13.449,7.9909,-0.01591,9.9244,-0.15143,5.6584,4.0757,4.1075,3.9495,-3.8953,10
2016-10-04 05:49:00,1.3707,-0.76488,122.39,8.3254,13.449,7.9962,-0.0276199999999999,10.199,-0.2761899999999999,5.7178,4.3546,4.4752,4.1544,-3.4533,10
2016-10-04 05:50:00,1.3691,-0.77597,122.47,8.5479,13.45,8.0084,-0.0199399999999999,10.42,-0.2042799999999999,5.8082,4.4064,4.4375,4.1653,-2.6521,10
2016-10-04 05:51:00,1.3694,-0.77597,122.51,8.566599999999998,13.452,8.0084,-0.0164599999999999,10.261,-0.16516,5.7681,4.2788,4.3634,4.1265,-2.3482,10
2016-10-04 05:52:00,1.3694,-0.78705,122.52,8.4757,13.449,8.027699999999998,-0.01683,12.52,-0.20791,5.7473,4.3863,4.3215,4.0274,-1.8233,10
2016-10-04 05:53:00,1.3696,-0.77597,122.49,8.398799999999998,13.451,8.032899999999998,-0.02177,14.477,-0.3113199999999999,5.7111,4.3296,4.3141,4.1145,-1.4089,10
2016-10-04 05:54:00,1.3699,-0.76488,122.49,8.2757,13.45,8.0364,-0.0175599999999999,16.235,-0.28769,5.7076,4.2344,4.2548,4.0722,-1.326,10
2016-10-04 05:55:00,1.3685,-0.73163,122.54,8.178499999999998,13.452,8.0469,-0.01408,17.936,-0.2568199999999999,5.7203,4.214,4.2478,4.0334,-1.326,10
2016-10-04 05:56:00,1.3691,-0.76488,122.58,8.1307,13.45,8.0539,-0.01299,21.115,-0.2779599999999999,5.7203,4.2387,4.2316,4.02,-1.2984,10
2016-10-04 05:57:00,1.3691,-0.7981399999999998,122.6,8.049799999999998,13.451,8.0539,-0.01061,25.132,-0.26584,5.6689,4.1865,4.1823,3.9918,-0.93927,10
2016-10-04 05:58:00,1.3699,-0.7981399999999998,122.56,7.917099999999999,13.449,8.0539,-0.01189,28.724,-0.34172,5.6289,4.0631,4.1026,3.8508,-0.19338,10
2016-10-04 05:59:00,1.3696,-0.78705,122.54,7.7811,13.45,8.0539,-0.00713,33.338,-0.23979,5.572,3.9362,3.9715,3.7676,0.1933699999999999,10
2016-10-04 06:00:00,1.3694,-0.78705,122.65,7.8667,13.451,8.0539,-0.0053,38.763,-0.20308,5.6261,4.3036,4.3022,4.0695,0.85636,10
2016-10-04 06:01:00,1.3694,-0.86465,122.64,8.3222,13.451,8.0714,-0.00201,45.526,-0.0834799999999999,5.8153,4.5983,4.5561,4.4362,2.2099,10
2016-10-04 06:02:00,1.3705,-0.8535599999999999,122.61,8.4683,13.452,8.0732,-0.0031099999999999,51.588,-0.1619599999999999,5.8508,4.567,4.5698,4.5417,3.7569,10
2016-10-04 06:03:00,1.3696,-0.8535599999999999,122.55,8.4853,13.45,8.0697,-0.0014599999999999,59.134,-0.08171,5.8283,4.5184,4.5586,4.5261,4.3646,10
2016-10-04 06:04:00,1.3694,-0.8535599999999999,122.53,8.4535,13.45,8.082,0.00476,72.52599999999998,0.3531199999999999,5.8175,4.5019,4.5843,4.5864,5.4972,10
2016-10-04 06:05:00,1.3699,-0.8979,122.52,8.4282,13.45,8.0837,0.0064,89.83799999999998,0.57077,5.8157,4.5375,4.5304,4.5304,6.7403,10
2016-10-04 06:06:00,1.3694,-0.86465,122.47,8.4055,13.449,8.0942,0.00476,115.33,0.50361,5.8446,4.5325,4.529,4.4734,8.7568,10
2016-10-04 06:07:00,1.3682,-0.95333,122.4,8.3787,13.45,8.092499999999998,-0.01463,137.02,-2.0158,5.8407,4.4864,4.4934,4.4807,10.47,10
2016-10-04 06:08:00,1.3691,-0.96442,122.46,8.370599999999998,13.451,8.0942,-0.0095099999999999,153.44,-1.4567,5.8515,4.5444,4.5494,4.555,13.121,10
2016-10-04 06:09:00,1.3696,-0.93116,122.42,8.4532,13.45,8.092499999999998,-0.0053,166.31,-0.88443,5.9524,4.6822,4.6956,4.6822,15.497,10
2016-10-04 06:10:00,1.3691,-0.9755,122.4,8.398099999999998,13.45,8.0942,-0.01043,178.95,-1.8712,5.9696,4.6798,4.6678,4.6882,18.287,10
2016-10-04 06:11:00,1.3801,-1.2748,122.41,8.375299999999998,13.451,8.0942,-0.00421,184.38,-0.85506,6.0195,4.808,4.8347,4.8376,21.16,10
2016-10-04 06:12:00,1.4416,-3.1039,122.45,8.400399999999998,13.45,8.096,0.02689,160.6,4.3,6.0972,4.9112,4.9471,4.9316,23.702,10
2016-10-04 06:13:00,1.4372,-1.9177,122.43,8.471999999999998,13.449,8.096,0.03658,159.24,5.8348,6.209,5.1295,5.0943,5.1499,26.463,10
2016-10-04 06:14:00,1.4322,-0.0997699999999999,122.42,8.532899999999998,13.447,8.1117,0.0479199999999999,159.1,7.6265,6.3941,5.3832,5.3748,5.4662,29.723,10
2016-10-04 06:15:00,1.419,1.8956,122.42,8.6262,13.448,8.117,0.05816,158.85,9.235,6.5552,5.5728,5.5081,5.6171,33.424,10
2016-10-04 06:16:00,1.4126,3.7357,122.45,8.6563,13.45,8.115199999999998,0.0689599999999999,159.3,10.982,6.6468,5.621,5.6456,5.794,37.706,10
2016-10-04 06:17:00,1.4099,5.9528,122.42,8.6815,13.449,8.117,0.0923699999999999,159.28,14.709,6.7959,5.7873,5.7423,5.8787,41.822,10
2016-10-04 06:18:00,1.4052,7.804,122.26,8.670999999999998,13.448,8.117,0.1134,159.2,18.053,6.8752,5.7852,5.7824,5.892,45.137,10
2016-10-04 06:19:00,1.4008,9.2673,122.28,8.6341,13.448,8.117,0.11926,158.75,18.934,6.9741,5.9665,5.9848,6.0326,48.673,10
2016-10-04 06:20:00,1.4035,11.95,122.31,8.652599999999998,13.447,8.117,0.1380899999999999,159.02,21.967,7.1221,6.079,6.1022,6.1647,53.424,10
2016-10-04 06:21:00,1.4035,14.943,122.31,8.6599,13.448,8.1187,0.1646199999999999,159.35,26.228,7.2508,6.3484,6.2655,6.2894,58.976,10
2016-10-04 06:22:00,1.4077,18.313,122.22,8.735699999999998,13.446,8.1327,0.1841899999999999,158.86,29.26,7.437999999999999,6.5197,6.5127,6.5745,63.673,10
2016-10-04 06:23:00,1.4143,20.574,122.42,8.7805,13.446,8.138,0.1978999999999999,159.03,31.478,7.596,6.6752,6.5798,6.6647,68.148,10
2016-10-04 06:24:00,1.416,22.924,122.51,8.7886,13.448,8.138,0.2185699999999999,158.96,34.748,7.7249,6.7742,6.6963,6.7447,72.099,10
2016-10-04 06:25:00,1.4171,25.064,122.55,8.8133,13.446,8.1362,0.23302,158.53,36.946,7.8696,6.8671,6.7857,6.8531,75.525,10
2016-10-04 06:26:00,1.4176,27.746,122.56,8.8418,13.446,8.1467,0.25607,158.79,40.663,8.021499999999998,7.0341,6.9107,6.9773,79.061,10
2016-10-04 06:27:00,1.422,30.95,122.59,8.8808,13.446,8.1555,0.27966,158.77,44.405,8.2088,7.227299999999999,7.0899,7.1684,83.342,10
2016-10-04 06:28:00,1.4248,32.657,122.57,8.888999999999998,13.445,8.159,0.2897199999999999,158.89,46.036,8.3418,7.3956,7.1776,7.2764,87.51399999999998,10
2016-10-04 06:29:00,1.4286,34.664,122.55,8.9142,13.444,8.169499999999998,0.31972,158.98,50.832,8.4978,7.5204,7.3465,7.4846,90.96700000000001,10
2016-10-04 06:30:00,1.4325,37.756,122.59,8.9541,13.444,8.179999999999998,0.33216,158.33,52.587,8.6524,7.6647,7.437,7.5799,94.58600000000001,10
2016-10-04 06:31:00,1.4391,40.716,122.6,8.9503,13.442,8.1905,0.3467899999999999,159.23,55.217,8.7957,7.7628,7.5162,7.712399999999999,98.34,10
2016-10-04 06:32:00,1.4468,43.609,122.58,8.9283,13.44,8.2011,0.37057,159.1,58.957,8.9425,7.8364,7.620599999999999,7.7629,101.96,10
2016-10-04 06:33:00,1.4548,46.935,122.52,8.9226,13.44,8.2011,0.38612,158.74,61.29,9.0955,7.9968,7.732,7.816099999999999,105.99,10
2016-10-04 06:34:00,1.4697,48.243,122.62,8.9223,13.439,8.2203,0.40788,159.16,64.919,9.258,8.133599999999998,7.8571,7.9523,110.17,10
2016-10-04 06:35:00,1.4907,50.127,122.63,8.9264,13.439,8.222099999999998,0.44007,158.91,69.935,9.4071,8.241799999999998,7.970799999999999,8.061199999999998,114.59,10
2016-10-04 06:36:00,1.5103,55.094,122.57,8.951499999999998,13.438,8.239599999999998,0.4594599999999999,158.75,72.947,9.5747,8.3209,8.1018,8.2229,119.06,10
2016-10-04 06:37:00,1.5307,57.898,122.65,8.9862,13.437,8.2589,0.4825099999999999,160.5,77.424,9.7454,8.5053,8.224,8.3248,123.51,10
2016-10-04 06:38:00,1.5398,64.028,122.65,9.0302,13.436,8.2641,0.50061,164.38,82.29699999999998,9.9006,8.6217,8.360799999999998,8.4741,128.26,10
2016-10-04 06:39:00,1.516,68.008,122.69,9.0764,13.435,8.2851,0.51763,169.87,87.92799999999998,10.083,8.7581,8.514699999999998,8.621,132.76,10
2016-10-04 06:40:00,1.5169,72.619,122.73,9.0663,13.434,8.2887,0.5372,172.31,92.551,10.24,8.8741,8.625199999999998,8.7287,137.13,10
2016-10-04 06:41:00,1.5293,78.162,122.76,9.0378,13.434,8.3062,0.5627999999999999,180.22,101.43,10.373,9.0314,8.7679,8.854599999999998,141.63,10
2016-10-04 06:42:00,1.5522,85.057,122.77,9.0757,13.434,8.3185,0.5653599999999999,191.37,108.21,10.506,9.1562,8.9242,9.0046,146.27,10
2016-10-04 06:43:00,1.5778,90.444,122.79,9.1712,13.433,8.3343,0.57652,197.06,113.6,10.637,9.3151,9.0944,9.1719,151.41,10
2016-10-04 06:44:00,1.599,96.419,122.86,9.2233,13.434,8.355299999999998,0.59225,206.58,122.36,10.808,9.4346,9.2537,9.3375,156.16,10
2016-10-04 06:45:00,1.6084,101.98,122.92,9.2674,13.433,8.3711,0.6167599999999999,207.66,128.06,10.962,9.6528,9.3896,9.448200000000002,161.11,10
2016-10-04 06:46:00,1.6443,107.42,122.91,9.2856,13.431,8.3903,0.62792,215.65,135.42,11.135,9.6992,9.5729,9.6385,166.52,10
2016-10-04 06:47:00,1.6622,112.24,122.87,9.288,13.431,8.402599999999998,0.63158,223.06,140.89,11.293,9.9069,9.7234,9.745,171.33,10
2016-10-04 06:48:00,1.682,117.45,122.83,9.3165,13.429,8.4289,0.6652299999999999,222.12,147.71,11.49,10.063,9.9296,9.9659,176.19,10
2016-10-04 06:49:00,1.7027,121.13,122.82,9.3816,13.429,8.442999999999998,0.7140699999999999,212.92,151.99,11.674,10.227,10.113,10.143,181.29,10
2016-10-04 06:50:00,1.7201,125.53,122.87,9.4231,13.428,8.467499999999998,0.75321,207.46,156.27,11.909,10.404,10.276,10.299,186.27,10
2016-10-04 06:51:00,1.7526,130.54,122.84,9.4818,13.426,8.4763,0.77205,210.0,162.12,12.07,10.592,10.476,10.47,191.05,10
2016-10-04 06:52:00,1.7871,136.87,122.9,9.5258,13.425,8.4974,0.77534,219.89,170.49,12.283,10.82,10.627,10.606,195.49,10
2016-10-04 06:53:00,1.81,142.32,122.92,9.527500000000002,13.425,8.518399999999998,0.79656,222.13,176.89,12.462,10.958,10.77,10.735,200.49,10
2016-10-04 06:54:00,1.8321,148.78,122.94,9.5039,13.422,8.5377,0.82893,219.54,181.97,12.501,10.961,10.862,10.834,205.8,10
2016-10-04 06:55:00,1.8657,152.16,122.89,9.5154,13.421,8.558799999999998,0.8622199999999999,219.33,189.08,12.578,11.009,11.074,11.039,211.08,10
2016-10-04 06:56:00,1.8905,156.65,122.91,9.5284,13.421,8.5834,0.8920299999999999,215.85,192.55,12.745,11.23,11.293,11.204,216.33,10
2016-10-04 06:57:00,1.9222,161.79,123.0,9.5356,13.421,8.6044,0.9085,221.2,200.95,12.892,11.461,11.456,11.33,221.22,10
2016-10-04 06:58:00,1.9503,167.5,123.01,9.5535,13.419,8.6347,0.94029,219.03,205.93,13.082,11.747,11.698,11.577,226.02,10
2016-10-04 06:59:00,1.9693,169.52,123.03,9.6058,13.419,8.6452,0.98675,210.23,207.42,13.336,11.871,11.937,11.864,230.99,10
2016-10-04 07:00:00,2.0115,177.36,123.03,9.6335,13.42,8.6715,0.99443,219.37,218.14,13.466,12.118,12.042,11.898,235.75,10
2016-10-04 07:01:00,2.0515,183.43,123.01,9.6711,13.417,8.6964,0.99718,224.55,223.89,13.529,12.167,12.173,12.042,240.8,10
2016-10-04 07:02:00,2.0912,189.55,123.01,9.666200000000002,13.416,8.722799999999998,1.018,228.07,232.15,13.52,12.229,12.31,12.129,246.08,10
2016-10-04 07:03:00,2.1174,194.43,122.98,9.671,13.415,8.7421,1.0285,232.21,238.8,13.609,12.368,12.364,12.098,250.85,10
2016-10-04 07:04:00,2.1585,200.02,123.01,9.7298,13.415,8.7705,1.0716,230.61,247.12,13.67,12.492,12.534,12.231,256.15,10
2016-10-04 07:05:00,2.1924,206.17,122.96,9.791200000000002,13.414,8.807399999999998,1.0663,238.58,254.36,13.84,12.597,12.764,12.553,261.54,10
2016-10-04 07:06:00,2.2266,211.84,123.04,9.8457,13.413,8.8212,1.082,240.0,259.7,13.992,12.858,12.912,12.664,266.81,10
2016-10-04 07:07:00,2.261,215.9,123.03,9.8825,13.414,8.843099999999998,1.1014,241.76,266.24,14.169,13.028,13.106,12.891,271.78,10
2016-10-04 07:08:00,2.2952,221.86,123.05,9.885700000000002,13.413,8.872999999999998,1.1058,243.44,269.18,14.298,13.167,13.281,13.062,276.7,10
2016-10-04 07:09:00,2.3355,228.37,123.13,9.8363,13.412,8.894199999999998,1.1819,234.74,277.36,14.313,13.189,13.325,13.031,281.67,10
2016-10-04 07:10:00,2.3705,232.95,123.05,9.8788,13.411,8.9279,1.208,235.25,284.17,14.405,13.415,13.519,13.181,285.43,10
2016-10-04 07:11:00,2.4074,237.04,123.09,9.9328,13.409,8.9525,1.2185,236.46,288.11,14.496,13.506,13.575,13.224,290.48,10
2016-10-04 07:12:00,2.4496,242.89,123.06,9.9883,13.406,8.9755,1.2529,237.57,297.63,14.574,13.768,13.685,13.285,295.53,10
2016-10-04 07:13:00,2.4935,248.69,123.08,10.036,13.406,9.0074,1.269,239.48,303.87,14.786,13.912,13.937,13.551,301.61,10
2016-10-04 07:14:00,2.5235,257.05,123.11,10.045,13.406,9.0356,1.3407,233.57,313.09,14.947,14.022,14.083,13.696,306.91,10
2016-10-04 07:15:00,2.5668,259.87,123.12,10.093,13.407,9.0634,1.3813,230.25,318.0,14.978,14.081,14.279,13.866,311.7,10
2016-10-04 07:16:00,2.6065,266.3,123.18,10.165,13.404,9.0926,1.3851,234.39,324.63,15.111,14.455,14.527,14.187,316.64,10
2016-10-04 07:17:00,2.6418,270.26,123.25,10.234,13.403,9.1172,1.3953,236.89,330.5,15.239,14.483,14.673,14.408,320.95,10
2016-10-04 07:18:00,2.6608,275.84,123.18,10.284,13.403,9.1468,1.3966,238.17,332.6,15.257,14.727,14.749,14.374,324.39,10
2016-10-04 07:19:00,2.7037,279.94,123.26,10.348,13.402,9.178,1.433,238.3,341.47,15.325,14.758,14.906,14.604,328.98,10
2016-10-04 07:20:00,2.741,285.78,123.28,10.421,13.399,9.2079,1.4666,237.59,348.45,15.348,14.81,14.918,14.614,333.92,10
2016-10-04 07:21:00,2.7876,290.93,123.22,10.425,13.398,9.2365,1.4556,244.31,355.62,15.331,14.871,15.023,14.683,340.33,10
2016-10-04 07:22:00,2.832,297.71,123.25,10.422,13.399,9.2703,1.5019,241.17,362.05,15.309,14.968,15.0,14.705,345.49,10
2016-10-04 07:23:00,2.8797,304.09,123.27,10.446,13.397,9.3056,1.5553,237.65,369.63,15.321,15.097,15.166,14.743,351.02,10
2016-10-04 07:24:00,2.915,309.45,123.21,10.453,13.396,9.3306,1.5672,240.99,377.64,15.351,15.287,15.451,15.035,355.46,10
2016-10-04 07:25:00,2.9539,316.51,123.26,10.477,13.396,9.3678,1.6051,238.08,382.03,15.355,15.387,15.48,15.125,361.12,10
2016-10-04 07:26:00,2.9867,320.6,123.23,10.487,13.395,9.3996,1.6283,237.72,387.03,15.29,15.622,15.552,15.132,365.02,10
2016-10-04 07:27:00,3.0109,322.54,123.27,10.522,13.394,9.436000000000002,1.6237,242.39,393.52,15.252,15.781,15.724,15.251,367.87,10
2016-10-04 07:28:00,3.0611,329.68,123.32,10.579,13.394,9.4745,1.6572,240.99,399.36,15.332,15.806,16.015,15.522,372.68,10
2016-10-04 07:29:00,3.1,335.54,123.35,10.622,13.393,9.4974,1.6863,241.02,406.39,15.321,15.948,16.008,15.526,378.84,10
2016-10-04 07:30:00,3.1574,341.95,123.36,10.601,13.393,9.5349,1.7466,238.61,416.67,15.205,15.962,15.915,15.494,385.82,10
2016-10-04 07:31:00,3.2045,347.65,123.34,10.602,13.393,9.5634,1.7874,236.6,422.85,15.174,16.006,16.108,15.712,391.01,10
2016-10-04 07:32:00,3.2393,354.27,123.34,10.603,13.393,9.6058,1.771,242.96,430.26,15.089,16.223,16.291,15.776,395.7,10
2016-10-04 07:33:00,3.2806,358.31,123.31,10.653,13.39,9.6369,1.8351,236.78,434.49,15.073,16.424,16.568,16.051,399.95,10
2016-10-04 07:34:00,3.3092,363.48,123.34,10.692,13.389,9.6703,1.8949,233.1,441.62,15.05,16.686,16.747,16.254,405.73,10
2016-10-04 07:35:00,3.3437,368.03,123.38,10.782,13.388,9.7092,1.9233,230.86,443.97,15.15,16.998,17.028,16.468,411.08,10
2016-10-04 07:36:00,3.4134,374.86,123.38,10.858,13.386,9.7457,1.9033,239.22,455.27,15.161,17.167,17.075,16.588,415.83,10
2016-10-04 07:37:00,3.4462,382.23,123.36,10.885,13.384,9.7845,1.9302,238.64,460.61,15.233,17.218,17.218,16.769,421.27,10
2016-10-04 07:38:00,3.4928,386.25,123.33,10.873,13.383,9.8198,1.9869,235.47,467.84,15.177,17.474,17.31,16.856,426.33,10
2016-10-04 07:39:00,3.514,389.69,123.33,10.912,13.381,9.8529,2.0145,234.43,472.14,15.21,17.631,17.471,17.081,430.14,10
2016-10-04 07:40:00,3.5465,396.25,123.39,10.928,13.381,9.89,2.032,234.5,476.51,15.121,17.662,17.583,17.125,435.11,10
2016-10-04 07:41:00,3.576,399.56,123.45,10.968,13.381,9.9272,2.0829,231.74,482.63,15.109,17.977,17.874,17.452,439.55,10
2016-10-04 07:42:00,3.6206,403.77,123.44,10.958,13.379,9.9674,2.1012,233.25,490.05,15.094,17.963,17.79,17.442,443.94,10
2016-10-04 07:43:00,3.6427,405.18,123.43,10.923,13.38,10.001,2.163,226.99,490.92,14.926,17.963,17.782,17.397,449.14,10
2016-10-04 07:44:00,3.6962,415.8,123.43,10.943,13.377,10.042,2.1712,230.84,501.18,14.842,18.016,17.929,17.478,453.86,10
2016-10-04 07:45:00,3.7652,421.91,123.48,10.952,13.375,10.079,2.1594,236.48,510.58,14.8,18.143,18.147,17.702,459.3,10
2016-10-04 07:46:00,3.8082,426.79,123.54,10.964,13.373,10.125,2.1645,238.55,516.33,14.789,18.396,18.465,17.977,462.86,10
2016-10-04 07:47:00,3.8146,430.57,123.52,11.0,13.373,10.159,2.2079,235.78,520.57,14.756,18.488,18.537,18.138,466.5,10
2016-10-04 07:48:00,3.8917,438.35,123.53,10.906,13.372,10.189,2.2299,236.63,527.64,14.44,18.107,18.158,17.737,471.7,10
2016-10-04 07:49:00,3.9148,436.9,123.48,10.914,13.371,10.23,2.2734,233.41,530.64,14.347,18.537,18.534,17.878,476.45,10
2016-10-04 07:50:00,3.9539,441.46,123.52,10.952,13.369,10.269,2.2378,241.17,539.68,14.241,18.535,18.486,17.956,481.0,10
2016-10-04 07:51:00,4.0004,454.23,123.49,10.918,13.368,10.303,2.2467,244.21,548.66,14.051,18.358,18.39,17.824,486.44,10
2016-10-04 07:52:00,4.0457,459.6,123.45,10.972,13.369,10.337,2.294,242.32,555.72,13.982,18.638,18.597,17.958,491.75,10
2016-10-04 07:53:00,4.071,463.9,123.39,11.065,13.367,10.388,2.3271,241.34,561.6,13.97,18.696,18.54,17.971,496.0,10
2016-10-04 07:54:00,4.1073,465.83,123.43,11.062,13.367,10.421,2.3576,239.57,564.77,13.928,18.843,18.727,18.101,499.76,10
2016-10-04 07:55:00,4.1371,473.89,123.44,11.053,13.366,10.466,2.3457,243.34,570.8,13.933,19.181,19.069,18.472,503.73,10
2016-10-04 07:56:00,4.1889,476.96,123.41,11.096,13.365,10.499,2.381,242.38,577.09,13.926,19.322,19.073,18.605,508.7,10
2016-10-04 07:57:00,4.2299,482.9,123.41,11.115,13.365,10.541,2.4273,240.38,583.41,13.898,19.515,19.161,18.747,513.65,10
2016-10-04 07:58:00,4.2536,486.81,123.46,11.118,13.365,10.577,2.4646,238.26,587.1,13.952,19.467,19.283,18.807,518.09,10
2016-10-04 07:59:00,4.2859,491.75,123.45,11.026,13.362,10.623,2.4945,236.54,590.02,13.864,19.409,19.331,18.837,521.24,10
2016-10-04 08:00:00,4.3186,495.79,123.44,11.025,13.361,10.658,2.5241,237.38,599.13,13.847,19.546,19.464,18.934,526.46,10
2016-10-04 08:01:00,4.3539,501.45,123.44,11.008,13.361,10.697,2.5441,238.27,606.14,13.857,19.821,19.654,19.226,530.66,10
2016-10-04 08:02:00,4.4068,506.85,123.42,11.028,13.36,10.742,2.5709,238.83,613.98,13.846,19.771,19.593,19.133,535.68,10
2016-10-04 08:03:00,4.4503,510.49,123.42,11.109,13.358,10.784,2.5325,244.46,619.06,13.864,19.957,19.602,19.179,540.9,10
2016-10-04 08:04:00,4.484,515.65,123.38,11.194,13.358,10.825,2.5115,248.31,623.56,13.886,19.986,19.749,19.291,545.74,10
2016-10-04 08:05:00,4.543,524.22,123.47,11.2,13.355,10.857,2.6036,242.02,630.08,13.89,20.038,19.705,19.258,550.55,10
2016-10-04 08:06:00,4.5749,527.68,123.44,11.25,13.354,10.898,2.6228,243.94,639.8,13.91,20.276,20.096,19.595,554.96,10
2016-10-04 08:07:00,4.5997,530.97,123.48,11.268,13.354,10.939,2.621,244.62,641.1,14.015,20.81,20.44,19.974,558.74,10
2016-10-04 08:08:00,4.627,535.43,123.52,11.313,13.353,10.978,2.7113,238.28,645.97,14.193,21.214,20.937,20.548,563.65,10
2016-10-04 08:09:00,4.6642,538.86,123.53,11.361,13.354,11.012,2.7188,238.93,649.6,14.341,21.75,21.378,20.928,567.05,10
2016-10-04 08:10:00,4.6835,540.13,123.59,11.461,13.352,11.056,2.6949,243.25,655.45,14.469,21.982,21.639,21.338,569.95,10
2016-10-04 08:11:00,4.7033,545.35,123.56,11.535,13.35,11.092,2.7903,235.66,657.46,14.561,22.341,21.816,21.521,574.62,10
2016-10-04 08:12:00,4.7527,551.67,123.63,11.688,13.349,11.145,2.7689,241.55,668.75,14.664,22.532,21.961,21.636,579.65,10
2016-10-04 08:13:00,4.7868,555.66,123.68,11.76,13.348,11.183,2.7265,246.33,671.55,14.751,22.655,22.292,21.863,585.72,10
2016-10-04 08:14:00,4.8318,562.28,123.7,11.764,13.346,11.222,2.776,244.63,679.05,14.832,22.676,22.398,22.012,590.5,10
2016-10-04 08:15:00,4.8894,567.44,123.71,11.687,13.345,11.268,2.8272,242.68,686.01,14.88,22.476,21.913,21.488,595.56,10
2016-10-04 08:16:00,4.9166,572.47,123.74,11.712,13.344,11.313,2.9126,236.88,689.92,14.969,22.761,22.383,21.863,599.83,10
2016-10-04 08:17:00,4.9533,574.82,123.67,11.778,13.344,11.356,2.8905,240.66,695.59,15.081,23.018,22.439,21.961,603.46,10
2016-10-04 08:18:00,4.985,577.98,123.69,11.833,13.344,11.395,2.9124,240.12,699.31,15.233,23.468,22.885,22.504,607.49,10
2016-10-04 08:19:00,5.0172,580.65,123.65,11.817,13.341,11.444,2.8835,244.7,705.56,15.277,23.389,22.882,22.656,610.95,10
2016-10-04 08:20:00,5.0492,588.78,123.66,11.845,13.341,11.49,2.9539,240.99,711.79,15.308,23.686,23.065,22.786,615.18,10
2016-10-04 08:21:00,5.0801,591.53,123.66,11.905,13.341,11.526,2.9702,241.0,715.64,15.476,24.171,23.479,23.138,619.54,10
2016-10-04 08:22:00,5.1156,593.82,123.65,11.905,13.338,11.571,2.9413,243.79,717.02,15.636,24.446,23.728,23.426,622.52,10
2016-10-04 08:23:00,5.1308,593.56,123.68,12.02,13.337,11.612,2.9534,243.81,720.02,15.815,24.875,24.267,23.993,626.73,10
2016-10-04 08:24:00,5.1628,595.81,123.7,12.213,13.337,11.66,2.9652,245.35,727.48,16.011,25.125,24.463,24.355,631.65,10
2016-10-04 08:25:00,5.2008,604.94,123.66,12.314,13.336,11.698,3.0504,240.71,734.26,16.152,25.512,24.918,24.648,636.17,10
2016-10-04 08:26:00,5.2231,607.66,123.7,12.391,13.333,11.744,3.0601,240.89,737.08,16.385,26.072,25.162,24.985,640.7,10
2016-10-04 08:27:00,5.2581,614.62,123.75,12.435,13.334,11.793,3.0759,241.88,743.88,16.496,25.664,24.976,24.727,644.12,10
2016-10-04 08:28:00,5.2887,619.12,123.79,12.271,13.332,11.838,3.1375,237.49,744.99,16.561,25.594,24.818,24.556,648.12,10
2016-10-04 08:29:00,5.3254,623.75,123.86,12.143,13.332,11.884,3.1556,238.63,752.99,16.618,25.858,25.093,24.802,652.43,10
2016-10-04 08:30:00,5.3552,626.72,123.85,12.169,13.331,11.933,3.2139,236.46,759.96,16.775,26.299,25.347,25.124,657.21,10
2016-10-04 08:31:00,5.3827,629.64,123.85,12.296,13.33,11.978,3.2057,238.61,764.7899999999998,16.912,26.262,25.53,25.301,661.72,10
2016-10-04 08:32:00,5.3976,633.05,123.9,12.305,13.328,12.032,3.1921,240.19,766.6699999999998,16.992,26.475,25.81,25.73,664.7,10
2016-10-04 08:33:00,5.4241,635.75,123.83,12.439,13.327,12.071,3.1866,241.13,768.36,17.184,27.175,26.409,26.182,669.23,10
2016-10-04 08:34:00,5.4715,641.82,123.83,12.64,13.325,12.129,3.2377,239.26,774.64,17.369,27.382,26.549,26.417,673.48,10
2016-10-04 08:35:00,5.4999,645.58,123.86,12.708,13.322,12.181,3.2964,236.87,780.6599999999999,17.51,27.665,26.714,26.533,679.0,10
2016-10-04 08:36:00,5.5385,652.07,123.84,12.699,13.322,12.225,3.3298,235.87,785.2999999999998,17.636,27.802,26.927,26.7,684.0,10
2016-10-04 08:37:00,5.5605,653.49,123.84,12.629,13.321,12.277,3.3927,232.63,789.21,17.797,28.086,27.098,26.974,688.6,10
2016-10-04 08:38:00,5.6063,658.43,123.85,12.603,13.318,12.329,3.3744,235.67,795.19,17.951,28.561,27.488,27.237,692.33,10
2016-10-04 08:39:00,5.6272,661.13,123.81,12.655,13.317,12.374,3.3549,238.65,800.5399999999998,18.128,28.767,27.535,27.459,695.29,10
2016-10-04 08:40:00,5.6635,664.3,123.82,12.7,13.316,12.428,3.3881,236.55,801.4,18.325,28.929,27.852,27.644,699.43,10
2016-10-04 08:41:00,5.6932,672.13,123.8,12.741,13.316,12.485,3.4268,236.97,811.85,18.318,28.79,27.743,27.392,704.45,10
2016-10-04 08:42:00,5.7455,675.23,123.81,12.689,13.314,12.541,3.4776,235.93,820.47,18.302,28.486,27.205,27.034,708.21,10
2016-10-04 08:43:00,5.7775,679.8,123.86,12.508,13.314,12.59,3.4676,238.79,827.97,18.269,28.38,27.387,26.902,712.34,10
2016-10-04 08:44:00,5.8106,684.86,123.8,12.484,13.314,12.642,3.5151,234.94,825.73,18.371,28.333,27.327,26.832,717.09,10
2016-10-04 08:45:00,5.8509,689.33,123.81,12.513,13.312,12.706,3.51,236.96,831.6699999999998,18.409,28.176,27.514,26.849,721.9199999999998,10
2016-10-04 08:46:00,5.8864,694.94,123.78,12.449,13.31,12.75,3.5164,238.39,838.23,18.392,28.446,27.622,26.871,725.7799999999999,10
2016-10-04 08:47:00,5.9229,700.61,123.81,12.454,13.311,12.808,3.558,237.79,846.0,18.509,28.496,27.537,26.9,730.5599999999998,10
2016-10-04 08:48:00,5.9552,701.18,123.82,12.587,13.31,12.862,3.5099,242.15,849.84,18.612,28.645,27.304,26.857,735.5299999999999,10
2016-10-04 08:49:00,5.9959,708.37,123.86,12.595,13.308,12.914,3.6168,236.53,855.4199999999998,18.598,28.338,27.096,26.664,739.11,10
2016-10-04 08:50:00,6.0342,712.0,123.87,12.654,13.309,12.968,3.6223,238.24,862.9299999999998,18.663,28.469,27.523,27.05,742.8099999999998,10
2016-10-04 08:51:00,6.0444,713.43,123.89,12.727,13.307,13.021,3.578,241.2,862.99,18.817,28.804,27.936,27.438,746.57,10
2016-10-04 08:52:00,6.0821,715.05,123.89,12.695,13.306,13.071,3.6094,240.65,868.5399999999998,18.865,28.814,27.97,27.337,750.4299999999998,10
2016-10-04 08:53:00,6.0928,720.05,123.92,12.65,13.305,13.125,3.6089,241.04,869.7,18.939,28.868,28.036,27.586,754.24,10
2016-10-04 08:54:00,6.1482,727.1,123.95,12.615,13.303,13.18,3.7076,236.97,878.58,18.986,28.982,27.881,27.471,759.46,10
2016-10-04 08:55:00,6.166,730.72,123.87,12.796,13.303,13.23,3.6968,238.68,882.2899999999998,19.1,29.365,28.04,27.696,762.97,10
2016-10-04 08:56:00,6.2029,733.2899999999998,123.94,12.719,13.301,13.285,3.7033,240.25,889.6799999999998,19.018,29.031,27.903,27.447,767.0,10
2016-10-04 08:57:00,6.2343,738.86,123.9,12.617,13.302,13.332,3.7871,236.08,893.95,18.969,28.783,27.654,27.067,770.89,10
2016-10-04 08:58:00,6.2849,742.08,123.93,12.681,13.3,13.393,3.7478,239.4,897.07,19.017,28.715,27.632,27.165,774.7899999999998,10
2016-10-04 08:59:00,6.3112,745.9199999999998,123.95,12.721,13.3,13.436,3.7883,238.36,902.96,19.007,28.721,27.59,27.108,778.4,10
2016-10-04 09:00:00,6.3267,749.2,123.97,12.56,13.298,13.496,3.8291,236.78,906.63,18.901,28.459,27.367,26.803,780.11,10
2016-10-04 09:01:00,6.3585,754.83,123.91,12.562,13.298,13.544,3.8252,238.21,911.19,18.917,28.626,27.809,27.054,784.72,10
2016-10-04 09:02:00,6.4006,756.02,123.95,12.658,13.298,13.593,3.8286,239.33,916.3,19.061,28.926,28.157,27.436,788.33,10
2016-10-04 09:03:00,6.4155,759.15,123.88,12.791,13.296,13.644,3.8644,237.58,918.1,19.23,29.486,28.824,28.307,792.12,10
2016-10-04 09:04:00,6.4481,761.9299999999998,123.9,12.835,13.296,13.694,3.8578,239.12,922.44,19.32,29.765,28.969,28.566,796.2899999999998,10
2016-10-04 09:05:00,6.4629,765.11,123.86,12.899,13.295,13.743,3.9497,234.14,924.71,19.504,30.322,29.74,29.336,800.0399999999998,10
2016-10-04 09:06:00,6.4731,765.89,123.89,12.903,13.294,13.789,4.0082,231.26,926.92,19.479,29.816,29.41,29.1,803.39,10
2016-10-04 09:07:00,6.5168,771.64,123.82,12.736,13.293,13.841,3.9469,236.45,933.1400000000002,19.364,30.081,29.506,28.893,807.09,10
2016-10-04 09:08:00,6.5458,774.0,123.86,12.738,13.29,13.89,3.9006,240.4,937.67,19.428,30.351,29.572,29.012,812.64,10
2016-10-04 09:09:00,6.5918,779.9099999999999,123.91,12.749,13.29,13.944,3.9706,237.79,944.09,19.3,29.947,29.078,28.705,816.4,10
2016-10-04 09:10:00,6.6159,784.9299999999998,123.95,12.777,13.29,13.987,4.072,233.33,950.0,19.156,29.536,28.548,27.983,818.9099999999999,10
2016-10-04 09:11:00,6.655,791.84,124.03,12.728,13.289,14.035,4.0563,236.21,958.1,19.097,29.368,28.587,27.92,823.0,10
2016-10-04 09:12:00,6.6705,791.6699999999998,124.02,12.815,13.287,14.09,4.0519,237.52,962.33,19.184,29.565,28.742,28.189,825.63,10
2016-10-04 09:13:00,6.7026,796.5499999999998,123.97,12.823,13.288,14.131,4.0773,236.4,963.79,19.288,29.677,28.633,28.154,829.36,10
2016-10-04 09:14:00,6.7541,800.46,123.94,12.683,13.288,14.184,4.1491,234.2,971.72,19.088,29.067,28.065,27.524,833.94,10
2016-10-04 09:15:00,6.7952,807.87,124.0,12.555,13.288,14.229,4.1295,237.01,978.74,18.939,29.007,28.206,27.568,837.75,10
2016-10-04 09:16:00,6.813,809.6599999999999,124.03,12.676,13.287,14.283,4.1284,237.06,978.58,19.092,29.605,28.698,27.953,841.2799999999999,10
2016-10-04 09:17:00,6.8332,812.4199999999998,124.03,12.792,13.288,14.322,4.2117,233.14,981.93,19.219,29.751,28.726,28.203,845.48,10
2016-10-04 09:18:00,6.8643,816.99,123.96,12.699,13.288,14.364,4.2307,233.42,987.52,19.026,29.266,28.412,27.925,849.9,10
2016-10-04 09:19:00,6.8976,822.34,124.0,12.601,13.287,14.414,4.234,234.79,994.09,18.959,29.183,28.532,27.921,853.5399999999998,10
2016-10-04 09:20:00,6.9287,822.27,124.01,12.534,13.286,14.452,4.2006,237.22,996.35,19.025,29.69,28.714,28.063,856.11,10
2016-10-04 09:21:00,6.9279,822.97,124.01,12.74,13.286,14.493,4.1722,241.43,1007.3,19.073,29.781,28.881,28.195,857.52,10
2016-10-04 09:22:00,6.9736,826.82,123.98,12.826,13.284,14.541,4.1927,240.36,1007.7,19.259,29.755,28.837,28.413,860.72,10
2016-10-04 09:23:00,7.0144,829.9099999999999,124.01,12.745,13.284,14.581,4.2243,240.31,1015.1,19.295,29.965,29.171,28.702,865.2799999999999,10
2016-10-04 09:24:00,7.0334,836.2799999999999,124.02,12.747,13.283,14.626,4.3056,236.68,1018.9,19.31,29.673,28.57,27.933,869.98,10
2016-10-04 09:25:00,7.0683,840.5,124.07,12.726,13.283,14.662,4.2868,239.33,1025.8,19.287,29.738,28.843,28.123,873.6599999999999,10
2016-10-04 09:26:00,7.0945,845.2,124.03,12.775,13.284,14.703,4.3058,237.54,1022.8,19.484,29.936,28.778,28.22,876.36,10
2016-10-04 09:27:00,7.1088,846.01,124.04,12.895,13.283,14.742,4.3067,239.04,1029.4,19.596,30.297,29.009,28.597,879.7799999999999,10
2016-10-04 09:28:00,7.1215,846.84,124.06,12.903,13.281,14.786,4.3136,237.64,1024.9,19.744,30.434,29.236,28.594,883.12,10
2016-10-04 09:29:00,7.1496,849.7799999999999,124.06,12.832,13.28,14.827,4.2933,238.98,1025.9,19.895,30.764,29.247,28.911,885.88,10
2016-10-04 09:30:00,7.1854,851.44,124.04,12.944,13.28,14.86,4.4235,233.53,1033.0,19.998,30.552,29.25,29.009,888.8099999999998,10
2016-10-04 09:31:00,7.2187,857.0299999999999,124.04,12.757,13.28,14.903,4.4308,235.43,1043.1,19.823,30.167,28.678,28.335,893.1699999999998,10
2016-10-04 09:32:00,7.2386,861.0599999999998,124.11,12.52,13.281,14.936,4.3787,237.74,1040.9,19.788,29.942,28.948,28.374,895.27,10
2016-10-04 09:33:00,7.274899999999999,864.5,124.08,12.449,13.281,14.983,4.4004,237.26,1044.0,19.722,29.965,28.914,28.256,896.38,10
2016-10-04 09:34:00,7.232999999999999,865.35,124.05,12.621,13.279,15.011,4.3531,240.8,1048.2,19.928,30.968,29.911,29.476,898.87,10
2016-10-04 09:35:00,7.2523,865.6799999999998,124.17,12.809,13.28,15.042,4.3141,243.73,1051.4,20.126,31.081,29.726,29.486,903.75,10
2016-10-04 09:36:00,7.2777,866.35,124.21,12.745,13.279,15.079,4.3375,243.34,1055.5,20.039,30.717,29.86,29.379,906.48,10
2016-10-04 09:37:00,7.327499999999999,870.1799999999998,124.17,12.684,13.277,15.113,4.3723,242.02,1058.1,20.079,30.816,29.905,29.363,910.59,10
2016-10-04 09:38:00,7.362,878.33,124.17,12.617,13.279,15.148,4.5081,235.9,1063.4,20.048,30.382,29.734,29.305,913.46,10
2016-10-04 09:39:00,7.3868,880.44,124.21,12.624,13.277,15.178,4.5492,233.97,1064.3,20.029,30.367,29.379,28.867,916.81,10
2016-10-04 09:40:00,7.4052,885.4299999999998,124.25,12.69,13.277,15.211,4.4859,238.81,1071.2,20.037,30.532,29.398,28.905,919.55,10
2016-10-04 09:41:00,7.4165,888.62,124.29,12.625,13.277,15.252,4.5044,239.38,1078.2,20.097,30.698,29.29,28.949,921.75,10
2016-10-04 09:42:00,7.4328,889.12,124.19,12.585,13.275,15.278,4.5609,236.97,1080.6,20.308,31.318,30.085,29.718,923.74,10
2016-10-04 09:43:00,7.4416,888.94,124.2,12.829,13.277,15.314,4.6356,232.47,1077.6,20.517,31.539,30.556,30.258,927.44,10
2016-10-04 09:44:00,7.462799999999999,890.87,124.18,12.988,13.272,15.351,4.5656,236.83,1081.2,20.697,31.973,30.972,30.732,929.69,10
2016-10-04 09:45:00,7.472699999999999,891.1599999999999,124.15,13.042,13.274,15.373,4.5494,238.52,1085.0,20.801,32.114,31.278,31.055,932.85,10
2016-10-04 09:46:00,7.4893,893.38,124.16,12.875,13.272,15.4,4.5885,236.48,1084.9,20.88,32.372,31.185,31.06,935.91,10
2016-10-04 09:47:00,7.5325,899.59,124.04,12.905,13.272,15.435,4.6002,237.38,1091.9,20.894,32.23,30.802,30.623,939.38,10
2016-10-04 09:48:00,7.559,901.93,123.96,12.965,13.271,15.465,4.6093,236.91,1092.0,20.95,32.186,31.151,30.775,941.87,10
2016-10-04 09:49:00,7.5681,905.93,124.1,12.898,13.271,15.497,4.6523,236.33,1099.4,20.89,31.915,30.572,30.441,944.41,10
2016-10-04 09:50:00,7.604199999999999,907.74,124.1,12.863,13.271,15.53,4.6508,236.96,1102.0,20.824,31.819,30.301,30.201,947.62,10
2016-10-04 09:51:00,7.6494,912.73,124.12,12.763,13.271,15.555,4.636,238.88,1107.4,20.717,31.486,29.698,29.524,949.53,10
2016-10-04 09:52:00,7.6714,916.6400000000002,124.09,12.665,13.269,15.581,4.7102,237.2,1117.2,20.506,31.026,29.401,28.988,952.1,10
2016-10-04 09:53:00,7.6959,918.43,124.08,12.621,13.269,15.617,4.6738,238.45,1114.4,20.515,31.068,29.665,29.405,955.06,10
2016-10-04 09:54:00,7.6956,922.41,124.13,12.714,13.269,15.641,4.7288,236.0,1115.8,20.601,31.443,29.987,29.72,957.96,10
2016-10-04 09:55:00,7.7119,921.21,124.16,12.924,13.269,15.675,4.6985,237.76,1117.1,20.822,32.211,31.062,30.654,960.66,10
2016-10-04 09:56:00,7.7069,921.79,124.14,13.086,13.268,15.697,4.6601,240.04,1118.4,20.992,32.234,30.818,30.91,962.99,10
2016-10-04 09:57:00,7.726499999999999,925.03,124.21,12.961,13.266,15.722,4.6813,239.21,1119.7,20.981,31.947,30.507,30.476,964.91,10
2016-10-04 09:58:00,7.7549,926.44,124.18,13.08,13.266,15.748,4.7252,237.83,1123.7,21.115,32.625,31.088,31.04,967.97,10
2016-10-04 09:59:00,7.7596,925.86,124.18,13.132,13.268,15.78,4.7341,237.23,1122.9,21.212,32.516,31.077,30.987,969.21,10
2016-10-04 10:00:00,7.7778,928.6,124.23,13.172,13.266,15.798,4.7577,237.96,1132.1,21.234,32.118,31.21,31.002,972.1400000000002,10
2016-10-04 10:01:00,7.8014,930.37,124.23,13.172,13.266,15.825,4.8023,235.62,1131.5,21.256,32.407,31.501,31.302,974.49,10
2016-10-04 10:02:00,7.7874,933.18,124.3,13.199,13.265,15.857,4.8414,234.14,1133.5,21.423,32.807,32.037,31.771,977.58,10
2016-10-04 10:03:00,7.8028,932.38,124.17,13.31,13.264,15.877,4.8513,233.52,1132.8,21.562,33.143,32.396,32.215,979.67,10
2016-10-04 10:04:00,7.8061,933.79,124.23,13.453,13.263,15.9,4.876,233.36,1137.8,21.708,33.646,32.822,32.741,982.21,10
2016-10-04 10:05:00,7.8224,933.61,124.11,13.519,13.262,15.924,4.8725,234.14,1140.8,21.74,33.582,32.986,32.745,984.1,10
2016-10-04 10:06:00,7.8464,933.34,124.13,13.58,13.261,15.956,4.8617,235.31,1144.0,21.846,33.836,33.53,33.073,986.17,10
2016-10-04 10:07:00,7.8422,937.16,124.11,13.588,13.26,15.983,4.8248,236.83,1142.5,21.921,33.907,33.32,33.042,988.55,10
2016-10-04 10:08:00,7.8535,935.95,124.1,13.53,13.261,16.0,4.8946,234.17,1146.1,21.999,34.532,33.902,33.572,990.63,10
2016-10-04 10:09:00,7.876699999999999,941.1400000000002,124.11,13.59,13.26,16.034,4.9122,231.86,1138.8,22.291,34.409,33.683,33.523,994.06,10
2016-10-04 10:10:00,7.899,944.12,124.09,13.496,13.26,16.056,4.8411,236.84,1146.4,22.183,34.489,33.614,33.372,997.09,10
2016-10-04 10:11:00,7.8951,943.88,124.17,13.485,13.261,16.083,4.8811,236.65,1155.1,22.285,35.03,34.416,34.245,999.46,10
2016-10-04 10:12:00,7.9034,943.18,124.17,13.536,13.257,16.103,4.8975,234.31,1147.5,22.427,35.034,34.445,34.241,1000.4,10
2016-10-04 10:13:00,7.919699999999998,947.49,124.13,13.604,13.257,16.137,4.9469,232.45,1149.8,22.502,35.311,34.307,34.16,1002.6,10
2016-10-04 10:14:00,7.935399999999999,948.83,124.06,13.663,13.256,16.158,4.9718,232.06,1153.6,22.61,35.101,34.221,33.951,1004.8,10
2016-10-04 10:15:00,7.9676,951.56,124.08,13.537,13.257,16.185,4.8829,236.88,1156.5,22.579,35.102,33.87,33.626,1006.4,10
2016-10-04 10:16:00,7.9808,951.77,124.11,13.593,13.255,16.217,4.9098,236.39,1160.6,22.687,35.132,33.694,33.342,1008.8,10
2016-10-04 10:17:00,8.0037,957.78,124.15,13.746,13.253,16.251,4.9484,235.35,1164.5,22.696,35.031,33.697,33.306,1011.2,10
2016-10-04 10:18:00,8.0128,958.97,124.19,13.894,13.255,16.275,5.0293,231.38,1163.6,22.786,35.203,33.639,33.393,1013.3,10
2016-10-04 10:19:00,8.0043,958.7,124.21,13.867,13.254,16.3,5.0812,228.94,1163.1,22.862,35.308,33.817,33.646,1014.7,10
2016-10-04 10:20:00,8.0114,960.09,124.29,13.761,13.252,16.332,5.0238,232.61,1168.5,22.942,35.491,34.516,34.38,1016.3,10
2016-10-04 10:21:00,8.0318,961.09,124.22,13.846,13.253,16.359,5.0741,231.34,1173.8,22.955,35.738,34.205,34.106,1019.1,10
2016-10-04 10:22:00,8.0423,962.09,124.26,13.858,13.25,16.391,5.1037,229.38,1170.6,23.074,35.981,34.456,34.328,1021.0,10
2016-10-04 10:23:00,8.0654,961.84,124.27,13.961,13.25,16.421,5.0798,230.91,1172.9,23.259,36.248,34.62,34.459,1022.9,10
2016-10-04 10:24:00,8.0723,964.45,124.26,13.984,13.251,16.442,5.0039,234.67,1174.1,23.305,36.449,34.925,34.854,1025.1,10
2016-10-04 10:25:00,8.0748,961.21,124.33,13.966,13.249,16.474,4.9824,236.15,1176.5,23.395,36.756,35.66,35.316,1027.1,10
2016-10-04 10:26:00,8.0618,961.57,124.38,14.066,13.248,16.505,4.9827,235.12,1171.4,23.653,36.913,35.551,35.316,1029.2,10
2016-10-04 10:27:00,8.0966,966.77,124.4,14.005,13.247,16.526,5.0765,231.99,1177.6,23.606,36.646,35.617,35.291,1031.0,10
2016-10-04 10:28:00,8.1087,969.85,124.36,14.062,13.247,16.562,5.0551,233.11,1178.4,23.665,37.173,35.803,35.478,1032.8,10
2016-10-04 10:29:00,8.0999,974.1,124.44,14.262,13.246,16.592,5.1242,229.94,1178.1,23.773,37.199,35.538,35.338,1034.2,10
2016-10-04 10:30:00,8.104,974.13,124.38,14.275,13.245,16.619,5.1728,228.51,1181.9,23.715,36.945,35.284,35.175,1036.2,10
2016-10-04 10:31:00,8.154999999999998,980.2,124.33,14.234,13.244,16.642,5.0472,234.63,1184.1,23.718,36.741,35.026,34.939,1038.1,10
2016-10-04 10:32:00,8.1566,980.17,124.38,14.268,13.243,16.674,5.0312,235.78,1186.2,23.838,36.716,34.895,34.941,1039.7,10
2016-10-04 10:33:00,8.182299999999998,982.06,124.29,14.393,13.242,16.716,5.0494,236.44,1193.7,23.906,36.783,35.197,35.211,1041.5,10
2016-10-04 10:34:00,8.1768,983.8900000000002,124.34,14.257,13.243,16.741,5.1909,228.6,1186.6,23.868,36.549,35.308,35.26,1043.1,10
2016-10-04 10:35:00,8.1941,982.92,124.33,14.227,13.239,16.777,5.1165,232.41,1189.1,23.92,36.871,35.506,35.452,1045.0,10
2016-10-04 10:36:00,8.2049,985.84,124.33,14.315,13.24,16.809,5.0893,235.05,1196.2,23.987,37.333,35.809,35.682,1047.1,10
2016-10-04 10:37:00,8.2065,983.84,124.36,14.467,13.241,16.832,5.1523,232.0,1195.3,24.147,37.36,35.843,35.716,1048.6,10
2016-10-04 10:38:00,8.2164,983.68,124.35,14.475,13.239,16.867,5.1279,234.76,1203.6,24.058,36.959,35.352,35.375,1049.9,10
2016-10-04 10:39:00,8.2421,986.99,124.35,14.415,13.238,16.89,5.128,233.22,1195.8,24.098,37.303,35.748,35.46,1052.0,10
2016-10-04 10:40:00,8.249,988.12,124.33,14.418,13.238,16.928,5.1608,232.76,1201.2,24.329,37.519,36.005,35.89,1053.0,10
2016-10-04 10:41:00,8.2476,985.87,124.39,14.488,13.238,16.951,5.244,230.85,1210.5,24.329,37.586,36.328,36.202,1053.8,10
2016-10-04 10:42:00,8.2429,989.6,124.44,14.654,13.237,16.978,5.2257,231.46,1209.4,24.53,38.058,36.437,36.415,1056.1,10
2016-10-04 10:43:00,8.2603,992.65,124.45,14.74,13.237,17.016,5.2421,230.14,1206.4,24.705,38.159,36.395,36.344,1058.5,10
2016-10-04 10:44:00,8.262,990.91,124.46,14.83,13.237,17.053,5.1778,232.53,1204.0,24.854,38.42,37.054,37.005,1059.8,10
2016-10-04 10:45:00,8.277699999999998,993.74,124.48,14.828,13.236,17.083,5.2295,231.33,1209.6,24.903,38.326,36.667,36.869,1060.7,10
2016-10-04 10:46:00,8.2659,990.98,124.47,14.888,13.236,17.116,5.1431,233.72,1202.0,25.158,38.795,37.367,37.54,1061.1,10
2016-10-04 10:47:00,8.245,989.66,124.53,15.051,13.235,17.151,5.165,232.66,1201.6,25.385,39.07,38.065,38.149,1061.8,10
2016-10-04 10:48:00,8.2309,989.46,124.46,15.13,13.235,17.178,5.2085,231.42,1205.1,25.502,39.766,38.639,38.685,1063.5,10
2016-10-04 10:49:00,8.2549,989.04,124.43,15.086,13.234,17.208,5.2692,228.68,1204.9,25.652,39.792,38.895,38.999,1065.7,10
2016-10-04 10:50:00,8.2455,989.28,124.52,15.1,13.231,17.251,5.212,231.81,1208.1,25.73,39.694,38.891,38.86,1067.8,10
2016-10-04 10:51:00,8.272299999999998,993.03,124.46,14.8,13.23,17.272,5.2263,232.41,1214.6,25.619,39.234,38.451,38.371,1069.4,10
2016-10-04 10:52:00,8.3001,995.4,124.45,14.442,13.231,17.312,5.2064,233.4,1215.1,25.438,38.857,38.266,37.961,1071.2,10
2016-10-04 10:53:00,8.3015,997.29,124.35,14.588,13.23,17.341,5.2504,231.04,1213.0,25.619,39.557,38.43,38.43,1071.8,10
2016-10-04 10:54:00,8.316599999999998,998.84,124.45,14.674,13.229,17.38,5.2927,230.02,1217.4,25.618,39.226,37.672,37.914,1073.0,10
2016-10-04 10:55:00,8.3155,1001.5,124.5,14.711,13.229,17.416,5.2752,231.25,1219.8,25.627,39.54,38.392,38.103,1073.6,10
2016-10-04 10:56:00,8.3136,998.5,124.44,14.719,13.226,17.446,5.2088,232.14,1209.1,25.765,39.933,38.775,38.789,1074.8,10
2016-10-04 10:57:00,8.3048,998.44,124.46,14.881,13.228,17.482,5.3364,226.15,1206.7,25.904,40.403,39.25,39.266,1075.5,10
2016-10-04 10:58:00,8.3086,994.55,124.46,15.07,13.222,17.52,5.3451,225.73,1206.5,25.976,40.589,39.508,39.39,1076.6,10
2016-10-04 10:59:00,8.3253,1000.2,124.38,14.953,13.225,17.552,5.2869,230.07,1216.3,25.809,40.124,38.666,38.479,1077.5,10
2016-10-04 11:00:00,8.3484,1001.4,124.5,14.759,13.224,17.587,5.3311,229.9,1225.5,25.695,39.81,38.217,38.241,1078.6,10
2016-10-04 11:01:00,8.3624,1005.6,124.42,14.691,13.221,17.617,5.276,231.93,1223.6,25.699,39.715,38.319,38.136,1079.1,10
2016-10-04 11:02:00,8.379699999999998,1006.8,124.43,14.808,13.222,17.657,5.2784,231.44,1221.6,25.761,39.665,37.85,37.854,1080.9,10
2016-10-04 11:03:00,8.3483,1002.7,124.54,14.789,13.222,17.7,5.1543,238.16,1227.4,25.715,39.706,37.93,37.898,1082.0,10
2016-10-04 11:04:00,8.400299999999998,1014.1,124.56,14.808,13.221,17.729,5.2836,232.55,1228.6,25.725,39.354,37.611,37.655,1083.4,10
2016-10-04 11:05:00,8.401899999999998,1011.7,124.58,14.701,13.22,17.765,5.2335,235.58,1232.9,25.587,39.183,37.782,37.53,1084.4,10
2016-10-04 11:06:00,8.428599999999998,1013.3,124.55,14.825,13.221,17.804,5.3167,232.11,1233.8,25.709,39.297,37.511,37.795,1085.4,10
2016-10-04 11:07:00,8.4365,1015.6,124.5,14.7,13.221,17.838,5.4082,228.11,1233.6,25.63,39.001,37.197,37.53,1085.8,10
2016-10-04 11:08:00,8.4337,1015.4,124.54,14.805,13.219,17.873,5.3553,229.74,1230.2,25.813,39.561,38.287,38.009,1086.2,10
2016-10-04 11:09:00,8.4136,1010.9,124.54,15.074,13.219,17.912,5.3601,229.69,1231.1,26.129,40.027,38.849,39.012,1086.7,10
2016-10-04 11:10:00,8.4146,1010.4,124.49,15.21,13.219,17.94,5.3253,231.63,1233.3,26.26,39.971,38.763,39.053,1088.6,10
2016-10-04 11:11:00,8.416299999999998,1011.9,124.46,15.129,13.218,17.973,5.3105,232.03,1232.2,26.247,39.964,39.2,39.066,1089.1,10
2016-10-04 11:12:00,8.4281,1013.3,124.56,15.106,13.219,18.005,5.3456,230.9,1234.3,26.32,40.198,38.768,38.978,1090.6,10
2016-10-04 11:13:00,8.447599999999998,1015.3,124.6,14.998,13.217,18.043,5.3938,228.88,1234.5,26.287,39.916,38.075,38.645,1091.4,10
2016-10-04 11:14:00,8.4473,1014.6,124.64,15.039,13.216,18.072,5.353,231.3,1238.0,26.377,39.838,38.496,38.86,1091.2,10
2016-10-04 11:15:00,8.4365,1015.2,124.74,15.198,13.215,18.101,5.4384,227.27,1235.8,26.495,40.076,38.776,38.803,1091.9,10
2016-10-04 11:16:00,8.4577,1017.3,124.76,15.127,13.213,18.132,5.4644,226.69,1238.7,26.439,39.587,37.675,38.16,1093.4,10
2016-10-04 11:17:00,8.499,1021.8,124.77,14.836,13.214,18.171,5.42,229.88,1245.9,26.234,39.025,36.932,37.302,1094.5,10
2016-10-04 11:18:00,8.5194,1025.1,124.67,14.677,13.216,18.196,5.4527,229.1,1249.1,26.167,38.872,37.193,37.402,1095.0,10
2016-10-04 11:19:00,8.4898,1020.8,124.7,14.9,13.214,18.235,5.4978,226.36,1244.4,26.341,39.553,38.13,38.171,1095.4,10
2016-10-04 11:20:00,8.4923,1019.8,124.72,15.252,13.214,18.26,5.424,229.09,1242.5,26.658,40.025,38.558,38.859,1097.7,10
2016-10-04 11:21:00,8.4738,1017.5,124.63,15.429,13.215,18.286,5.4346,227.99,1238.9,26.917,40.618,39.37,39.72,1097.7,10
2016-10-04 11:22:00,8.4669,1017.2,124.7,15.452,13.214,18.313,5.4082,229.95,1243.6,27.002,40.552,39.431,39.713,1099.1,10
2016-10-04 11:23:00,8.4592,1018.6,124.67,15.31,13.212,18.344,5.4506,227.4,1239.4,27.062,40.333,39.425,39.667,1099.9,10
2016-10-04 11:24:00,8.4716,1019.8,124.7,15.043,13.211,18.373,5.3783,231.33,1244.1,26.904,40.435,38.831,39.15,1100.2,10
2016-10-04 11:25:00,8.4886,1018.2,124.69,14.935,13.211,18.412,5.3183,233.82,1243.5,26.851,40.311,38.546,38.797,1100.1,10
2016-10-04 11:26:00,8.5076,1022.1,124.72,15.028,13.21,18.43,5.4574,228.58,1247.3,26.815,39.717,38.338,38.632,1101.0,10
2016-10-04 11:27:00,8.5431,1025.9,124.71,14.965,13.21,18.461,5.4053,232.62,1257.3,26.631,39.305,37.675,37.958,1103.0,10
2016-10-04 11:28:00,8.545099999999998,1027.7,124.73,14.846,13.212,18.477,5.4822,228.82,1254.4,26.574,39.179,37.581,37.827,1103.6,10
2016-10-04 11:29:00,8.574,1030.4,124.77,14.644,13.21,18.514,5.4468,230.63,1256.1,26.376,38.653,36.404,36.736,1103.6,10
2016-10-04 11:30:00,8.5814,1030.1,124.81,14.619,13.21,18.55,5.4687,229.42,1254.6,26.374,39.012,36.844,37.328,1103.5,10
2016-10-04 11:31:00,8.5644,1032.5,124.78,14.811,13.208,18.566,5.449,230.34,1255.1,26.496,39.387,37.3,37.564,1104.6,10
2016-10-04 11:32:00,8.552799999999998,1029.5,124.83,14.967,13.211,18.599,5.4546,231.45,1262.5,26.49,39.595,37.87,37.967,1105.3,10
2016-10-04 11:33:00,8.5523,1028.1,124.72,15.152,13.21,18.634,5.3905,231.85,1249.6,26.74,39.527,37.422,38.383,1105.2,10
2016-10-04 11:34:00,8.568799999999998,1030.4,124.76,15.066,13.208,18.65,5.4232,232.23,1259.3,26.566,39.033,37.475,37.808,1105.7,10
2016-10-04 11:35:00,8.5842,1031.0,124.73,14.871,13.208,18.672,5.4598,231.64,1264.5,26.38,39.085,37.473,37.934,1106.4,10
2016-10-04 11:36:00,8.5698,1031.8,124.7,15.015,13.209,18.697,5.486,228.99,1256.2,26.557,39.461,37.694,38.225,1106.8,10
2016-10-04 11:37:00,8.5509,1030.1,124.67,15.121,13.209,18.721,5.4881,228.94,1256.4,26.604,39.804,38.426,38.584,1107.2,10
2016-10-04 11:38:00,8.5715,1029.8,124.66,15.236,13.208,18.743,5.5296,226.33,1251.5,26.752,39.836,37.979,38.675,1108.4,10
2016-10-04 11:39:00,8.564299999999998,1029.5,124.73,15.069,13.207,18.75,5.4352,230.24,1251.4,26.691,39.898,38.628,38.846,1108.4,10
2016-10-04 11:40:00,8.5669,1030.7,124.68,15.098,13.209,18.785,5.4806,229.65,1258.5,26.712,39.899,38.434,38.888,1109.0,10
2016-10-04 11:41:00,8.5496,1028.1,124.84,15.25,13.209,18.809,5.5207,227.53,1256.1,26.785,40.236,38.891,39.064,1110.0,10
2016-10-04 11:42:00,8.5539,1029.8,124.79,15.351,13.208,18.822,5.4837,229.62,1259.1,26.812,39.885,38.688,39.128,1110.6,10
2016-10-04 11:43:00,8.568899999999998,1031.4,124.8,15.084,13.208,18.839,5.488,228.89,1256.0,26.645,39.156,38.331,38.436,1110.8,10
2016-10-04 11:44:00,8.5706,1031.7,124.8,15.003,13.207,18.863,5.4694,228.92,1252.0,26.604,39.602,38.722,38.895,1111.4,10
2016-10-04 11:45:00,8.546699999999998,1030.7,124.77,15.019,13.206,18.891,5.4197,232.07,1257.7,26.671,40.107,39.287,39.137,1111.5,10
2016-10-04 11:46:00,8.557,1030.6,124.72,15.097,13.205,18.913,5.4251,230.83,1252.2,26.732,40.571,39.307,39.438,1112.6,10
2016-10-04 11:47:00,8.5358,1028.4,124.77,15.223,13.204,18.935,5.4002,231.7,1251.1,26.709,40.21,39.477,39.509,1112.9,10
2016-10-04 11:48:00,8.5439,1026.7,124.72,14.844,13.205,18.948,5.495,229.22,1259.5,26.416,40.158,40.148,39.592,1113.0,10
2016-10-04 11:49:00,8.5295,1028.3,124.72,15.004,13.205,18.978,5.478,227.65,1247.0,26.769,41.149,40.403,40.297,1113.3,10
2016-10-04 11:50:00,8.521,1022.8,124.73,15.441,13.205,18.995,5.4644,227.88,1245.1,26.874,41.132,40.582,40.634,1113.9,10
2016-10-04 11:51:00,8.5167,1022.7,124.9,15.464,13.204,19.01,5.4636,230.24,1257.7,26.726,41.302,39.992,39.979,1113.9,10
2016-10-04 11:52:00,8.523099999999998,1025.3,124.76,15.449,13.203,19.032,5.4117,230.11,1245.2,26.884,41.589,40.526,40.159,1114.2,10
2016-10-04 11:53:00,8.5129,1026.3,124.85,15.494,13.204,19.048,5.4448,229.83,1251.3,27.022,41.644,40.731,40.571,1113.5,10
2016-10-04 11:54:00,8.4891,1022.6,124.85,15.47,13.202,19.071,5.482,226.8,1243.3,27.211,41.93,41.014,40.762,1112.9,10
2016-10-04 11:55:00,8.492599999999998,1021.1,124.93,15.666,13.203,19.097,5.4412,228.0,1240.5,27.259,41.611,40.821,40.632,1112.8,10
2016-10-04 11:56:00,8.4967,1022.2,124.82,15.771,13.2,19.108,5.4937,227.02,1247.1,27.215,41.437,41.036,40.881,1113.1,10
2016-10-04 11:57:00,8.490299999999998,1022.2,124.83,15.804,13.2,19.128,5.4505,229.44,1250.5,27.168,41.435,40.883,40.771,1113.3,10
2016-10-04 11:58:00,8.477299999999998,1022.7,124.92,15.634,13.2,19.155,5.4565,227.92,1243.6,27.197,41.089,40.813,40.932,1112.5,10
2016-10-04 11:59:00,8.4914,1021.9,124.86,15.34,13.199,19.177,5.4865,226.83,1244.5,27.009,40.909,40.666,40.352,1112.9,10
2016-10-04 12:00:00,8.4965,1023.2,124.8,15.151,13.199,19.195,5.4952,227.29,1249.0,26.951,41.304,41.183,40.622,1113.9,10
2016-10-04 12:01:00,8.489599999999998,1021.8,124.83,15.25,13.198,19.22,5.5138,225.51,1243.4,27.023,41.456,41.214,40.784,1114.1,10
2016-10-04 12:02:00,8.474199999999998,1021.5,124.84,15.442,13.197,19.234,5.4447,227.86,1240.6,27.086,41.684,41.163,40.839,1113.6,10
2016-10-04 12:03:00,8.4694,1019.1,124.78,15.632,13.197,19.259,5.5384,223.76,1239.2,27.13,41.545,41.248,41.21,1114.0,10
2016-10-04 12:04:00,8.4749,1020.6,124.89,15.826,13.196,19.275,5.5114,225.72,1243.9,27.229,41.801,40.721,41.046,1114.5,10
2016-10-04 12:05:00,8.486499999999998,1021.4,124.85,15.753,13.196,19.303,5.4677,227.59,1244.2,27.083,41.216,40.484,40.565,1113.8,10
2016-10-04 12:06:00,8.4985,1022.0,124.78,15.636,13.196,19.323,5.4587,229.49,1252.7,26.984,41.17,40.406,40.602,1112.5,10
2016-10-04 12:07:00,8.4676,1019.6,124.77,15.668,13.195,19.34,5.324,232.94,1240.1,27.212,41.506,40.891,40.87,1112.6,10
2016-10-04 12:08:00,8.452999999999998,1016.1,124.86,15.883,13.193,19.37,5.3881,230.35,1241.0,27.48,42.092,41.329,41.629,1112.8,10
2016-10-04 12:09:00,8.445999999999998,1015.8,124.8,15.821,13.193,19.392,5.509,225.39,1241.7,27.535,41.893,41.07,41.376,1112.6,10
2016-10-04 12:10:00,8.456799999999998,1015.3,124.76,15.634,13.194,19.41,5.4429,227.01,1235.5,27.512,42.077,41.08,41.347,1111.5,10
2016-10-04 12:11:00,8.4223,1014.4,124.75,15.522,13.19,19.428,5.3173,233.07,1239.3,27.432,42.025,41.362,41.576,1111.0,10
2016-10-04 12:12:00,8.403499999999998,1013.0,124.82,15.635,13.191,19.447,5.3416,231.05,1234.0,27.565,42.646,41.745,41.861,1110.1,10
2016-10-04 12:13:00,8.4024,1011.9,124.83,15.834,13.191,19.475,5.3571,230.07,1232.4,27.644,42.562,41.624,41.746,1110.2,10
2016-10-04 12:14:00,8.413399999999998,1012.9,124.86,15.685,13.19,19.493,5.4191,227.84,1234.5,27.433,42.196,41.696,41.762,1109.7,10
2016-10-04 12:15:00,8.395799999999998,1011.9,124.74,15.573,13.189,19.513,5.3969,228.2,1231.5,27.454,42.808,42.149,42.173,1108.3,10
2016-10-04 12:16:00,8.3894,1007.8,124.72,15.6,13.191,19.541,5.2982,231.93,1228.8,27.46,42.262,41.561,41.529,1108.8,10
2016-10-04 12:17:00,8.4081,1011.2,124.7,15.492,13.187,19.563,5.4525,226.05,1232.3,27.375,41.757,41.062,40.976,1107.8,10
2016-10-04 12:18:00,8.415,1009.6,124.72,15.263,13.188,19.583,5.5063,224.64,1236.9,27.168,41.846,41.163,41.115,1106.6,10
2016-10-04 12:19:00,8.3941,1010.4,124.95,15.53,13.19,19.607,5.4513,227.53,1240.2,27.282,41.936,40.97,40.877,1105.6,10
2016-10-04 12:20:00,8.3761,1012.2,125.09,15.702,13.189,19.627,5.3603,228.98,1227.3,27.447,42.204,41.104,41.094,1105.0,10
2016-10-04 12:21:00,8.3816,1012.1,125.07,15.947,13.189,19.647,5.3654,229.46,1231.1,27.481,42.043,40.971,40.853,1104.7,10
2016-10-04 12:22:00,8.383599999999998,1010.8,125.05,16.063,13.187,19.675,5.3914,228.1,1229.7,27.579,42.062,40.877,40.647,1103.5,10
2016-10-04 12:23:00,8.363699999999998,1009.7,125.09,16.056,13.189,19.701,5.3943,228.1,1230.4,27.649,42.139,41.476,41.585,1102.9,10
2016-10-04 12:24:00,8.3483,1005.7,125.05,16.005,13.187,19.715,5.4506,225.52,1229.1,27.71,42.472,41.919,41.736,1102.8,10
2016-10-04 12:25:00,8.359,1006.5,125.08,16.178,13.186,19.745,5.4049,226.27,1222.9,27.866,42.268,41.612,41.872,1103.0,10
2016-10-04 12:26:00,8.3728,1010.4,125.07,16.017,13.187,19.765,5.4272,226.82,1230.9,27.717,41.906,40.253,40.722,1103.9,10
2016-10-04 12:27:00,8.387399999999998,1010.1,124.97,15.889,13.184,19.791,5.4498,225.82,1230.6,27.726,42.013,40.835,40.971,1103.4,10
2016-10-04 12:28:00,8.3796,1009.9,125.04,16.019,13.185,19.801,5.37,229.36,1231.6,27.824,41.916,40.347,40.753,1102.7,10
2016-10-04 12:29:00,8.388199999999998,1012.0,125.04,15.813,13.184,19.825,5.4211,227.58,1233.7,27.657,41.011,39.666,39.809,1102.8,10
2016-10-04 12:30:00,8.410199999999998,1013.8,125.09,15.618,13.184,19.847,5.424,229.08,1242.5,27.369,40.594,39.211,39.229,1101.1,10
2016-10-04 12:31:00,8.4226,1012.5,125.03,15.448,13.184,19.872,5.3829,228.82,1231.6,27.246,40.497,39.21,39.364,1099.9,10
2016-10-04 12:32:00,8.3909,1013.4,125.04,15.504,13.182,19.888,5.3805,229.24,1233.4,27.28,40.584,39.924,39.764,1099.3,10
2016-10-04 12:33:00,8.3994,1013.1,125.07,15.607,13.186,19.906,5.392,229.75,1238.8,27.124,39.996,38.434,38.702,1098.8,10
2016-10-04 12:34:00,8.3986,1013.1,125.01,15.632,13.182,19.936,5.414,227.31,1230.6,27.085,39.857,38.92,38.999,1097.3,10
2016-10-04 12:35:00,8.3846,1012.3,125.09,15.52,13.182,19.95,5.4503,226.64,1235.2,26.857,39.186,38.341,38.427,1095.6,10
2016-10-04 12:36:00,8.403,1014.1,125.07,15.391,13.183,19.973,5.3363,231.46,1235.1,26.67,39.164,37.903,37.978,1094.4,10
2016-10-04 12:37:00,8.4047,1013.3,125.0,15.386,13.183,19.993,5.3113,232.72,1236.0,26.656,38.982,38.075,37.893,1094.0,10
2016-10-04 12:38:00,8.3741,1008.9,125.05,15.493,13.185,20.001,5.2733,233.44,1230.9,26.81,39.31,38.564,38.604,1092.4,10
2016-10-04 12:39:00,8.351499999999998,1007.0,125.07,15.424,13.184,20.019,5.2318,234.79,1228.3,26.676,39.107,38.614,38.626,1091.0,10
2016-10-04 12:40:00,8.363099999999998,1009.2,125.1,15.246,13.182,20.039,5.3054,231.81,1229.8,26.455,38.761,37.966,37.994,1089.7,10
2016-10-04 12:41:00,8.3658,1010.7,125.04,15.187,13.183,20.057,5.3376,230.23,1228.8,26.394,38.666,37.623,37.952,1089.0,10
2016-10-04 12:42:00,8.3749,1009.0,125.03,15.399,13.184,20.072,5.3356,229.98,1227.0,26.433,38.938,38.091,38.234,1088.9,10
2016-10-04 12:43:00,8.333299999999998,1006.5,124.95,15.685,13.181,20.09,5.3354,229.35,1223.6,26.649,39.651,38.816,39.175,1087.1,10
2016-10-04 12:44:00,8.3338,1000.4,124.91,15.818,13.182,20.092,5.3235,229.5,1221.7,26.663,39.586,38.105,38.616,1086.0,10
2016-10-04 12:45:00,8.3404,1004.0,124.97,15.566,13.182,20.108,5.2648,231.91,1220.9,26.425,38.729,37.449,37.965,1083.9,10
2016-10-04 12:46:00,8.3316,1002.4,124.92,15.419,13.183,20.126,5.2246,234.02,1222.6,26.412,38.935,37.658,38.047,1083.1,10
2016-10-04 12:47:00,8.314,1004.1,124.87,15.394,13.182,20.141,5.2398,233.5,1223.5,26.489,39.058,37.97,38.339,1082.2,10
2016-10-04 12:48:00,8.3247,1003.5,124.88,15.388,13.182,20.147,5.2316,234.69,1227.8,26.378,38.736,37.23,37.676,1081.6,10
2016-10-04 12:49:00,8.3008,999.16,124.97,15.232,13.182,20.163,5.2312,232.74,1217.4,26.511,39.075,38.053,38.523,1080.2,10
2016-10-04 12:50:00,8.275399999999998,996.99,124.92,15.031,13.182,20.187,5.2288,232.41,1215.2,26.523,39.399,38.893,39.146,1079.2,10
2016-10-04 12:51:00,8.2545,993.56,124.93,15.148,13.183,20.189,5.2168,232.82,1214.5,26.62,40.001,39.15,39.325,1078.0,10
2016-10-04 12:52:00,8.2597,990.72,124.87,15.41,13.183,20.189,5.2003,231.79,1205.4,26.718,40.29,39.465,39.857,1076.4,10
2016-10-04 12:53:00,8.2589,987.12,124.89,15.657,13.183,20.187,5.2215,231.71,1209.8,26.801,40.083,38.79,39.491,1075.7,10
2016-10-04 12:54:00,8.2336,990.06,124.87,15.725,13.182,20.195,5.1901,232.32,1205.7,26.799,39.713,38.926,39.302,1074.6,10
2016-10-04 12:55:00,8.2209,990.47,124.89,15.613,13.181,20.212,5.2206,230.15,1201.4,26.676,39.234,38.883,39.191,1073.3,10
2016-10-04 12:56:00,8.1986,991.36,124.87,15.47,13.183,20.214,5.3122,226.26,1201.9,26.441,39.176,38.409,38.601,1071.4,10
2016-10-04 12:57:00,8.2057,988.03,124.83,15.501,13.181,20.214,5.3111,226.15,1201.0,26.393,38.856,38.37,38.621,1069.7,10
2016-10-04 12:58:00,8.1936,988.66,124.81,15.617,13.181,20.232,5.2829,226.58,1196.9,26.451,39.143,38.779,39.053,1067.9,10
2016-10-04 12:59:00,8.1768,983.23,124.8,15.767,13.182,20.238,5.25,227.47,1194.1,26.488,39.442,39.004,39.296,1067.3,10
2016-10-04 13:00:00,8.1658,980.78,124.82,15.732,13.181,20.238,5.1766,231.25,1197.0,26.479,39.796,39.302,39.412,1065.5,10
2016-10-04 13:01:00,8.1429,978.28,124.87,15.817,13.181,20.248,5.1839,229.98,1192.0,26.522,39.724,39.099,39.267,1064.6,10
2016-10-04 13:02:00,8.1583,977.46,124.81,15.758,13.18,20.26,5.1709,230.5,1191.8,26.506,39.23,38.686,38.924,1062.5,10
2016-10-04 13:03:00,8.156399999999998,978.41,124.74,15.589,13.179,20.263,5.2604,227.37,1196.0,26.295,38.814,38.293,38.261,1061.3,10
2016-10-04 13:04:00,8.1539,979.8900000000002,124.77,15.568,13.181,20.263,5.2126,229.48,1196.1,26.273,38.569,38.118,38.284,1060.6,10
2016-10-04 13:05:00,8.1302,978.75,124.77,15.498,13.181,20.262,5.2681,225.63,1188.6,26.209,38.541,37.78,38.091,1059.2,10
2016-10-04 13:06:00,8.1391,976.84,124.76,15.369,13.18,20.271,5.2446,226.57,1188.2,26.169,38.073,37.817,38.127,1056.8,10
2016-10-04 13:07:00,8.119799999999998,974.6,124.8,15.244,13.178,20.287,5.2266,227.02,1186.4,26.173,38.166,37.859,38.259,1054.9,10
2016-10-04 13:08:00,8.1225,973.6,124.79,15.268,13.18,20.287,5.1855,229.09,1187.8,26.097,38.399,37.86,37.985,1053.0,10
2016-10-04 13:09:00,8.1052,970.96,124.82,15.415,13.18,20.287,5.1769,229.68,1189.0,26.156,38.465,38.001,38.328,1052.4,10
2016-10-04 13:10:00,8.0942,969.28,124.76,15.393,13.181,20.287,5.189,228.48,1185.6,26.239,38.412,38.245,38.467,1051.7,10
2016-10-04 13:11:00,8.0804,970.96,124.72,15.494,13.177,20.287,5.1722,228.06,1179.5,26.421,38.925,38.779,38.82,1051.1,10
2016-10-04 13:12:00,8.0561,968.16,124.72,15.578,13.178,20.295,5.1148,230.06,1176.6,26.461,38.913,38.836,38.995,1048.9,10
2016-10-04 13:13:00,8.020099999999998,964.93,124.69,15.634,13.179,20.309,5.2192,224.59,1172.1,26.509,39.296,38.829,38.956,1047.9,10
2016-10-04 13:14:00,8.0465,964.06,124.75,15.57,13.178,20.311,5.1327,228.77,1174.1,26.494,38.775,38.051,38.33,1046.7,10
2016-10-04 13:15:00,8.0302,959.32,124.82,15.508,13.178,20.309,5.1419,228.46,1174.7,26.437,38.764,38.298,38.369,1043.0,10
2016-10-04 13:16:00,8.049799999999998,961.67,124.75,15.539,13.179,20.313,5.1276,229.5,1176.7,26.285,38.128,37.658,37.918,1042.7,10
2016-10-04 13:17:00,8.0473,962.5100000000001,124.74,15.521,13.179,20.324,5.0978,229.56,1170.2,26.251,37.956,37.706,37.863,1041.5,10
2016-10-04 13:18:00,8.0256,961.59,124.68,15.38,13.178,20.334,5.0777,231.28,1174.3,26.17,37.496,37.383,37.375,1038.5,10
2016-10-04 13:19:00,7.997499999999999,958.96,124.69,15.184,13.179,20.336,5.132,227.97,1169.8,26.037,37.647,37.288,37.304,1036.1,10
2016-10-04 13:20:00,7.9705,957.16,124.69,15.41,13.177,20.336,5.0923,229.45,1168.4,26.203,37.934,37.621,37.651,1033.3,10
2016-10-04 13:21:00,7.9616,956.54,124.72,15.352,13.181,20.336,5.0386,231.41,1165.9,26.182,37.672,37.233,37.241,1031.5,10
2016-10-04 13:22:00,7.9286,950.68,124.79,15.401,13.179,20.332,5.0191,231.19,1160.3,26.165,37.728,37.58,37.657,1027.3,10
2016-10-04 13:23:00,7.898799999999999,948.45,124.81,15.463,13.179,20.336,5.0414,229.43,1156.6,26.068,37.541,37.389,37.404,1024.9,10
2016-10-04 13:24:00,7.888899999999999,948.05,124.85,15.468,13.179,20.336,4.9984,230.65,1152.9,26.03,37.878,37.88,37.942,1023.3,10
2016-10-04 13:25:00,7.8545,942.16,124.86,15.557,13.178,20.336,4.9878,231.36,1153.8,26.074,37.942,37.857,38.185,1021.4,10
2016-10-04 13:26:00,7.8429,942.82,124.85,15.46,13.179,20.334,4.9812,230.26,1146.9,26.041,38.068,38.001,38.189,1019.9,10
2016-10-04 13:27:00,7.811,939.2600000000001,124.79,15.412,13.179,20.336,4.9551,230.38,1141.5,26.076,38.72,38.686,38.65,1016.6,10
2016-10-04 13:28:00,7.7636,932.04,124.83,15.681,13.177,20.336,4.9484,228.45,1130.4,26.423,39.088,38.96,39.469,1012.8,10
2016-10-04 13:29:00,7.759699999999999,931.27,124.85,15.875,13.177,20.336,4.9162,232.34,1142.2,26.229,38.37,38.319,38.757,1012.2,10
2016-10-04 13:30:00,7.7732,931.84,124.84,15.573,13.177,20.334,4.9356,231.79,1143.9,25.924,37.917,37.661,38.15,1010.8,10
2016-10-04 13:31:00,7.768,934.83,124.79,15.319,13.177,20.34,4.9336,231.3,1141.1,25.778,37.658,37.521,37.656,1007.9,10
2016-10-04 13:32:00,7.7413,930.95,124.76,15.566,13.178,20.34,4.9177,229.94,1130.7,26.056,38.111,37.646,38.097,1004.3,10
2016-10-04 13:33:00,7.7297,927.75,124.74,15.612,13.177,20.36,4.8365,232.43,1124.0,26.092,37.822,37.415,37.78,1001.7,10
2016-10-04 13:34:00,7.7129,924.56,124.72,15.59,13.176,20.358,4.8303,232.41,1122.5,26.056,37.445,37.535,37.925,998.82,10
2016-10-04 13:35:00,7.6936,921.71,124.64,15.494,13.177,20.36,4.7983,233.82,1121.9,25.876,37.448,37.663,37.871,996.06,10
2016-10-04 13:36:00,7.663,917.07,124.62,15.402,13.178,20.358,4.8137,232.59,1119.5,25.693,37.156,37.404,37.703,991.15,10
2016-10-04 13:37:00,7.6534,916.6400000000002,124.64,15.591,13.176,20.36,4.8281,230.98,1115.1,25.717,37.361,37.301,37.562,989.85,10
2016-10-04 13:38:00,7.6462,918.12,124.68,15.589,13.177,20.36,4.8172,231.37,1114.5,25.585,37.17,37.088,37.022,988.16,10
2016-10-04 13:39:00,7.634699999999999,915.78,124.68,15.679,13.176,20.36,4.8488,229.44,1112.5,25.588,37.041,36.963,37.166,985.97,10
2016-10-04 13:40:00,7.6165,912.16,124.77,15.64,13.178,20.36,4.7589,234.28,1114.9,25.58,36.958,37.089,37.093,983.67,10
2016-10-04 13:41:00,7.5663,908.67,124.67,15.68,13.178,20.358,4.6748,236.42,1105.1,25.75,37.37,37.018,37.084,980.11,10
2016-10-04 13:42:00,7.550099999999999,904.68,124.73,15.834,13.177,20.36,4.6666,236.17,1102.0,25.83,37.459,37.151,37.211,976.62,10
2016-10-04 13:43:00,7.5209,903.05,124.67,15.78,13.177,20.36,4.757,231.07,1099.2,25.84,37.193,36.942,37.109,972.06,10
2016-10-04 13:44:00,7.5126,900.8900000000002,124.65,15.639,13.176,20.358,4.745,230.75,1094.8,25.836,37.239,36.856,37.246,970.21,10
2016-10-04 13:45:00,7.4953,897.61,124.55,15.645,13.176,20.358,4.6624,234.56,1093.5,25.867,37.028,36.49,36.69,967.71,10
2016-10-04 13:46:00,7.480699999999999,895.9199999999998,124.63,15.526,13.177,20.36,4.6311,234.94,1088.0,25.832,36.92,36.382,36.582,963.85,10
2016-10-04 13:47:00,7.500499999999999,894.4299999999998,124.57,15.429,13.177,20.36,4.6821,233.28,1092.2,25.663,36.497,35.7,35.905,962.11,10
2016-10-04 13:48:00,7.4658,893.47,124.6,15.225,13.177,20.36,4.6692,232.95,1087.7,25.509,36.545,36.252,36.267,958.9,10
2016-10-04 13:49:00,7.422799999999999,890.5599999999998,124.59,15.142,13.178,20.36,4.631,233.26,1080.1,25.572,36.797,36.762,36.93,957.03,10
2016-10-04 13:50:00,7.404899999999999,885.5,124.53,15.27,13.177,20.358,4.6631,231.53,1079.5,25.577,37.045,37.363,37.519,955.43,10
2016-10-04 13:51:00,7.371299999999998,882.26,124.58,15.388,13.177,20.36,4.5919,233.59,1072.5,25.477,36.691,37.013,37.414,952.12,10
2016-10-04 13:52:00,7.3526,880.23,124.54,15.26,13.177,20.36,4.5608,234.92,1071.3,25.268,36.331,36.75,36.754,949.25,10
2016-10-04 13:53:00,7.3361,876.5599999999998,124.57,15.277,13.177,20.36,4.5469,234.39,1065.7,25.296,36.798,36.771,36.893,946.7,10
2016-10-04 13:54:00,7.3193,875.14,124.58,15.211,13.176,20.36,4.6496,229.5,1067.1,25.314,36.448,36.768,37.02,945.58,10
2016-10-04 13:55:00,7.292,871.07,124.59,15.154,13.175,20.358,4.6304,229.32,1061.8,25.346,37.149,36.861,37.033,942.49,10
2016-10-04 13:56:00,7.2504,866.26,124.61,15.342,13.176,20.358,4.6706,225.38,1052.6,25.279,36.532,36.594,36.707,939.21,10
2016-10-04 13:57:00,7.2575,869.11,124.6,15.155,13.175,20.36,4.5747,230.59,1054.8,25.061,36.183,36.231,36.127,935.3900000000002,10
2016-10-04 13:58:00,7.2344,865.76,124.65,15.079,13.178,20.35,4.55,231.79,1054.6,24.923,36.133,36.03,35.827,931.45,10
2016-10-04 13:59:00,7.224199999999998,865.96,124.68,15.259,13.177,20.338,4.5107,232.89,1050.4,24.943,36.148,35.718,35.664,929.1,10
2016-10-04 14:00:00,7.2085,859.32,124.65,15.477,13.177,20.332,4.5259,230.74,1044.3,25.088,36.272,36.119,36.062,926.21,10
2016-10-04 14:01:00,7.1821,856.38,124.61,15.568,13.177,20.336,4.5813,229.17,1049.8,24.963,35.699,35.387,35.576,923.3900000000002,10
2016-10-04 14:02:00,7.1881,858.33,124.51,15.481,13.177,20.336,4.4499,233.97,1041.1,24.964,35.713,35.254,35.362,918.65,10
2016-10-04 14:03:00,7.1468,852.0499999999998,124.54,15.558,13.178,20.336,4.4201,234.88,1038.2,25.143,36.178,35.808,36.02,916.18,10
2016-10-04 14:04:00,7.1063,849.14,124.53,15.612,13.177,20.334,4.4148,234.09,1033.4,25.236,36.322,36.12,36.49,913.7600000000001,10
2016-10-04 14:05:00,7.0964,845.72,124.55,15.462,13.178,20.336,4.4559,231.41,1031.1,25.19,35.906,35.22,35.657,909.2,10
2016-10-04 14:06:00,7.0606,843.7899999999998,124.48,15.427,13.177,20.334,4.3885,233.77,1025.9,25.084,35.961,35.655,35.874,905.28,10
2016-10-04 14:07:00,7.0402,840.52,124.55,15.547,13.178,20.336,4.3821,233.13,1021.6,25.217,36.238,35.918,36.337,902.58,10
2016-10-04 14:08:00,7.022,838.7799999999999,124.59,15.672,13.179,20.336,4.3839,232.7,1020.0,25.277,36.03,35.569,35.933,901.3,10
2016-10-04 14:09:00,6.9983,835.97,124.64,15.655,13.176,20.332,4.3536,232.95,1014.1,25.282,36.127,35.798,35.873,898.49,10
2016-10-04 14:10:00,6.9639,831.44,124.62,15.655,13.178,20.32,4.299,235.31,1011.6,25.295,36.345,36.12,36.464,895.26,10
2016-10-04 14:11:00,6.938,829.21,124.59,15.6,13.178,20.315,4.3064,233.37,1005.0,25.215,36.321,36.276,36.649,892.1799999999998,10
2016-10-04 14:12:00,6.8912,828.35,124.65,15.584,13.179,20.318,4.3128,232.53,1002.8,25.181,36.455,36.321,36.653,889.39,10
2016-10-04 14:13:00,6.8942,820.97,124.65,15.478,13.177,20.311,4.2849,233.48,1000.4,25.164,36.45,36.389,36.568,886.47,10
2016-10-04 14:14:00,6.8664,819.4099999999999,124.59,15.32,13.178,20.309,4.3203,230.38,995.29,25.147,36.406,36.339,36.641,883.9,10
2016-10-04 14:15:00,6.8284,811.22,124.54,15.311,13.178,20.307,4.3331,228.23,988.9,25.142,36.519,36.775,37.129,879.48,10
2016-10-04 14:16:00,6.778,807.75,124.55,15.431,13.178,20.305,4.2615,230.25,981.17,25.281,36.851,37.077,37.4,873.7999999999998,10
2016-10-04 14:17:00,6.7488,803.48,124.5,15.457,13.178,20.291,4.2706,229.06,978.19,25.288,36.905,37.214,37.699,870.51,10
2016-10-04 14:18:00,6.7165,801.0299999999999,124.53,15.426,13.176,20.287,4.2809,226.66,970.25,25.263,36.878,37.17,37.429,868.9099999999999,10
2016-10-04 14:19:00,6.7074,799.0499999999998,124.56,15.473,13.177,20.285,4.2471,228.28,969.5,25.224,36.744,37.235,37.501,866.48,10
2016-10-04 14:20:00,6.7003,797.5299999999999,124.44,15.386,13.178,20.285,4.1948,230.91,968.6,25.095,36.367,36.906,37.13,864.08,10
2016-10-04 14:21:00,6.673,793.2899999999998,124.44,15.365,13.178,20.287,4.1646,232.67,968.98,24.882,36.091,36.618,37.043,860.71,10
2016-10-04 14:22:00,6.6455,790.87,124.4,15.392,13.177,20.287,4.1661,230.6,960.63,24.884,36.697,37.049,37.434,857.73,10
2016-10-04 14:23:00,6.6207,789.5299999999999,124.4,15.136,13.177,20.287,4.1416,230.99,956.6400000000002,24.65,35.709,36.3,36.518,854.22,10
2016-10-04 14:24:00,6.5884,784.46,124.42,15.019,13.176,20.287,4.1288,230.31,950.82,24.488,36.224,36.652,36.98,849.94,10
2016-10-04 14:25:00,6.546,779.6799999999998,124.4,15.308,13.176,20.287,4.1129,230.33,947.23,24.598,36.854,37.15,37.459,846.6799999999998,10
2016-10-04 14:26:00,6.5259,775.7799999999999,124.36,15.457,13.175,20.287,4.0152,234.69,942.23,24.607,36.429,36.706,37.116,844.26,10
2016-10-04 14:27:00,6.5069,773.7999999999998,124.37,15.294,13.172,20.287,4.0208,233.63,939.36,24.486,36.181,36.715,37.135,839.98,10
2016-10-04 14:28:00,6.4835,773.7999999999998,124.46,15.18,13.176,20.287,4.0744,229.52,935.16,24.433,36.464,36.729,36.933,837.5,10
2016-10-04 14:29:00,6.4433,769.5299999999999,124.44,15.25,13.175,20.287,4.0905,227.47,930.4,24.352,36.159,36.362,36.621,834.33,10
2016-10-04 14:30:00,6.4603,764.12,124.4,14.976,13.175,20.287,4.0742,228.58,931.23,23.952,34.787,35.198,35.121,830.88,10
2016-10-04 14:31:00,6.4512,766.07,124.38,14.732,13.175,20.287,4.0287,230.26,927.62,23.562,34.967,35.281,34.891,828.62,10
2016-10-04 14:32:00,6.4028,760.94,124.33,14.95,13.176,20.285,4.059,226.64,919.91,23.72,35.774,35.748,35.393,825.22,10
2016-10-04 14:33:00,6.3736,756.47,124.4,15.331,13.176,20.285,3.9836,230.95,919.96,23.814,36.1,35.845,35.547,820.37,10
2016-10-04 14:34:00,6.3187,751.45,124.53,15.567,13.176,20.275,3.9193,232.58,911.5,23.994,36.155,36.146,36.033,814.82,10
2016-10-04 14:35:00,6.292,746.99,124.39,15.703,13.176,20.273,3.8685,235.55,911.13,24.039,36.376,36.213,36.077,811.4299999999998,10
2016-10-04 14:36:00,6.2565,743.27,124.39,15.762,13.177,20.267,3.8953,231.61,902.15,24.187,36.555,36.481,36.583,807.01,10
2016-10-04 14:37:00,6.2383,738.35,124.35,15.949,13.176,20.262,3.8632,231.54,894.45,24.287,36.41,36.116,36.28,803.09,10
2016-10-04 14:38:00,6.2058,734.7799999999999,124.39,15.973,13.175,20.262,3.8889,230.86,897.72,24.157,36.091,35.999,36.128,799.37,10
2016-10-04 14:39:00,6.1807,730.86,124.4,15.845,13.176,20.262,3.8811,229.1,889.1,24.054,35.777,35.867,36.032,795.48,10
2016-10-04 14:40:00,6.1485,729.82,124.31,15.636,13.175,20.262,3.8661,228.1,881.85,24.02,35.503,35.72,35.67,791.01,10
2016-10-04 14:41:00,6.1243,724.62,124.34,15.601,13.174,20.262,3.795,231.08,876.82,24.035,35.347,36.013,35.89,787.5,10
2016-10-04 14:42:00,6.0785,718.49,124.3,15.613,13.174,20.262,3.7195,234.24,871.27,23.958,35.682,35.989,35.804,782.0399999999998,10
2016-10-04 14:43:00,6.0383,714.2,124.28,15.595,13.176,20.26,3.6806,235.33,866.15,23.905,35.707,36.061,35.935,777.2999999999998,10
2016-10-04 14:44:00,6.0066,711.63,124.32,15.677,13.177,20.26,3.6397,237.68,865.0499999999998,23.8,35.517,35.872,35.727,774.15,10
2016-10-04 14:45:00,5.9934,708.79,124.3,15.911,13.174,20.262,3.6563,235.39,860.62,23.847,35.58,35.745,35.76,770.23,10
2016-10-04 14:46:00,5.9543,707.87,124.31,16.08,13.176,20.262,3.6711,233.09,855.61,23.958,35.626,36.285,36.431,767.38,10
2016-10-04 14:47:00,5.929,701.78,124.3,16.106,13.175,20.262,3.6517,233.01,850.8099999999998,24.032,35.592,36.287,36.391,765.15,10
2016-10-04 14:48:00,5.9044,697.78,124.29,16.088,13.175,20.26,3.6559,230.98,844.38,24.169,36.111,36.46,36.862,761.4,10
2016-10-04 14:49:00,5.8507,692.55,124.33,16.203,13.176,20.262,3.6519,230.82,842.89,24.259,35.979,36.538,37.009,756.37,10
2016-10-04 14:50:00,5.8375,689.04,124.22,16.228,13.176,20.262,3.6472,229.11,835.59,24.394,36.006,36.78,37.113,753.2,10
2016-10-04 14:51:00,5.8177,684.12,124.26,15.654,13.175,20.262,3.5644,233.67,832.8099999999998,24.169,35.054,35.715,36.049,749.5299999999999,10
2016-10-04 14:52:00,5.7876,682.76,124.25,15.244,13.174,20.262,3.5783,231.37,827.8099999999998,23.936,34.748,35.389,35.403,745.19,10
2016-10-04 14:53:00,5.7587,681.65,124.19,15.405,13.174,20.262,3.5054,235.96,827.0,23.806,34.339,35.025,34.868,741.7899999999998,10
2016-10-04 14:54:00,5.7298,676.72,124.24,15.48,13.174,20.258,3.4524,237.38,819.44,23.729,34.269,34.935,34.66,737.98,10
2016-10-04 14:55:00,5.7124,673.18,124.35,15.405,13.176,20.262,3.4888,234.22,817.1,23.654,34.329,34.901,34.602,734.0599999999998,10
2016-10-04 14:56:00,5.6708,667.9,124.34,15.506,13.174,20.265,3.4328,236.07,810.37,23.739,34.608,35.297,35.09,730.0299999999999,10
2016-10-04 14:57:00,5.637,663.62,124.37,15.723,13.174,20.277,3.4555,231.76,800.8099999999998,23.917,34.851,35.216,35.1,725.12,10
2016-10-04 14:58:00,5.6113,661.73,124.24,15.796,13.175,20.273,3.4047,236.29,804.4299999999998,23.777,34.247,34.53,34.625,721.85,10
2016-10-04 14:59:00,5.5954,659.35,124.22,15.74,13.175,20.287,3.4228,233.01,797.52,23.712,34.099,34.381,34.317,718.1,10
2016-10-04 15:00:00,5.5648,654.97,124.24,15.74,13.175,20.285,3.4374,230.91,793.72,23.723,33.746,34.509,34.489,713.66,10
2016-10-04 15:01:00,5.5259,650.15,124.21,15.524,13.174,20.287,3.4548,227.47,785.85,23.609,33.497,34.193,34.054,709.8,10
2016-10-04 15:02:00,5.5028,644.94,124.24,15.419,13.175,20.287,3.4191,228.14,779.99,23.655,34.133,34.359,34.406,706.16,10
2016-10-04 15:03:00,5.4854,643.85,124.17,15.515,13.176,20.287,3.3623,230.93,776.4,23.607,33.726,33.908,33.819,703.23,10
2016-10-04 15:04:00,5.4397,638.46,124.18,15.607,13.176,20.287,3.4087,225.71,769.38,23.567,33.507,33.93,33.919,698.84,10
2016-10-04 15:05:00,5.4237,634.03,124.26,15.566,13.177,20.287,3.323,230.44,765.72,23.438,33.255,34.022,33.777,693.87,10
2016-10-04 15:06:00,5.3827,631.54,124.17,15.357,13.177,20.283,3.268,234.79,767.25,23.257,32.987,33.785,33.582,690.01,10
2016-10-04 15:07:00,5.3554,627.19,124.17,15.279,13.177,20.285,3.2607,233.97,762.88,23.269,33.185,33.684,33.353,685.97,10
2016-10-04 15:08:00,5.3306,624.51,124.12,15.277,13.177,20.269,3.2799,231.18,758.23,23.261,33.245,33.712,33.328,682.46,10
2016-10-04 15:09:00,5.2976,621.82,124.1,15.484,13.177,20.267,3.1938,235.2,751.1699999999998,23.265,33.143,33.531,33.261,679.04,10
2016-10-04 15:10:00,5.2728,617.71,124.14,15.521,13.178,20.262,3.2119,232.74,747.45,23.149,32.672,33.113,32.808,675.29,10
2016-10-04 15:11:00,5.2477,614.12,124.14,15.464,13.179,20.262,3.1869,234.79,748.23,22.978,32.567,32.963,32.577,670.62,10
2016-10-04 15:12:00,5.2116,610.1,124.13,15.422,13.178,20.26,3.2032,230.49,738.26,22.969,32.641,32.971,32.484,665.88,10
2016-10-04 15:13:00,5.1753,604.57,124.17,15.308,13.179,20.262,3.199,229.54,734.24,22.96,32.66,32.791,32.444,661.51,10
2016-10-04 15:14:00,5.1494,600.21,124.17,15.308,13.178,20.262,3.1266,233.51,730.07,22.958,32.565,32.595,32.182,656.27,10
2016-10-04 15:15:00,5.0923,596.47,124.11,15.202,13.178,20.26,3.1511,228.75,720.7799999999999,22.977,32.374,32.632,32.271,651.0,10
2016-10-04 15:16:00,5.0596,587.53,124.13,15.237,13.179,20.262,3.1379,227.92,715.14,23.086,32.589,32.758,32.583,645.75,10
2016-10-04 15:17:00,5.0158,585.87,124.18,15.302,13.181,20.258,3.1116,229.02,712.56,23.015,32.333,32.421,32.282,641.03,10
2016-10-04 15:18:00,4.9849,581.43,124.12,15.319,13.181,20.236,3.0245,232.66,703.61,23.002,32.324,32.505,32.219,636.56,10
2016-10-04 15:19:00,4.9392,576.88,124.05,15.289,13.181,20.236,2.9146,238.54,695.24,23.019,32.204,32.592,32.411,632.82,10
2016-10-04 15:20:00,4.9312,575.07,123.95,15.1,13.181,20.238,2.955,234.83,693.9,22.941,32.146,32.614,32.313,628.58,10
2016-10-04 15:21:00,4.8863,568.46,124.02,14.982,13.181,20.228,2.9484,233.62,688.76,22.928,32.48,32.948,32.731,624.38,10
2016-10-04 15:22:00,4.848,563.2,124.0,14.991,13.18,20.214,2.9349,232.35,681.92,22.98,32.728,32.821,32.805,619.55,10
2016-10-04 15:23:00,4.8213,559.76,124.0,15.191,13.181,20.212,2.8944,233.85,676.78,23.0,32.356,32.573,32.51,615.35,10
2016-10-04 15:24:00,4.7995,554.43,123.93,15.125,13.182,20.206,2.8688,234.52,672.76,22.715,31.673,32.094,31.922,611.3,10
2016-10-04 15:25:00,4.7767,548.67,123.95,15.065,13.18,20.189,2.8507,234.18,667.57,22.49,31.102,31.487,31.421,607.41,10
2016-10-04 15:26:00,4.7486,544.86,123.96,15.175,13.182,20.189,2.8273,235.7,666.4,22.319,30.82,31.432,30.941,603.43,10
2016-10-04 15:27:00,4.7199,539.92,123.93,15.279,13.181,20.189,2.814,234.83,660.79,22.263,30.969,31.585,31.156,599.46,10
2016-10-04 15:28:00,4.6827,538.36,123.98,15.17,13.183,20.189,2.8372,231.7,657.33,22.047,30.337,30.722,30.379,595.45,10
2016-10-04 15:29:00,4.6524,535.85,123.95,15.045,13.183,20.179,2.8364,228.73,648.76,21.795,30.017,30.316,29.806,591.54,10
2016-10-04 15:30:00,4.6122,531.11,123.86,14.992,13.183,20.163,2.8236,228.03,643.82,21.679,29.698,30.143,29.58,587.65,10
2016-10-04 15:31:00,4.6006,529.06,123.87,14.862,13.186,20.14,2.7398,233.4,639.42,21.53,29.467,29.807,29.174,583.16,10
2016-10-04 15:32:00,4.5668,523.59,123.84,14.889,13.185,20.14,2.7147,234.84,637.49,21.461,29.688,29.934,29.32,578.58,10
2016-10-04 15:33:00,4.5218,519.51,123.84,14.978,13.186,20.124,2.6685,235.46,628.31,21.462,29.893,30.173,29.573,574.0,10
2016-10-04 15:34:00,4.4761,513.42,123.86,15.142,13.186,20.1,2.649,234.6,621.42,21.563,29.869,30.289,29.928,569.17,10
2016-10-04 15:35:00,4.4381,509.34,123.83,15.304,13.188,20.092,2.6309,235.4,619.24,21.578,29.978,30.252,29.955,564.64,10
2016-10-04 15:36:00,4.4004,504.23,123.81,15.422,13.188,20.088,2.6672,228.71,609.99,21.655,29.855,30.138,29.913,560.08,10
2016-10-04 15:37:00,4.3601,498.53,123.86,15.329,13.189,20.071,2.6289,229.18,602.45,21.587,29.593,29.828,29.732,555.24,10
2016-10-04 15:38:00,4.3163,493.59,123.82,15.296,13.189,20.057,2.6411,227.21,600.07,21.511,29.05,29.458,29.233,550.61,10
2016-10-04 15:39:00,4.3034,490.12,123.88,15.227,13.189,20.043,2.5735,231.69,596.24,21.342,28.828,29.285,29.051,546.6,10
2016-10-04 15:40:00,4.2679,486.18,123.82,15.198,13.188,20.019,2.5576,231.27,591.47,21.27,28.774,29.164,28.834,542.35,10
2016-10-04 15:41:00,4.2356,478.5,123.8,15.132,13.189,20.011,2.5039,234.13,586.15,21.202,28.527,29.313,28.8,537.44,10
2016-10-04 15:42:00,4.1929,475.08,123.82,15.056,13.188,19.99,2.4913,233.26,581.07,21.16,28.683,29.204,28.866,532.73,10
2016-10-04 15:43:00,4.1673,469.77,123.74,14.859,13.187,19.992,2.4708,232.2,573.67,21.047,28.131,28.785,28.378,528.05,10
2016-10-04 15:44:00,4.1191,467.47,123.83,14.686,13.189,19.97,2.4129,234.84,566.6,20.95,28.121,28.609,28.048,523.61,10
2016-10-04 15:45:00,4.0836,461.71,123.8,14.74,13.189,19.952,2.3604,237.86,561.35,20.843,28.225,28.742,28.079,519.48,10
2016-10-04 15:46:00,4.0406,458.9,123.83,14.923,13.191,19.94,2.356,235.34,554.42,20.878,28.146,28.666,28.097,514.76,10
2016-10-04 15:47:00,4.0034,451.76,123.81,15.047,13.192,19.914,2.3451,233.99,548.71,20.801,28.016,28.595,27.923,510.15,10
2016-10-04 15:48:00,3.9629,449.88,123.81,15.01,13.193,19.895,2.3306,233.64,544.52,20.755,28.196,28.489,27.864,504.83,10
2016-10-04 15:49:00,3.918,441.51,123.86,15.031,13.193,19.879,2.3398,230.03,538.21,20.816,28.097,28.559,28.054,500.39,10
2016-10-04 15:50:00,3.8836,436.31,123.74,15.098,13.195,19.871,2.295,231.73,531.81,20.821,28.187,28.44,28.003,495.23,10
2016-10-04 15:51:00,3.8412,430.64,123.75,15.177,13.193,19.849,2.2979,229.18,526.63,20.848,27.995,28.498,28.208,491.02,10
2016-10-04 15:52:00,3.8166,428.28,123.69,14.974,13.194,19.825,2.2555,230.67,520.26,20.673,27.323,27.926,27.496,486.38,10
2016-10-04 15:53:00,3.7682,422.74,123.73,14.593,13.195,19.811,2.2468,230.02,516.79,20.475,27.127,27.732,26.973,481.5,10
2016-10-04 15:54:00,3.7208,415.95,123.81,14.434,13.194,19.801,2.2285,227.97,507.97,20.5,27.178,27.731,26.941,476.99,10
2016-10-04 15:55:00,3.6993,413.01,123.77,14.51,13.197,19.786,2.1666,233.54,505.96,20.532,27.184,27.658,26.631,472.72,10
2016-10-04 15:56:00,3.6701,408.13,123.71,14.516,13.195,19.756,2.1351,233.22,497.94,20.414,26.411,27.007,26.113,468.38,10
2016-10-04 15:57:00,3.6467,405.47,123.76,14.463,13.195,19.744,2.0993,234.67,492.57,20.175,26.224,26.696,25.659,464.4,10
2016-10-04 15:58:00,3.6142,400.41,123.72,14.466,13.198,19.716,2.0781,235.73,489.87,20.079,25.918,26.474,25.401,460.28,10
2016-10-04 15:59:00,3.5715,395.66,123.64,14.405,13.198,19.704,2.0902,229.9,480.51,19.957,25.889,26.366,25.079,455.51,10
2016-10-04 16:00:00,3.5337,390.31,123.66,14.38,13.199,19.686,2.0533,233.05,478.5,19.858,25.719,26.277,25.05,450.93,10
2016-10-04 16:01:00,3.5136,385.65,123.62,14.505,13.2,19.666,1.9911,235.58,469.04,19.838,25.478,25.9,24.655,446.32,10
2016-10-04 16:02:00,3.4789,380.23,123.6,14.394,13.2,19.64,1.9583,238.1,466.25,19.631,25.041,25.539,24.298,441.85,10
2016-10-04 16:03:00,3.4398,376.95,123.57,14.317,13.201,19.621,1.9308,237.33,458.23,19.502,24.789,25.135,23.879,437.42,10
2016-10-04 16:04:00,3.4081,371.36,123.57,14.126,13.202,19.603,1.9316,234.57,453.07,19.386,24.538,25.155,23.869,432.75,10
2016-10-04 16:05:00,3.3674,365.36,123.55,14.16,13.201,19.583,1.8892,235.58,445.03,19.414,24.658,25.133,23.835,427.92,10
2016-10-04 16:06:00,3.3266,360.95,123.47,14.145,13.202,19.565,1.8325,239.64,439.08,19.308,24.276,24.749,23.568,423.3,10
2016-10-04 16:07:00,3.2891,356.1,123.47,14.11,13.202,19.543,1.8028,239.93,432.51,19.266,24.486,25.068,23.859,418.44,10
2016-10-04 16:08:00,3.2448,350.19,123.44,14.244,13.202,19.515,1.8018,238.42,429.59,19.264,24.426,25.042,23.903,413.31,10
2016-10-04 16:09:00,3.2092,345.16,123.49,14.394,13.202,19.497,1.796,234.22,420.65,19.281,24.224,24.735,23.654,409.25,10
2016-10-04 16:10:00,3.1767,340.3,123.47,14.423,13.202,19.481,1.769,235.22,416.05,19.211,24.22,24.611,23.392,404.86,10
2016-10-04 16:11:00,3.1393,335.26,123.44,14.387,13.201,19.455,1.7538,233.53,409.55,19.218,24.164,24.66,23.656,400.4,10
2016-10-04 16:12:00,3.1023,328.75,123.42,14.394,13.2,19.433,1.7317,233.35,404.06,19.25,24.086,24.611,23.717,395.24,10
2016-10-04 16:13:00,3.0525,323.72,123.4,14.315,13.201,19.411,1.699,235.63,400.31,19.18,23.828,24.342,23.514,390.52,10
2016-10-04 16:14:00,3.0145,319.84,123.31,14.258,13.199,19.389,1.6716,234.09,391.26,19.176,23.771,24.336,23.276,385.45,10
2016-10-04 16:15:00,2.9569,313.13,123.28,14.244,13.199,19.367,1.6248,235.17,382.09,19.121,23.713,24.039,23.037,379.82,10
2016-10-04 16:16:00,2.9285,307.51,123.32,14.14,13.201,19.337,1.6129,232.85,375.57,19.029,23.41,23.943,22.853,374.72,10
2016-10-04 16:17:00,2.8737,302.62,123.27,14.132,13.199,19.319,1.5809,233.74,369.53,18.978,23.267,23.848,22.772,369.75,10
2016-10-04 16:18:00,2.8368,297.18,123.24,14.147,13.2,19.297,1.5564,232.76,362.25,18.91,23.064,23.638,22.576,364.94,10
2016-10-04 16:19:00,2.7924,291.03,123.27,14.129,13.198,19.269,1.508,237.64,358.37,18.778,22.94,23.377,22.257,359.92,10
2016-10-04 16:20:00,2.7475,283.13,123.21,14.094,13.2,19.243,1.4565,239.49,348.81,18.719,22.668,23.119,22.016,354.67,10
2016-10-04 16:21:00,2.7156,279.15,123.2,14.037,13.198,19.215,1.4587,236.06,344.33,18.621,22.446,22.912,21.832,349.26,10
2016-10-04 16:22:00,2.6751,273.16,123.1,14.122,13.197,19.203,1.4377,234.71,337.44,18.578,22.33,22.767,21.598,344.23,10
2016-10-04 16:23:00,2.6412,268.41,123.13,14.217,13.196,19.176,1.428,231.83,331.06,18.524,22.146,22.562,21.462,338.93,10
2016-10-04 16:24:00,2.5985,262.98,123.17,14.252,13.197,19.158,1.4125,229.58,324.28,18.489,22.145,22.594,21.478,333.99,10
2016-10-04 16:25:00,2.555,257.44,123.19,14.267,13.198,19.122,1.3554,233.51,316.47,18.431,21.984,22.313,21.179,328.8,10
2016-10-04 16:26:00,2.5208,250.84,123.19,14.318,13.196,19.108,1.3152,235.7,309.97,18.354,21.725,22.151,21.054,323.95,10
2016-10-04 16:27:00,2.4845,246.25,123.15,14.296,13.198,19.09,1.2758,236.6,301.85,18.297,21.795,22.077,20.958,318.6,10
2016-10-04 16:28:00,2.4426,240.65,123.12,14.368,13.196,19.06,1.278,232.58,297.23,18.295,21.85,22.064,21.069,313.06,10
2016-10-04 16:29:00,2.4071,235.05,123.06,14.477,13.196,19.04,1.271,226.6,287.99,18.335,21.688,22.035,21.187,307.87,10
2016-10-04 16:30:00,2.3724,228.93,123.0,14.557,13.194,19.026,1.2528,226.42,283.65,18.328,21.804,22.025,21.13,302.88,10
2016-10-04 16:31:00,2.3438,223.65,123.03,14.605,13.195,19.009,1.2161,228.17,277.47,18.359,21.72,22.023,21.208,297.94,10
2016-10-04 16:32:00,2.2994,219.11,123.07,14.628,13.196,18.987,1.1834,229.17,271.19,18.359,21.576,21.953,21.223,292.91,10
2016-10-04 16:33:00,2.2754,212.2,123.0,14.618,13.195,18.98,1.1441,230.5,263.7,18.371,21.574,21.786,21.144,288.3,10
2016-10-04 16:34:00,2.2341,209.35,122.99,14.616,13.193,18.963,1.115,232.9,259.67,18.367,21.37,21.771,21.199,283.23,10
2016-10-04 16:35:00,2.2035,202.56,123.07,14.53,13.192,18.939,1.0733,235.09,252.34,18.34,21.225,21.481,21.028,278.09,10
2016-10-04 16:36:00,2.1644,197.41,123.0,14.359,13.192,18.931,1.0682,229.94,245.6,18.29,20.93,21.33,20.843,272.49,10
2016-10-04 16:37:00,2.13,191.3,122.9,14.25,13.193,18.915,1.0359,227.87,236.04,18.243,20.788,21.122,20.702,266.97,10
2016-10-04 16:38:00,2.0925,186.21,122.88,14.096,13.191,18.903,1.0218,226.57,231.51,18.133,20.364,20.843,20.371,261.72,10
2016-10-04 16:39:00,2.0639,180.93,122.92,13.93,13.189,18.881,1.0061,224.89,226.25,18.028,20.125,20.495,20.008,256.92,10
2016-10-04 16:40:00,2.0294,176.85,122.97,13.784,13.19,18.863,0.96809,228.39,221.09,17.891,19.751,20.261,19.786,251.68,10
2016-10-04 16:41:00,2.008,171.37,122.9,13.663,13.189,18.856,0.96207,222.08,213.66,17.796,19.527,19.98,19.497,247.24,10
2016-10-04 16:42:00,1.981,165.78,122.86,13.612,13.189,18.845,0.9376,222.01,208.16,17.678,19.314,19.692,19.184,242.44,10
2016-10-04 16:43:00,1.9581,161.09,122.83,13.545,13.189,18.833,0.91056,222.04,202.15,17.531,18.992,19.409,18.934,237.97,10
2016-10-04 16:44:00,1.9234,154.04,122.82,13.518,13.189,18.83,0.89119,218.23,194.49,17.455,18.811,19.197,18.745,232.5,10
2016-10-04 16:45:00,1.8874,150.01,122.84,13.487,13.189,18.813,0.87275,216.17,188.66,17.37,18.635,18.993,18.57,227.56,10
2016-10-04 16:46:00,1.8634,146.0,122.81,13.461,13.187,18.817,0.84096,217.8,183.15,17.302,18.351,18.795,18.354,222.79,10
2016-10-04 16:47:00,1.8337,138.77,122.7,13.4,13.189,18.817,0.80313,219.21,176.05,17.221,18.184,18.631,18.088,217.13,10
2016-10-04 16:48:00,1.8106,132.13,122.34,13.326,13.189,18.794,0.78085,216.33,168.9,17.133,18.033,18.411,17.971,212.13,10
2016-10-04 16:49:00,1.778,129.55,122.31,13.298,13.189,18.788,0.75216,216.05,162.5,17.101,17.819,18.249,17.825,206.97,10
2016-10-04 16:50:00,1.7624,123.21,122.32,13.269,13.189,18.787,0.7285899999999998,216.37,157.65,17.056,17.65,18.096,17.674,201.89,10
2016-10-04 16:51:00,1.7279,117.69,122.29,13.27,13.192,18.773,0.70923,214.29,151.98,16.998,17.438,17.938,17.547,196.73,10
2016-10-04 16:52:00,1.7117,110.54,122.39,13.265,13.193,18.757,0.6878499999999999,211.58,145.54,16.902,17.259,17.662,17.239,191.87,10
2016-10-04 16:53:00,1.6896,107.65,122.38,13.235,13.192,18.744,0.64966,215.47,139.98,16.814,17.099,17.531,17.106,187.27,10
2016-10-04 16:54:00,1.664,103.73,122.34,13.268,13.192,18.738,0.62609,211.78,132.6,16.807,17.022,17.389,16.935,182.61,10
2016-10-04 16:55:00,1.6412,96.999,122.27,13.327,13.195,18.721,0.5867999999999999,215.73,126.55,16.759,16.921,17.315,16.834,177.36,10
2016-10-04 16:56:00,1.6134,93.323,122.24,13.318,13.195,18.721,0.5496999999999999,218.51,120.07,16.735,16.816,17.16,16.68,172.1,10
2016-10-04 16:57:00,1.5938,85.382,122.25,13.316,13.196,18.709,0.50767,223.77,113.59,16.694,16.729,17.06,16.573,166.03,10
2016-10-04 16:58:00,1.5326,61.237,122.22,13.286,13.2,18.692,0.3841399999999999,220.71,84.775,16.681,16.678,16.83,16.307,137.88,10
2016-10-04 16:59:00,1.4568,5.3717,122.11,13.243,13.199,18.675,0.08498,205.32,17.918,16.635,16.289,16.508,15.984,47.965,10
2016-10-04 17:00:00,1.4505,-0.2658099999999999,122.19,13.208,13.201,18.663,0.06085,190.08,11.632,16.607,15.843,16.088,15.537,28.177,10
2016-10-04 17:01:00,1.478,24.366,122.28,13.167,13.204,18.649,0.1889599999999999,222.79,42.147,16.548,15.565,15.722,15.196,80.66899999999998,10
2016-10-04 17:02:00,1.5034,53.072,122.25,13.087,13.204,18.646,0.3386199999999999,221.23,74.909,16.467,15.419,15.579,15.043,135.23,10
2016-10-04 17:03:00,1.4987,46.892,122.32,13.039,13.204,18.628,0.3024299999999999,222.25,67.23,16.384,15.175,15.489,15.024,132.91,10
2016-10-04 17:04:00,1.4714,25.185,122.25,13.006,13.208,18.602,0.18786,221.93,41.719,16.31,14.899,15.321,14.889,99.106,10
2016-10-04 17:05:00,1.4747,6.3349,122.21,12.89,13.21,18.592,0.0862499999999999,222.01,19.136,16.217,14.636,15.046,14.615,64.166,10
2016-10-04 17:06:00,1.4728,8.3837,122.22,12.806,13.21,18.562,0.09393,221.23,20.819,16.142,14.435,14.819,14.405,72.97,10
2016-10-04 17:07:00,1.4524,0.91922,122.29,12.745,13.212,18.55,0.0504399999999999,201.75,10.243,16.108,14.174,14.593,14.193,44.02,10
2016-10-04 17:08:00,1.451,-0.1328999999999999,122.33,12.667,13.215,18.522,0.04623,192.19,8.8894,16.033,13.994,14.269,13.859,37.148,10
2016-10-04 17:09:00,1.4529,-2.2371,122.44,12.607,13.215,18.502,0.04331,175.9,7.6112,15.996,13.714,14.028,13.638,24.977,10
2016-10-04 17:10:00,1.4548,-3.112,122.52,12.474,13.218,18.477,0.04258,167.17,7.1151,15.919,13.551,13.728,13.348,18.74,10
2016-10-04 17:11:00,1.4545,-3.3888,122.5,12.379,13.22,18.457,0.04513,164.53,7.4265,15.812,13.296,13.534,13.196,17.746,10
2016-10-04 17:12:00,1.4543,-3.6879,122.43,12.321,13.222,18.433,0.03746,161.18,6.0375,15.722,13.134,13.34,13.004,16.532,10
2016-10-04 17:13:00,1.4543,-4.009,122.43,12.266,13.225,18.408,0.03307,158.21,5.2363,15.628,13.001,13.167,12.862,15.731,10
2016-10-04 17:14:00,1.365,-1.0521,122.44,12.227,13.225,18.372,0.01261,176.94,2.1292,15.557,12.864,13.004,12.703,14.931,10
2016-10-04 17:15:00,1.3565,-0.78632,122.49,12.222,13.228,18.348,0.00987,177.05,1.7535,15.495,12.782,12.872,12.587,14.241,10
2016-10-04 17:16:00,1.3568,-0.7530999999999999,122.5,12.217,13.23,18.317,0.00786,172.86,1.365,15.426,12.617,12.726,12.49,13.579,10
2016-10-04 17:17:00,1.357,-0.7973799999999999,122.43,12.209,13.233,18.283,0.00713,168.11,1.196,15.42,12.495,12.589,12.379,12.475,10
2016-10-04 17:18:00,1.357,-0.8084599999999998,122.46,12.21,13.234,18.255,-0.00164,164.13,-0.2660899999999999,15.398,12.406,12.479,12.297,11.343,10
2016-10-04 17:19:00,1.3562,-0.79739,122.51,12.256,13.234,18.216,0.0082199999999999,159.56,1.3173,15.348,12.308,12.451,12.308,10.405,10
2016-10-04 17:20:00,1.3562,-0.7863299999999999,122.51,12.265,13.237,18.182,0.01042,156.09,1.6234,15.316,12.325,12.343,12.251,9.9359,10
2016-10-04 17:21:00,1.3568,-0.7752499999999999,122.5,12.322,13.237,18.141,0.0133399999999999,152.18,2.0294,15.282,12.257,12.322,12.298,9.7703,10
2016-10-04 17:22:00,1.3574,-0.7641799999999999,122.43,12.401,13.238,18.095,0.0094999999999999,147.53,1.4003,15.249,12.314,12.323,12.323,8.9426,10
2016-10-04 17:23:00,1.3557,-0.81957,122.45,12.422,13.239,18.066,0.0089499999999999,142.65,1.2814,15.205,12.279,12.297,12.339,8.611399999999998,10
2016-10-04 17:24:00,1.3563,-0.77527,122.45,12.374,13.24,18.026,0.0140699999999999,136.82,1.9251,15.147,12.242,12.226,12.296,8.1422,10
2016-10-04 17:25:00,1.3563,-0.78634,122.56,12.314,13.241,17.981,0.01133,130.15,1.473,15.118,12.112,12.139,12.212,7.1762,10
2016-10-04 17:26:00,1.3557,-0.8085,122.63,12.226,13.242,17.943,0.0122399999999999,122.61,1.5034,15.098,12.074,12.061,12.151,6.2654,10
2016-10-04 17:27:00,1.3574,-0.7863499999999999,122.59,12.161,13.245,17.9,0.00859,114.3,0.99463,15.051,12.034,12.042,12.139,5.8238,10
2016-10-04 17:28:00,1.3566,-0.7641999999999999,122.58,12.142,13.243,17.855,0.0089499999999999,104.12,0.91837,15.011,12.0,12.007,12.115,5.2993,10
2016-10-04 17:29:00,1.3563,-0.77529,122.51,12.13,13.247,17.805,0.0148,92.507,1.3642,14.968,11.966,11.98,12.109,4.9405,10
2016-10-04 17:30:00,1.358,-0.79744,122.41,12.169,13.25,17.757,0.0164499999999999,79.741,1.2976,14.934,12.044,11.969,12.1,4.6369,10
2016-10-04 17:31:00,1.3571,-0.7752999999999999,122.46,12.2,13.251,17.707,0.02266,72.72,1.6475,14.909,11.968,11.982,12.126,4.2782,10
2016-10-04 17:32:00,1.3569,-0.74209,122.45,12.206,13.253,17.668,0.02102,65.014,1.3598,14.873,12.015,12.013,12.186,3.7814,10
2016-10-04 17:33:00,1.3569,-0.77532,122.5,12.177,13.253,17.616,0.0146199999999999,58.081,0.86007,14.85,11.933,11.917,12.098,2.9534,10
2016-10-04 17:34:00,1.3567,-0.7642499999999999,122.49,12.138,13.253,17.574,0.00932,53.727,0.51095,14.834,11.858,11.824,12.038,2.1805,10
2016-10-04 17:35:00,1.3575,-0.74212,122.5,12.046,13.255,17.533,0.00987,50.91,0.49779,14.812,11.76,11.747,11.916,1.2697,10
2016-10-04 17:36:00,1.3564,-0.68673,122.5,11.909,13.258,17.483,0.00932,45.759,0.42313,14.77,11.621,11.634,11.794,0.82806,10
2016-10-04 17:37:00,1.3575,-0.77534,122.46,11.843,13.258,17.44,0.00932,41.852,0.39348,14.745,11.621,11.602,11.741,0.66246,10
2016-10-04 17:38:00,1.3575,-0.73104,122.49,11.759,13.26,17.386,0.0029199999999999,39.068,0.11744,14.694,11.519,11.494,11.671,-0.1104099999999999,10
2016-10-04 17:39:00,1.3581,-0.73104,122.49,11.67,13.26,17.34,0.0064,35.559,0.2369499999999999,14.644,11.407,11.393,11.584,-0.66246,10
2016-10-04 17:40:00,1.3583,-0.74211,122.48,11.636,13.261,17.29,0.00804,31.647,0.24714,14.611,11.377,11.35,11.491,-0.85567,10
2016-10-04 17:41:00,1.358,-0.71996,122.49,11.672,13.263,17.23,0.00585,28.762,0.17437,14.571,11.274,11.263,11.438,-1.3249,10
2016-10-04 17:42:00,1.358,-0.74211,122.39,11.627,13.264,17.186,0.0011,25.638,0.0223399999999999,14.544,11.121,11.162,11.339,-1.4353,10
2016-10-04 17:43:00,1.3581,-0.70889,122.35,11.562,13.265,17.143,0.00384,23.311,0.0879,14.524,11.06,11.055,11.227,-2.4566,10
2016-10-04 17:44:00,1.3589,-0.7088999999999999,122.46,11.513,13.265,17.094,0.00018,21.245,0.0063699999999999,14.486,10.998,11.016,11.189,-2.6498,10
2016-10-04 17:45:00,1.3581,-0.7088999999999999,122.45,11.451,13.268,17.04,-0.00091,18.577,-0.0094199999999999,14.442,11.033,10.987,11.138,-2.9535,10
2016-10-04 17:46:00,1.3576,-0.68676,122.44,11.376,13.269,16.989,-0.00384,16.116,-0.06361,14.382,10.932,10.921,11.082,-3.2571,10
2016-10-04 17:47:00,1.3578,-0.7089199999999999,122.41,11.25,13.271,16.934,-0.00914,14.121,-0.11851,14.323,10.84,10.848,10.989,-3.4504,10
2016-10-04 17:48:00,1.3584,-0.7089199999999999,122.36,11.196,13.272,16.882,-0.00402,11.744,-0.0514,14.277,10.905,10.872,10.95,-3.8644,10
2016-10-04 17:49:00,1.3587,-0.73108,122.39,11.182,13.273,16.828,-0.0043899999999999,10.891,-0.05761,14.224,10.86,10.833,10.911,-3.892,10
2016-10-04 17:50:00,1.3595,-0.6535499999999999,122.33,11.162,13.275,16.786,-0.00749,10.36,-0.0805099999999999,14.187,10.844,10.815,10.89,-3.9196,10
2016-10-04 17:51:00,1.3587,-0.68678,122.34,11.141,13.277,16.727,-0.0043899999999999,9.6914,-0.0458399999999999,14.137,10.837,10.772,10.825,-3.9749,10
2016-10-04 17:52:00,1.3587,-0.64248,122.36,11.134,13.279,16.672,-0.0117,9.5587,-0.11672,14.091,10.757,10.741,10.787,-3.9749,10
2016-10-04 17:53:00,1.3598,-0.69786,122.36,11.172,13.278,16.621,-0.01078,9.2667,-0.10267,14.061,10.742,10.717,10.787,-4.0025,10
2016-10-04 17:54:00,1.3601,-0.7200199999999999,122.34,11.172,13.278,16.568,-0.00987,8.549799999999998,-0.0842799999999999,14.018,10.792,10.711,10.757,-4.0301,10
2016-10-04 17:55:00,1.3596,-0.7310999999999999,122.33,11.18,13.281,16.515,-0.00932,7.2178,-0.0656899999999999,13.974,10.76,10.708,10.789,-4.0577,10
2016-10-04 17:56:00,1.3587,-0.74218,122.35,11.217,13.283,16.46,-0.00493,5.8548,-0.0345299999999999,13.934,10.753,10.74,10.892,-4.2233,10
2016-10-04 17:57:00,1.3593,-0.6978699999999999,122.34,11.344,13.282,16.413,-0.01243,4.9609,-0.06642,13.911,10.768,10.768,10.957,-4.0578,10
2016-10-04 17:58:00,1.3598,-0.69788,122.32,11.412,13.282,16.357,-0.0164499999999999,3.7572,-0.06137,13.883,10.671,10.706,10.983,-4.4443,10
2016-10-04 17:59:00,1.3598,-0.70896,122.22,11.448,13.286,16.304,-0.00932,3.9077,-0.0357499999999999,13.846,10.627,10.729,11.071,-4.5823,10
2016-10-04 18:00:00,1.3593,-0.70896,122.19,11.431,13.285,16.253,-0.00987,2.8146,-0.03356,13.834,10.714,10.645,10.911,-4.6101,10
2016-10-04 18:01:00,1.3577,-0.6535699999999999,122.24,11.384,13.285,16.198,-0.01243,2.5845,-0.02508,13.783,10.589,10.635,10.947,-4.6377,10
2016-10-04 18:02:00,1.3582,-0.67573,122.25,11.234,13.288,16.145,-0.01005,2.4075,-0.0240399999999999,13.719,10.508,10.586,10.953,-4.6377,10
2016-10-04 18:03:00,1.3599,-0.70896,122.2,11.104,13.288,16.089,-0.01115,0.10179,-0.00248,13.689,10.602,10.516,10.75,-4.6377,10
2016-10-04 18:04:00,1.3588,-0.68681,122.31,11.144,13.288,16.042,-0.01353,-0.3982999999999999,0.00398,13.662,10.528,10.533,10.789,-4.6377,10
2016-10-04 18:05:00,1.3596,-0.7089699999999999,122.22,11.225,13.289,15.989,-0.0117,0.14604,-0.00097,13.629,10.467,10.529,10.818,-4.6377,10
2016-10-04 18:06:00,1.3607,-0.68681,122.19,11.332,13.29,15.934,-0.01024,0.2434,-0.0049199999999999,13.608,10.532,10.483,10.772,-4.6377,10
2016-10-04 18:07:00,1.3593,-0.69789,122.2,11.348,13.291,15.882,-0.01828,0.23013,-0.00076,13.581,10.427,10.441,10.737,-4.6377,10
2016-10-04 18:08:00,1.3607,-0.7089699999999999,122.22,11.481,13.293,15.833,-0.0056699999999999,0.0663799999999999,-0.00354,13.572,10.509,10.58,10.869,-4.6377,10
2016-10-04 18:09:00,1.3593,-0.65358,122.23,11.524,13.294,15.781,-0.01115,0.20358,-0.0005,13.534,10.369,10.431,10.798,-4.5273,10
2016-10-04 18:10:00,1.3582,-0.65358,122.29,11.472,13.294,15.728,-0.01225,0.81872,-0.0041399999999999,13.51,10.273,10.256,10.572,-4.6377,10
2016-10-04 18:11:00,1.3615,-0.7089699999999999,122.23,11.364,13.294,15.683,-0.0082299999999999,-0.32749,-0.0025,13.462,10.154,10.062,10.327,-4.6377,10
2016-10-04 18:12:00,1.3599,-0.6978999999999999,122.24,11.21,13.297,15.631,-0.01206,-0.5841699999999999,0.00677,13.399,9.9085,9.9608,10.253,-4.6379,10
2016-10-04 18:13:00,1.3602,-0.6978999999999999,122.23,10.945,13.297,15.576,-0.01115,-0.66383,0.00432,13.329,9.7721,9.8139,10.08,-4.7207,10
2016-10-04 18:14:00,1.3604,-0.6868199999999999,122.15,10.656,13.297,15.53,-0.01206,-0.1726,0.0008999999999999,13.251,9.6438,9.6969,9.9047,-4.8863,10
2016-10-04 18:15:00,1.3607,-0.70898,122.16,10.418,13.299,15.475,-0.01535,-0.7744699999999999,0.00759,13.18,9.535100000000002,9.5135,9.6991,-5.1624,10
2016-10-04 18:16:00,1.3593,-0.70898,122.17,10.324,13.299,15.425,-0.01535,0.0663799999999999,-0.00152,13.11,9.3788,9.4486,9.6579,-5.2728,10
2016-10-04 18:17:00,1.3599,-0.75329,122.24,10.32,13.3,15.373,-0.0127899999999999,-0.6151499999999999,0.00813,13.066,9.2616,9.3663,9.5352,-5.1072,10
2016-10-04 18:18:00,1.3596,-0.6868199999999999,122.23,10.35,13.302,15.33,-0.01188,0.17702,-0.00386,13.031,9.2663,9.2984,9.4729,-5.052,10
2016-10-04 18:19:00,1.3599,-0.67574,122.22,10.456,13.303,15.276,-0.0106,0.5487699999999999,-0.0125799999999999,12.99,9.2242,9.2961,9.465000000000002,-4.7759,10
2016-10-04 18:20:00,1.3593,-0.70898,122.22,10.509,13.305,15.224,-0.00932,-0.14162,0.00385,12.949,9.1951,9.2014,9.3843,-4.6379,10
2016-10-04 18:21:00,1.3602,-0.70898,122.24,10.489,13.306,15.175,-0.00969,-0.21243,0.00583,12.896,9.1712,9.1482,9.3555,-4.638,10
2016-10-04 18:22:00,1.3604,-0.70898,122.24,10.456,13.308,15.125,-0.00877,-0.2655299999999999,0.00019,12.846,9.1078,9.1288,9.3606,-4.638,10
2016-10-04 18:23:00,1.3596,-0.70898,122.21,10.428,13.308,15.075,-0.01005,0.0840899999999999,-0.00232,12.786,8.9564,9.043,9.2825,-4.638,10
2016-10-04 18:24:00,1.3602,-0.72006,122.26,10.376,13.311,15.023,-0.01206,-0.47354,0.0062899999999999,12.744,8.8876,8.958199999999998,9.1523,-4.6381,10
2016-10-04 18:25:00,1.3607,-0.72006,122.21,10.344,13.309,14.982,-0.01188,-0.11949,0.0045399999999999,12.712,8.8533,8.946899999999998,9.0824,-4.6381,10
2016-10-04 18:26:00,1.3613,-0.73114,122.2,10.335,13.312,14.928,-0.01608,0.46026,-0.00527,12.662,8.753999999999998,8.920999999999998,9.0244,-4.6381,10
2016-10-04 18:27:00,1.3602,-0.6757499999999999,122.21,10.269,13.314,14.878,-0.0133399999999999,-0.0575299999999999,-0.00192,12.618,8.6704,8.8045,8.8535,-4.6382,10
2016-10-04 18:28:00,1.361,-0.75329,122.24,10.209,13.313,14.831,-0.01097,0.1504699999999999,0.0004,12.583,8.6591,8.7653,8.7793,-4.6382,10
2016-10-04 18:29:00,1.3588,-0.6978999999999999,122.28,10.187,13.314,14.78,-0.0106,0.5886,-0.01203,12.539,8.6401,8.7407,8.7414,-4.6382,10
2016-10-04 18:30:00,1.3613,-0.70898,122.26,10.241,13.314,14.726,-0.01609,-0.26554,0.0048999999999999,12.513,8.6276,8.745699999999998,8.7786,-4.5554,10
2016-10-04 18:31:00,1.3621,-0.7643699999999999,122.21,10.322,13.316,14.68,-0.0106,0.09736,-0.00287,12.483,8.5752,8.8072,8.898099999999998,-4.0585,10
2016-10-04 18:32:00,1.3613,-0.72006,122.24,10.522,13.315,14.633,-0.01024,-0.11064,-0.0007399999999999,12.485,8.762499999999998,8.889699999999998,8.9602,-3.9757,10
2016-10-04 18:33:00,1.3602,-0.68683,122.26,10.701,13.318,14.583,-0.01188,-0.35847,0.00404,12.461,8.8245,8.8999,8.987999999999998,-3.8653,10
2016-10-04 18:34:00,1.3604,-0.73114,122.24,10.866,13.318,14.539,-0.01225,-0.06196,0.0046699999999999,12.448,8.943099999999998,9.0144,9.1038,-3.7825,10
2016-10-04 18:35:00,1.3604,-0.7422199999999999,122.23,11.099,13.318,14.484,-0.02102,0.1504699999999999,0.0037499999999999,12.451,9.1191,9.0513,9.2329,-3.4512,10
2016-10-04 18:36:00,1.3602,-0.73114,122.24,11.196,13.318,14.441,-0.01992,-0.5664799999999999,0.00783,12.443,9.093,9.0748,9.2389,-3.2027,10
2016-10-04 18:37:00,1.3607,-0.73114,122.24,11.216,13.32,14.393,-0.01206,-0.27881,0.00581,12.395,9.0921,9.0683,9.2191,-2.899,10
2016-10-04 18:38:00,1.3613,-0.7422199999999999,122.21,11.181,13.323,14.345,-0.00804,0.1903,-0.00542,12.352,9.1211,9.0247,9.193,-3.3131,10
2016-10-04 18:39:00,1.3602,-0.70898,122.32,11.09,13.322,14.299,-0.01883,0.2168499999999999,-0.0064999999999999,12.322,9.1269,8.9593,9.1653,-3.6168,10
2016-10-04 18:40:00,1.3613,-0.70898,122.26,11.009,13.324,14.262,-0.01535,0.1726,-0.00711,12.292,9.0499,8.9899,9.1959,-3.8929,10
2016-10-04 18:41:00,1.3613,-0.73114,122.26,10.988,13.325,14.209,-0.01846,-0.29652,0.0082199999999999,12.257,8.9624,8.9443,9.1412,-3.9758,10
2016-10-04 18:42:00,1.3607,-0.7422199999999999,122.27,10.964,13.324,14.161,-0.01426,-0.03098,0.00447,12.214,8.8848,8.8324,9.0832,-3.9758,10
2016-10-04 18:43:00,1.3604,-0.73114,122.3,10.969,13.324,14.117,-0.0151699999999999,-0.2168499999999999,0.0015399999999999,12.181,8.866799999999998,8.8039,9.0373,-3.9758,10
2016-10-04 18:44:00,1.361,-0.72006,122.36,10.948,13.326,14.075,-0.01225,-0.06196,0.00544,12.147,8.8702,8.7947,9.026700000000002,-3.9758,10
2016-10-04 18:45:00,1.3604,-0.72006,122.34,10.928,13.326,14.025,-0.02212,-0.4868199999999999,0.01429,12.106,8.725099999999998,8.776099999999998,8.9983,-3.9758,10
2016-10-04 18:46:00,1.3613,-0.73114,122.34,10.857,13.327,13.985,-0.01371,-0.12834,0.00436,12.071,8.6829,8.7171,8.9288,-3.9758,10
2016-10-04 18:47:00,1.3607,-0.69791,122.35,10.762,13.328,13.946,-0.01133,0.02655,0.00033,12.028,8.865999999999998,8.7626,8.8626,-3.9759,10
2016-10-04 18:48:00,1.3604,-0.73114,122.37,10.959,13.33,13.906,-0.01005,0.1858799999999999,0.0059699999999999,12.051,8.954499999999998,8.9413,9.1103,-3.9207,10
2016-10-04 18:49:00,1.3613,-0.7422199999999999,122.36,11.129,13.33,13.857,-0.01316,0.0663799999999999,-0.00027,12.049,9.0408,8.9961,9.1916,-3.2856,10
2016-10-04 18:50:00,1.3607,-0.73114,122.39,11.261,13.329,13.816,-0.0177299999999999,0.34077,-0.00935,12.034,9.0796,9.124300000000002,9.2989,-2.6783,10
2016-10-04 18:51:00,1.3613,-0.69791,122.38,11.401,13.33,13.772,-0.0089599999999999,0.0044299999999999,-0.0064099999999999,12.04,9.1574,9.2035,9.4074,-2.6507,10
2016-10-04 18:52:00,1.361,-0.70898,122.47,11.436,13.331,13.732,-0.0133399999999999,-0.2345599999999999,0.00177,12.003,9.1531,9.2083,9.3375,-2.5954,10
2016-10-04 18:53:00,1.3616,-0.72006,122.51,11.448,13.331,13.694,-0.0151699999999999,0.2832399999999999,-0.0021299999999999,11.984,9.2666,9.2429,9.3734,-2.6231,10
2016-10-04 18:54:00,1.3596,-0.69791,122.52,11.558,13.332,13.655,-0.0181,-1.0312,0.0245,11.982,9.260700000000002,9.3584,9.476400000000002,-2.6231,10
2016-10-04 18:55:00,1.361,-0.6646699999999999,122.49,11.625,13.332,13.615,-0.00676,-0.96478,0.0055399999999999,11.967,9.325500000000002,9.4379,9.5733,-2.4574,10
2016-10-04 18:56:00,1.3621,-0.7422199999999999,122.42,11.663,13.334,13.58,-0.01243,-0.32749,0.0027499999999999,11.955,9.5244,9.4295,9.5279,-1.988,10
2016-10-04 18:57:00,1.361,-0.69791,122.5,11.732,13.332,13.546,-0.0146199999999999,0.1947299999999999,-0.00547,11.96,9.4259,9.4803,9.652,-1.9052,10
2016-10-04 18:58:00,1.3602,-0.68683,122.54,11.832,13.333,13.502,-0.00676,-0.78776,0.0012099999999999,11.964,9.5402,9.4718,9.6553,-2.1537,10
2016-10-04 18:59:00,1.3613,-0.68684,122.53,11.872,13.334,13.471,-0.0177299999999999,0.6859699999999999,-0.00679,11.973,9.649,9.652500000000002,9.9538,-2.5403,10
2016-10-04 19:00:00,1.3624,-0.74224,122.46,11.88,13.333,13.434,-0.0202899999999999,-0.4647,0.0071599999999999,11.994,9.6987,9.5815,9.7907,-2.6507,10
2016-10-04 19:01:00,1.3621,-0.72009,122.6,11.839,13.335,13.407,-0.01225,0.19031,-0.00132,11.961,9.5811,9.6313,9.8085,-2.6507,10
2016-10-04 19:02:00,1.3613,-0.75333,122.63,11.809,13.332,13.373,-0.01554,-0.4116,0.00512,11.923,9.5243,9.5075,9.7071,-2.6508,10
2016-10-04 19:03:00,1.3622,-0.75334,122.6,11.767,13.334,13.337,-0.0213899999999999,0.0929399999999999,0.0008199999999999,11.858,9.3619,9.3473,9.5323,-2.6508,10
2016-10-04 19:04:00,1.3619,-0.74226,122.63,11.713,13.335,13.302,-0.0179099999999999,0.48685,-0.0073099999999999,11.804,9.1518,9.2594,9.4262,-3.0649,10
2016-10-04 19:05:00,1.3619,-0.6979499999999998,122.64,11.653,13.333,13.275,-0.01371,0.6727499999999998,-0.0097699999999999,11.75,9.0632,9.1638,9.314,-3.7277,10
2016-10-04 19:06:00,1.3608,-0.7201199999999999,122.59,11.611,13.334,13.245,-0.0177299999999999,0.66832,-0.01386,11.726,9.1094,9.1325,9.2281,-3.9486,10
2016-10-04 19:07:00,1.3622,-0.69796,122.6,11.6,13.335,13.219,-0.01353,0.04426,0.0008,11.735,9.2149,9.1262,9.1919,-3.921,10
2016-10-04 19:08:00,1.3617,-0.75336,122.64,11.625,13.335,13.187,-0.01682,-0.81439,0.01512,11.715,9.0992,9.0545,9.1997,-3.9763,10
2016-10-04 19:09:00,1.362,-0.7644499999999999,122.66,11.611,13.334,13.16,-0.0107899999999999,-0.34966,0.00478,11.679,9.083900000000002,8.9672,9.0846,-3.9763,10
2016-10-04 19:10:00,1.3611,-0.72013,122.67,11.588,13.336,13.133,-0.0159,0.96045,-0.01652,11.619,8.878199999999998,8.904099999999998,9.0459,-3.9763,10
2016-10-04 19:11:00,1.3617,-0.73123,122.69,11.537,13.335,13.105,-0.01536,-0.24343,4e-05,11.56,8.837099999999998,8.793699999999998,8.8559,-3.9487,10
2016-10-04 19:12:00,1.3612,-0.7312499999999998,122.7,11.546,13.338,13.075,-0.01353,-0.19033,-0.00058,11.536,8.891199999999998,8.8235,8.942199999999998,-3.9764,10
2016-10-04 19:13:00,1.3609,-0.70909,122.76,11.508,13.336,13.053,-0.01755,-0.01328,0.0074,11.48,8.660299999999998,8.6232,8.7553,-3.9764,10
2016-10-04 19:14:00,1.3603,-0.69799,122.77,11.424,13.338,13.029,-0.0107899999999999,-0.98261,0.0108299999999999,11.411,8.4656,8.5404,8.5999,-3.9764,10
2016-10-04 19:15:00,1.3609,-0.67583,122.81,11.342,13.337,12.996,-0.01024,-0.0177,0.00203,11.366,8.3811,8.3482,8.3769,-3.9764,10
2016-10-04 19:16:00,1.3606,-0.7422999999999998,122.8,11.285,13.34,12.972,-0.01353,0.99145,-0.01725,11.331,8.502,8.446099999999998,8.4146,-3.9764,10
2016-10-04 19:17:00,1.3609,-0.74233,122.73,11.265,13.34,12.954,-0.01737,-0.41607,0.0075599999999999,11.304,8.3484,8.439299999999998,8.398799999999998,-3.9764,10
2016-10-04 19:18:00,1.3604,-0.7091,122.68,11.216,13.341,12.929,-0.01627,0.40722,-0.01131,11.277,8.5052,8.3807,8.219799999999998,-3.9212,10
2016-10-04 19:19:00,1.3609,-0.72018,122.75,11.12,13.34,12.903,-0.01755,0.48247,-0.0124899999999999,11.221,8.4333,8.2536,8.119199999999998,-3.8107,10
2016-10-04 19:20:00,1.3595,-0.6869199999999999,122.82,11.032,13.341,12.88,-0.01846,1.1906,-0.0210499999999999,11.156,8.3716,8.245699999999998,8.0813,-3.5898,10
2016-10-04 19:21:00,1.3615,-0.7090699999999999,122.74,11.038,13.341,12.855,-0.0179199999999999,0.6594999999999999,-0.0091299999999999,11.143,8.433899999999998,8.375199999999998,8.127499999999998,-3.3137,10
2016-10-04 19:22:00,1.3614,-0.74231,122.72,11.057,13.342,12.831,-0.01499,0.40721,-0.00287,11.136,8.4906,8.3381,8.0603,-2.789,10
2016-10-04 19:23:00,1.3598,-0.698,122.77,11.073,13.342,12.804,-0.02102,-0.78344,0.0150899999999999,11.092,8.3019,8.317299999999998,8.070999999999998,-2.8167,10
2016-10-04 19:24:00,1.3617,-0.73124,122.78,10.99,13.343,12.784,-0.01042,-0.0840999999999999,-0.0027899999999999,11.05,8.3483,8.2965,8.0964,-3.3137,10
2016-10-04 19:25:00,1.362,-0.698,122.79,10.914,13.344,12.752,-0.01371,-0.23016,-0.00472,11.009,8.380499999999998,8.2119,7.9592,-3.866,10
2016-10-04 19:26:00,1.3617,-0.73124,122.8,10.858,13.345,12.738,-0.0095099999999999,0.19033,-0.0030899999999999,10.967,8.3087,8.170199999999998,8.0001,-3.9489,10
2016-10-04 19:27:00,1.3615,-0.72016,122.81,10.794,13.345,12.72,-0.0107899999999999,-0.21689,-0.00142,10.919,8.252,8.101599999999998,8.032299999999998,-3.9765,10
2016-10-04 19:28:00,1.3617,-0.72016,122.83,10.794,13.345,12.687,-0.01371,0.1681999999999999,-0.0001299999999999,10.872,8.2016,8.066499999999998,8.028,-4.1698,10
2016-10-04 19:29:00,1.361,-0.69803,122.8,10.774,13.346,12.672,-0.0201099999999999,0.13722,-0.0030899999999999,10.844,8.152699999999998,8.049799999999998,7.9819,-4.4736,10
2016-10-04 19:30:00,1.3607,-0.72019,122.79,10.687,13.346,12.647,-0.01718,-0.19034,0.0064599999999999,10.808,8.083,8.0137,7.9248,-4.6393,10
2016-10-04 19:31:00,1.3607,-0.74235,122.79,10.576,13.348,12.62,-0.0213899999999999,-0.1239399999999999,-0.0017899999999999,10.757,8.071899999999998,7.944499999999999,7.866799999999999,-4.6393,10
2016-10-04 19:32:00,1.3607,-0.75345,122.81,10.465,13.347,12.603,-0.0228499999999999,-0.18149,0.00185,10.723,8.1523,8.0739,8.0081,-4.6393,10
2016-10-04 19:33:00,1.3607,-0.73129,122.81,10.472,13.347,12.573,-0.01847,-0.34527,0.00961,10.717,8.103099999999998,8.0667,7.9946,-4.6393,10
2016-10-04 19:34:00,1.3602,-0.69806,122.84,10.413,13.347,12.553,-0.01755,-0.1681999999999999,0.00133,10.674,8.0356,7.9768,7.9362,-4.446,10
2016-10-04 19:35:00,1.361,-0.7423899999999999,122.76,10.415,13.348,12.541,-0.01938,-0.6507199999999999,0.01319,10.67,8.0105,8.0203,8.0217,-4.6393,10
2016-10-04 19:36:00,1.3608,-0.73131,122.77,10.449,13.35,12.512,-0.01682,0.0486899999999999,-0.0073099999999999,10.626,7.8826,7.9673,7.9211,-4.6117,10
2016-10-04 19:37:00,1.3608,-0.73131,122.84,10.367,13.35,12.485,-0.01737,-0.54005,0.0098099999999999,10.583,7.9019,7.9033,7.8158,-4.6393,10
2016-10-04 19:38:00,1.3619,-0.7202199999999999,122.85,10.309,13.35,12.466,-0.0151699999999999,0.44266,-0.00974,10.542,7.866399999999999,7.8615,7.8566,-4.6393,10
2016-10-04 19:39:00,1.3613,-0.75346,122.77,10.228,13.352,12.452,-0.01371,-0.5356199999999999,0.0078899999999999,10.512,7.820299999999999,7.849,7.8994,-4.6393,10
2016-10-04 19:40:00,1.3613,-0.73131,122.43,10.171,13.351,12.423,-0.0201099999999999,0.18148,0.0004699999999999,10.467,7.7565,7.8034,7.8265,-4.6393,10
2016-10-04 19:41:00,1.3605,-0.7424,122.47,10.117,13.353,12.406,-0.0226699999999999,-0.40726,0.00444,10.437,7.6997,7.7285,7.724199999999998,-4.6393,10
2016-10-04 19:42:00,1.3605,-0.7313199999999999,122.46,10.098,13.353,12.383,-0.01371,0.10624,-0.0005699999999999,10.382,7.6487,7.6872,7.638899999999999,-4.6393,10
2016-10-04 19:43:00,1.3619,-0.77564,122.45,9.9906,13.354,12.361,-0.01335,0.11952,-0.00512,10.337,7.5095,7.6314,7.5795,-4.6393,10
2016-10-04 19:44:00,1.3625,-0.72025,122.44,9.8751,13.355,12.34,-0.01353,-0.98274,0.0126,10.297,7.4679,7.4721,7.3333,-4.6393,10
2016-10-04 19:45:00,1.3616,-0.6537699999999999,122.5,9.7597,13.356,12.318,-0.01115,0.01771,0.0004299999999999,10.241,7.418,7.3928,7.1916,-4.6393,10
2016-10-04 19:46:00,1.3619,-0.67593,122.47,9.6585,13.355,12.295,-0.01682,0.7304199999999998,-0.01508,10.183,7.3204,7.3499,7.1417,-4.6393,10
2016-10-04 19:47:00,1.3622,-0.7535,122.48,9.5719,13.355,12.274,-0.01463,-0.01328,-0.0014,10.129,7.2183,7.3213,7.069,-4.6393,10
2016-10-04 19:48:00,1.3639,-0.76458,122.48,9.456600000000002,13.358,12.252,-0.0100599999999999,-0.00885,0.00384,10.08,7.2652,7.2126,6.963,-4.6393,10
2016-10-04 19:49:00,1.363,-0.6870199999999999,122.51,9.3386,13.357,12.227,-0.0164599999999999,-0.79683,0.01099,10.046,7.2007,7.2218,6.8803,-4.6393,10
2016-10-04 19:50:00,1.3617,-0.74243,122.46,9.3272,13.359,12.21,-0.0234,-0.57549,0.01481,10.008,7.1933,7.297799999999999,6.9507,-4.6393,10
2016-10-04 19:51:00,1.36,-0.75351,122.47,9.3882,13.361,12.195,-0.02048,-0.50024,0.00466,9.9972,7.2783,7.2671,6.8688,-4.6393,10
2016-10-04 19:52:00,1.3611,-0.7424199999999999,122.47,9.5218,13.361,12.166,-0.01335,-0.33644,0.0040499999999999,9.971100000000002,7.1553,7.1981,6.8404,-4.3631,10
2016-10-04 19:53:00,1.3608,-0.7645699999999999,122.49,9.6991,13.363,12.136,-0.01188,-0.3497199999999999,0.00457,9.9437,7.1475,7.2323,6.855,-4.0594,10
2016-10-04 19:54:00,1.3622,-0.7534899999999999,122.44,9.8654,13.364,12.115,-0.01865,-0.26561,0.00708,9.943,7.132,7.2098,6.8437,-4.0594,10
2016-10-04 19:55:00,1.3619,-0.7535,122.44,10.044,13.365,12.095,-0.01463,0.86323,-0.01365,9.9402,7.1923,7.2666,6.8837,-4.0594,10
2016-10-04 19:56:00,1.3614,-0.76458,122.46,10.157,13.365,12.067,-0.01572,-0.2080599999999999,0.00363,9.9422,7.2966,7.2868,6.9734,-3.9765,10
2016-10-04 19:57:00,1.3625,-0.7424199999999999,122.46,10.208,13.365,12.043,-0.01316,0.19921,0.0029499999999999,9.9145,7.2386,7.2064,6.9259,-4.0041,10
2016-10-04 19:58:00,1.3614,-0.75351,122.44,10.168,13.366,12.026,-0.0177399999999999,-0.19921,0.0021199999999999,9.8689,7.1577,7.15,6.8042,-3.9765,10
2016-10-04 19:59:00,1.3619,-0.7756699999999999,122.45,10.116,13.367,12.001,-0.01865,-0.1018199999999999,-0.00118,9.8333,7.1156,7.009,6.6941,-4.3631,10
2016-10-04 20:00:00,1.3611,-0.7756699999999999,122.47,10.061,13.367,11.972,-0.01956,0.32316,-0.00759,9.7863,6.9498,6.9414,6.6769,-4.6393,10
2016-10-04 20:01:00,1.3622,-0.7424399999999999,122.47,9.9187,13.369,11.945,-0.01591,0.02213,-0.0049199999999999,9.7302,6.8738,6.8977,6.6009,-4.6392,10
2016-10-04 20:02:00,1.3625,-0.7535199999999999,122.49,9.733,13.368,11.926,-0.01188,-0.52238,0.0062599999999999,9.6818,6.7095,6.7621,6.5277,-4.225,10
2016-10-04 20:03:00,1.3625,-0.7424399999999999,122.48,9.5772,13.368,11.9,-0.01316,-0.25233,-0.00095,9.6273,6.6644,6.6546,6.3591,-4.0593,10
2016-10-04 20:04:00,1.3611,-0.72028,122.52,9.4037,13.369,11.876,-0.01865,-1.0403,0.0172,9.5939,6.574,6.6147,6.2785,-3.9765,10
2016-10-04 20:05:00,1.362,-0.7756899999999999,122.54,9.2724,13.37,11.854,-0.01316,0.62863,-0.00915,9.537400000000002,6.539,6.5495,6.2595,-3.9765,10
2016-10-04 20:06:00,1.3617,-0.7867699999999999,122.53,9.1805,13.369,11.834,-0.017,-0.83227,0.0126199999999999,9.5085,6.5337,6.5506,6.1981,-3.9765,10
2016-10-04 20:07:00,1.3617,-0.75353,122.55,9.1653,13.37,11.813,-0.01481,0.14166,-0.00068,9.4585,6.447,6.5277,6.3115,-3.9765,10
2016-10-04 20:08:00,1.3611,-0.76461,122.6,9.1881,13.37,11.783,-0.02084,1.2396,-0.02825,9.4104,6.4316,6.4344,6.2518,-3.9765,10
2016-10-04 20:09:00,1.362,-0.79785,122.57,9.156300000000002,13.368,11.759,-0.0190199999999999,0.81899,-0.0156899999999999,9.3687,6.3124,6.3805,6.231,-4.0317,10
2016-10-04 20:10:00,1.362,-0.74245,122.61,9.2019,13.371,11.732,-0.0201099999999999,0.92082,-0.01873,9.33,6.3795,6.4048,6.3177,-4.3079,10
2016-10-04 20:11:00,1.3609,-0.7313699999999999,122.67,9.204300000000002,13.373,11.702,-0.01975,1.1732,-0.01708,9.2896,6.3192,6.3992,6.2637,-4.6392,10
2016-10-04 20:12:00,1.3634,-0.76461,122.62,9.1855,13.374,11.675,-0.01975,-0.06198,-0.00076,9.2709,6.2456,6.3818,6.2512,-4.6393,10
2016-10-04 20:13:00,1.3631,-0.7646199999999999,122.64,9.1786,13.375,11.661,-0.01755,0.3674399999999999,-0.00708,9.2399,6.2249,6.3415,6.2783,-4.6393,10
2016-10-04 20:14:00,1.3631,-0.74245,122.65,9.1647,13.375,11.638,-0.0177399999999999,0.84113,-0.0162199999999999,9.1927,6.1642,6.2583,6.2246,-4.6393,10
2016-10-04 20:15:00,1.3617,-0.7202899999999999,122.66,9.1594,13.378,11.603,-0.01207,-0.41614,0.00513,9.1606,6.1185,6.1804,6.0954,-4.6393,10
2016-10-04 20:16:00,1.3625,-0.79786,122.64,9.1375,13.378,11.577,-0.0213899999999999,-0.02214,-0.0062599999999999,9.1205,6.0325,6.147,6.0831,-4.6393,10
2016-10-04 20:17:00,1.3614,-0.7535399999999999,122.62,9.1506,13.378,11.552,-0.0237699999999999,0.88983,-0.0214799999999999,9.0932,6.0514,6.1322,6.1132,-4.6393,10
2016-10-04 20:18:00,1.3628,-0.7535399999999999,122.64,9.2727,13.378,11.527,-0.02468,0.0,0.00364,9.0784,6.177,6.1089,6.0267,-4.5842,10
2016-10-04 20:19:00,1.3623,-0.70921,122.69,9.4259,13.38,11.505,-0.0113399999999999,-0.03542,-0.00265,9.0653,6.1062,6.109,6.0605,-4.2804,10
2016-10-04 20:20:00,1.3609,-0.73138,122.73,9.4495,13.379,11.48,-0.01481,0.95624,-0.0128699999999999,9.0072,5.9727,6.0788,6.0542,-4.1976,10
2016-10-04 20:21:00,1.3628,-0.7757,122.66,9.4635,13.38,11.455,-0.017,-0.7968699999999999,0.0108299999999999,8.9821,5.9621,6.0738,6.0015,-4.5842,10
2016-10-04 20:22:00,1.3625,-0.73138,122.7,9.5419,13.38,11.434,-0.01993,-0.03984,0.00287,8.9801,6.0704,6.1435,6.107,-4.6394,10
2016-10-04 20:23:00,1.3625,-0.74246,122.66,9.5664,13.382,11.4,-0.0128,-0.03984,0.00268,8.952199999999998,6.041,6.1878,6.2145,-4.6394,10
2016-10-04 20:24:00,1.362,-0.7203,122.71,9.6577,13.382,11.373,-0.01719,-0.41614,0.00506,8.930899999999998,6.1383,6.2499,6.2829,-4.6394,10
2016-10-04 20:25:00,1.362,-0.7092199999999999,122.76,9.7272,13.381,11.348,-0.0164599999999999,0.23463,-0.0048199999999999,8.9162,6.1572,6.2689,6.3707,-4.6394,10
2016-10-04 20:26:00,1.3617,-0.73138,122.77,9.7869,13.382,11.328,-0.0226699999999999,0.82786,-0.02121,8.9097,6.2055,6.3972,6.6078,-4.6394,10
2016-10-04 20:27:00,1.3623,-0.73138,122.77,9.839,13.382,11.303,-0.02103,0.22578,0.00108,8.930799999999998,6.2942,6.4402,6.6978,-4.6394,10
2016-10-04 20:28:00,1.3628,-0.74246,122.85,9.8497,13.383,11.273,-0.0191999999999999,-0.85885,0.02206,8.9185,6.2987,6.5416,6.7949,-4.6394,10
2016-10-04 20:29:00,1.3634,-0.7535399999999999,122.78,9.8357,13.383,11.246,-0.02249,0.61536,-0.01399,8.9572,6.4008,6.73,6.9979,-4.308,10
2016-10-04 20:30:00,1.3628,-0.7203,122.88,9.7856,13.385,11.219,-0.02084,0.7791599999999999,-0.0134699999999999,8.9757,6.5689,6.7113,6.9309,-3.9766,10
2016-10-04 20:31:00,1.3631,-0.74246,122.87,9.7505,13.385,11.194,-0.0164599999999999,0.21693,-0.00221,8.931,6.4854,6.5521,6.7647,-3.5072,10
2016-10-04 20:32:00,1.3631,-0.77571,122.86,9.6769,13.384,11.176,-0.01883,-0.36302,0.00506,8.8746,6.3705,6.4014,6.5993,-3.3691,10
2016-10-04 20:33:00,1.3631,-0.7092199999999999,122.85,9.5771,13.382,11.155,-0.02322,-0.58437,0.01129,8.8168,6.2533,6.3088,6.4401,-3.6453,10
2016-10-04 20:34:00,1.3631,-0.73138,122.87,9.4571,13.384,11.13,-0.0215799999999999,0.03099,0.00222,8.760199999999998,6.207,6.2147,6.3461,-3.9214,10
2016-10-04 20:35:00,1.3623,-0.76463,122.87,9.3752,13.388,11.099,-0.0213899999999999,1.0271,-0.02203,8.7123,6.0416,6.1968,6.3983,-3.949,10
2016-10-04 20:36:00,1.362,-0.7203,122.85,9.3346,13.384,11.083,-0.02542,-0.65078,0.0202899999999999,8.727,6.114,6.2945,6.4511,-3.9766,10
2016-10-04 20:37:00,1.3623,-0.7535399999999999,122.82,9.4822,13.385,11.058,-0.02084,-0.1150999999999999,0.0009799999999999,8.7515,6.2545,6.4244,6.6168,-3.7557,10
2016-10-04 20:38:00,1.3634,-0.7203,122.82,9.6161,13.387,11.033,-0.01463,-0.54896,0.0091599999999999,8.776,6.3458,6.5915,6.7901,-2.7892,10
2016-10-04 20:39:00,1.3626,-0.7203,122.9,9.8228,13.388,11.01,-0.01554,-0.10625,0.00506,8.8086,6.486,6.6867,6.893,-2.6235,10
2016-10-04 20:40:00,1.3628,-0.73138,122.91,9.9423,13.387,10.989,-0.01993,-0.07083,0.0052599999999999,8.806699999999998,6.4666,6.7452,6.9704,-2.0435,10
2016-10-04 20:41:00,1.3617,-0.74246,122.97,9.9222,13.388,10.969,-0.01536,-0.50911,0.0094999999999999,8.787,6.5079,6.8047,6.9815,-1.436,10
2016-10-04 20:42:00,1.362,-0.7203,122.98,9.8746,13.388,10.951,-0.02066,0.27005,-0.01008,8.7649,6.5018,6.753,6.9586,-1.3255,10
2016-10-04 20:43:00,1.3631,-0.7203,122.97,9.8067,13.386,10.919,-0.02066,-0.0575499999999999,0.00787,8.7285,6.4617,6.7782,6.8764,-1.3255,10
2016-10-04 20:44:00,1.362,-0.73138,122.92,9.7177,13.387,10.9,-0.01975,-0.0885399999999999,0.0035799999999999,8.7004,6.4664,6.6932,6.8356,-1.3255,10
2016-10-04 20:45:00,1.3642,-0.7535399999999999,122.92,9.6974,13.389,10.884,-0.0245,0.06198,-0.0012199999999999,8.699,6.5015,6.7155,6.8523,-1.3256,10
2016-10-04 20:46:00,1.3631,-0.7203,122.95,9.6713,13.39,10.864,-0.02542,0.21693,-0.00644,8.6688,6.4424,6.7035,6.8845,-1.4636,10
2016-10-04 20:47:00,1.362,-0.7867899999999999,122.9,9.6504,13.389,10.839,-0.017,0.13281,0.00151,8.645099999999998,6.521,6.7035,6.8993,-1.657,10
2016-10-04 20:48:00,1.362,-0.77571,122.91,9.629600000000002,13.388,10.827,-0.01847,-0.25234,0.01156,8.6256,6.5063,6.7141,6.886,-2.2093,10
2016-10-04 20:49:00,1.3623,-0.74246,122.91,9.6304,13.389,10.811,-0.02048,0.14609,-0.0035899999999999,8.603199999999998,6.5625,6.7098,6.907,-2.5131,10
2016-10-04 20:50:00,1.3615,-0.74246,122.88,9.6897,13.389,10.793,-0.0213899999999999,0.51797,-0.01247,8.5706,6.4744,6.6435,6.8709,-2.6512,10
2016-10-04 20:51:00,1.3623,-0.74246,122.88,9.7026,13.389,10.773,-0.0202999999999999,-0.0442699999999999,0.0016,8.5524,6.5143,6.6624,6.8119,-2.6788,10
2016-10-04 20:52:00,1.3623,-0.7203,122.89,9.6355,13.389,10.752,-0.0179199999999999,0.5533799999999999,-0.00738,8.5267,6.4766,6.4914,6.6619,-2.6511,10
2016-10-04 20:53:00,1.3623,-0.73138,122.94,9.5303,13.391,10.743,-0.02304,0.0796899999999999,0.0016199999999999,8.491899999999998,6.356,6.4171,6.5462,-2.6511,10
2016-10-04 20:54:00,1.3617,-0.73138,122.97,9.448,13.39,10.723,-0.02468,0.3143199999999999,-0.0061599999999999,8.4512,6.2435,6.3917,6.5538,-2.6788,10
2016-10-04 20:55:00,1.3623,-0.73138,123.0,9.3802,13.391,10.704,-0.02304,0.2124999999999999,-0.0080599999999999,8.4176,6.2624,6.346,6.4955,-2.7064,10
2016-10-04 20:56:00,1.3623,-0.73138,122.99,9.337700000000002,13.391,10.686,-0.01847,0.3099,-0.0035599999999999,8.3941,6.3294,6.3666,6.4663,-2.8445,10
2016-10-04 20:57:00,1.362,-0.73138,123.04,9.312,13.393,10.666,-0.01737,0.99167,-0.01401,8.3709,6.2274,6.3293,6.4915,-3.314,10
2016-10-04 20:58:00,1.3631,-0.74246,122.97,9.2663,13.393,10.663,-0.0191999999999999,-1.1555,0.02144,8.3932,6.2744,6.2716,6.3861,-3.673,10
2016-10-04 20:59:00,1.3626,-0.74246,122.99,9.2599,13.393,10.643,-0.0201099999999999,-0.70391,0.01643,8.361,6.3011,6.261,6.4015,-3.7835,10
2016-10-04 21:00:00,1.3637,-0.77571,123.01,9.2132,13.392,10.626,-0.01956,-0.66849,0.01268,8.341699999999998,6.149,6.2122,6.3562,-3.9216,10
2016-10-04 21:01:00,1.3617,-0.6981399999999999,123.09,9.1619,13.393,10.613,-0.01408,-0.7526,0.00766,8.3124,5.9903,6.1729,6.3555,-3.8388,10
2016-10-04 21:02:00,1.3626,-0.75355,122.74,9.1809,13.393,10.59,-0.02468,-0.5710899999999999,0.01362,8.2857,5.9901,6.151,6.3982,-3.756,10
2016-10-04 21:03:00,1.3626,-0.74246,121.73,9.18,13.393,10.579,-0.02212,-0.1416699999999999,0.00148,8.261,5.8972,6.1382,6.3678,-3.8112,10
2016-10-04 21:04:00,1.3634,-0.75355,121.73,9.154000000000002,13.393,10.563,-0.02304,-0.07083,0.0033,8.2554,5.9913,6.1578,6.3509,-3.9493,10
2016-10-04 21:05:00,1.3637,-0.7203,121.74,9.0932,13.394,10.556,-0.01755,-0.0044299999999999,0.0020899999999999,8.269199999999998,6.2363,6.2279,6.3718,-3.9769,10
2016-10-04 21:06:00,1.3612,-0.73138,121.82,9.531,13.394,10.537,-0.02176,-0.96953,0.0185899999999999,8.3377,6.3128,6.5572,6.7389,-3.4798,10
2016-10-04 21:07:00,1.3628,-0.77571,121.78,9.763000000000002,13.395,10.517,-0.0177399999999999,0.08411,-0.00451,8.3475,6.2496,6.5683,6.7796,-2.5408,10
2016-10-04 21:08:00,1.3628,-0.7203,121.75,9.7618,13.395,10.506,-0.0245,-0.27448,0.00768,8.3395,6.3363,6.5427,6.7575,-2.2647,10
2016-10-04 21:09:00,1.3628,-0.76463,121.82,9.8952,13.395,10.494,-0.02743,-0.03099,-0.00079,8.3718,6.4691,6.6102,6.8116,-2.3199,10
2016-10-04 21:10:00,1.3634,-0.77571,121.76,9.941,13.395,10.476,-0.02121,-0.4737,0.01282,8.3617,6.4421,6.4885,6.6731,-2.6237,10
2016-10-04 21:11:00,1.3631,-0.75355,121.77,9.9498,13.395,10.467,-0.02359,0.45599,-0.01426,8.355399999999998,6.4042,6.6344,6.859,-2.5961,10
2016-10-04 21:12:00,1.3628,-0.73138,121.84,9.9031,13.394,10.451,-0.0234,-0.0974,0.00299,8.324,6.3171,6.4175,6.631,-2.0714,10
2016-10-04 21:13:00,1.3637,-0.73138,121.8,9.7247,13.395,10.448,-0.0201099999999999,-0.12839,0.0042399999999999,8.2651,6.1906,6.3002,6.4463,-2.2647,10
2016-10-04 21:14:00,1.3626,-0.74246,121.86,9.5453,13.394,10.423,-0.01408,1.0138,-0.01135,8.194,6.0652,6.2204,6.3391,-2.4857,10
2016-10-04 21:15:00,1.3631,-0.74246,121.82,9.426100000000002,13.395,10.409,-0.01298,-0.24792,0.00368,8.1546,5.9841,6.126,6.2763,-2.6514,10
2016-10-04 21:16:00,1.3634,-0.73138,121.85,9.3583,13.396,10.407,-0.0179199999999999,0.08411,-0.00513,8.129699999999998,5.9964,6.0673,6.1924,-2.6514,10
2016-10-04 21:17:00,1.3626,-0.77571,121.84,9.3614,13.396,10.389,-0.0166399999999999,-0.60208,0.01216,8.098599999999998,5.878,6.0178,6.1689,-2.7619,10
2016-10-04 21:18:00,1.3631,-0.76463,121.85,9.2929,13.396,10.379,-0.01956,-0.12839,0.0037499999999999,8.0564,5.8342,5.9333,6.0535,-3.6181,10
2016-10-04 21:19:00,1.3631,-0.74246,121.92,8.992499999999998,13.397,10.364,-0.02432,-0.39401,0.00927,8.0351,5.7735,5.9513,6.0103,-3.9219,10
2016-10-04 21:20:00,1.3628,-0.77571,121.93,8.769199999999998,13.394,10.347,-0.02121,-0.83672,0.0182399999999999,7.981499999999999,5.6894,5.8356,5.939,-3.9495,10
2016-10-04 21:21:00,1.362,-0.73138,121.94,8.670899999999998,13.399,10.334,-0.0252299999999999,0.91198,-0.01985,7.9382,5.6888,5.8126,5.9271,-3.8943,10
2016-10-04 21:22:00,1.3639,-0.74246,121.93,8.602,13.398,10.323,-0.02194,0.15937,-0.00468,7.8981,5.6429,5.7694,5.8735,-3.9771,10
2016-10-04 21:23:00,1.3623,-0.74246,121.82,8.5202,13.399,10.315,-0.0201099999999999,-0.40286,0.0047699999999999,7.8661,5.6107,5.7148,5.804,-3.9771,10
2016-10-04 21:24:00,1.3634,-0.7978699999999999,121.85,8.415599999999998,13.4,10.302,-0.01518,0.13281,0.0008199999999999,7.833999999999999,5.6523,5.7191,5.8323,-3.9771,10
2016-10-04 21:25:00,1.3628,-0.76463,121.87,8.2872,13.4,10.288,-0.01316,0.54896,-0.0097999999999999,7.8148,5.6942,5.7498,5.8756,-3.9771,10
2016-10-04 21:26:00,1.3631,-0.74246,121.8,8.1714,13.4,10.281,-0.01883,-0.4958299999999999,0.0147,7.8105,5.7384,5.7749,5.8944,-3.9771,10
2016-10-04 21:27:00,1.3631,-0.76463,121.84,8.1609,13.401,10.268,-0.0179199999999999,-0.2390599999999999,0.0052599999999999,7.8127,5.8053,5.8559,5.9789,-3.9771,10
2016-10-04 21:28:00,1.3634,-0.76463,121.86,8.2302,13.401,10.244,-0.0138999999999999,-0.25677,0.00119,7.8116,5.8112,5.8344,6.0059,-3.9771,10
2016-10-04 21:29:00,1.3631,-0.7978699999999999,121.89,8.253299999999998,13.403,10.237,-0.01956,0.30547,-0.0047299999999999,7.8051,5.8223,5.8554,6.0493,-3.9771,10
2016-10-04 21:30:00,1.3634,-0.75355,121.9,8.344799999999998,13.402,10.222,-0.02103,-0.03542,-0.00512,7.8063,5.879,5.9437,6.1755,-3.9771,10
2016-10-04 21:31:00,1.3628,-0.77571,121.81,8.4645,13.401,10.217,-0.02724,-0.0796899999999999,0.00109,7.8318,5.9566,6.01,6.2903,-3.9771,10
2016-10-04 21:32:00,1.3637,-0.77571,121.83,8.5381,13.403,10.198,-0.0181,-0.2346399999999999,0.00817,7.8304,5.9116,5.991,6.3191,-3.9771,10
2016-10-04 21:33:00,1.3631,-0.76463,121.79,8.5511,13.402,10.18,-0.01883,-0.0974,0.00058,7.8091,5.8002,5.9085,6.2499,-3.9771,10
2016-10-04 21:34:00,1.3634,-0.75355,121.81,8.4539,13.404,10.174,-0.0166399999999999,0.35859,-0.00363,7.805799999999999,5.8588,5.9199,6.1982,-3.9772,10
2016-10-04 21:35:00,1.3634,-0.76463,121.8,8.3446,13.405,10.151,-0.02249,-0.0487,0.00177,7.7966,5.8313,5.9142,6.1904,-3.9772,10
2016-10-04 21:36:00,1.3631,-0.7092199999999999,121.81,8.359199999999998,13.405,10.15,-0.02212,0.3010399999999999,-0.0064799999999999,7.8046,5.8471,5.8935,6.1914,-3.9772,10
2016-10-04 21:37:00,1.3626,-0.76463,121.82,8.307299999999998,13.406,10.153,-0.01755,0.12396,-0.0012199999999999,7.8181,5.8388,5.94,6.1894,-3.9771,10
2016-10-04 21:38:00,1.3631,-0.76463,121.79,8.294,13.403,10.13,-0.0190199999999999,-0.1150999999999999,0.0052399999999999,7.819499999999999,5.9836,5.9871,6.2169,-3.9771,10
2016-10-04 21:39:00,1.3642,-0.7978699999999999,121.79,8.3385,13.406,10.109,-0.01938,0.18151,0.0006999999999999,7.819099999999999,5.9636,5.9727,6.272,-3.9771,10
2016-10-04 21:40:00,1.3639,-0.7867899999999999,121.81,8.279,13.406,10.091,-0.02743,-0.1505199999999999,-0.00011,7.797799999999999,5.9858,5.9787,6.2801,-3.9771,10
2016-10-04 21:41:00,1.3631,-0.7867899999999999,121.85,8.1683,13.409,10.072,-0.02066,0.34089,-0.0136799999999999,7.7614,5.9134,5.9872,6.3497,-3.9771,10
2016-10-04 21:42:00,1.3631,-0.7978699999999999,121.87,8.2176,13.41,10.066,-0.0202999999999999,-0.34974,0.00653,7.767299999999999,5.9179,6.0036,6.3359,-3.9771,10
2016-10-04 21:43:00,1.3634,-0.76463,121.91,8.480399999999998,13.409,10.05,-0.02304,-0.15495,0.0047299999999999,7.7723,5.925,5.9967,6.3852,-3.9771,10
2016-10-04 21:44:00,1.3628,-0.74246,121.92,8.6424,13.41,10.036,-0.02084,0.1682299999999999,-0.00346,7.7735,5.7976,5.9733,6.3526,-3.9771,10
2016-10-04 21:45:00,1.3631,-0.7978699999999999,121.94,8.4267,13.41,10.019,-0.02542,-0.2124999999999999,-5e-05,7.7221,5.637,5.8325,6.181,-3.9771,10
2016-10-04 21:46:00,1.3645,-0.7867899999999999,121.92,8.3079,13.412,10.004,-0.01975,0.10625,0.00413,7.6833,5.5932,5.731,6.0319,-3.9771,10
2016-10-04 21:47:00,1.3628,-0.8200399999999999,121.95,8.2568,13.41,9.9849,-0.0252299999999999,-0.23021,0.0047099999999999,7.643399999999998,5.5124,5.6552,5.9174,-3.9771,10
2016-10-04 21:48:00,1.362,-0.75355,121.97,8.239,13.408,9.9831,-0.01828,0.11953,-0.00231,7.641,5.5113,5.704,5.9676,-3.9771,10
2016-10-04 21:49:00,1.3642,-0.76463,121.96,8.241899999999998,13.411,9.9618,-0.02432,0.2789099999999999,-0.0092899999999999,7.6245,5.5518,5.7346,6.0101,-3.9772,10
2016-10-04 21:50:00,1.3634,-0.74246,121.98,8.372999999999998,13.412,9.940600000000002,-0.02304,0.0575499999999999,-0.0087399999999999,7.6326,5.5789,5.7132,5.9922,-3.9772,10
2016-10-04 21:51:00,1.3631,-0.7978699999999999,121.97,8.4314,13.412,9.9335,-0.02084,0.1947899999999999,-0.00877,7.6325,5.488,5.6744,5.9099,-3.9772,10
2016-10-04 21:52:00,1.3639,-0.70923,122.01,8.447,13.415,9.911,-0.01682,-1.1201,0.0187699999999999,7.6035,5.3499,5.6277,5.8618,-3.9219,10
2016-10-04 21:53:00,1.3612,-0.676,122.01,8.3944,13.412,9.8996,-0.0166399999999999,-1.3813,0.02274,7.6012,5.3524,5.5121,5.7104,-3.8667,10
2016-10-04 21:54:00,1.3632,-0.76465,122.04,8.2948,13.413,9.881900000000002,-0.01719,0.46486,-0.0095099999999999,7.538599999999998,5.2023,5.4865,5.6982,-3.7286,10
2016-10-04 21:55:00,1.364,-0.77573,121.97,7.9321,13.414,9.8747,-0.02048,0.08412,-0.0039199999999999,7.4858,5.1345,5.3245,5.5419,-3.8943,10
2016-10-04 21:56:00,1.364,-0.74248,121.96,7.7552,13.414,9.855,-0.02103,0.07084,0.0002999999999999,7.4142,5.0091,5.2329,5.3983,-3.9772,10
2016-10-04 21:57:00,1.3637,-0.77573,122.01,7.7398,13.415,9.8409,-0.0215799999999999,-0.17266,0.0055599999999999,7.393,4.9934,5.2376,5.3699,-3.9772,10
2016-10-04 21:58:00,1.3623,-0.7868199999999999,122.03,7.7577,13.414,9.8219,-0.02542,-0.0177,0.00174,7.372499999999999,4.9419,5.1854,5.3177,-3.9772,10
2016-10-04 21:59:00,1.3643,-0.7535899999999999,122.06,7.6585,13.413,9.815600000000002,-0.0201099999999999,-0.5312799999999999,0.00837,7.3311,4.9031,5.0946,5.2684,-3.9496,10
2016-10-04 22:00:00,1.3626,-0.78683,122.16,7.6778,13.416,9.805,-0.01975,-0.98729,0.0169799999999999,7.3029,4.9184,5.1542,5.3091,-3.9772,10
2016-10-04 22:01:00,1.364,-0.80901,122.15,7.907,13.416,9.786,-0.01993,-0.1150999999999999,-0.0041599999999999,7.288,4.8999,5.1759,5.3793,-3.9772,10
2016-10-04 22:02:00,1.3632,-0.8090199999999999,122.17,7.727,13.414,9.7741,-0.02341,-0.1283999999999999,0.00766,7.2529,4.821,5.0682,5.2483,-3.9772,10
2016-10-04 22:03:00,1.3651,-0.7536,122.1,7.4309,13.416,9.7511,-0.0191999999999999,-0.2523599999999999,0.0037299999999999,7.1913,4.8732,4.9703,5.1034,-3.9773,10
2016-10-04 22:04:00,1.3629,-0.74251,122.02,7.3516,13.417,9.7313,-0.0237699999999999,-0.2700699999999999,0.00118,7.1468,4.7989,4.958,5.1094,-3.9773,10
2016-10-04 22:05:00,1.3646,-0.7979199999999999,121.98,7.328999999999998,13.417,9.7239,-0.02066,-0.22137,0.00388,7.1169,4.6872,4.9436,5.1386,-3.9773,10
2016-10-04 22:06:00,1.3635,-0.7979199999999999,122.0,7.3206,13.418,9.701,-0.01481,0.0531299999999999,0.00248,7.0911,4.8443,4.8781,5.0161,-3.9773,10
2016-10-04 22:07:00,1.3646,-0.79793,121.97,7.334399999999999,13.418,9.6892,-0.02853,0.81908,-0.0219899999999999,7.0589,4.7007,4.8388,5.0183,-3.9773,10
2016-10-04 22:08:00,1.3643,-0.78686,121.96,7.361799999999999,13.419,9.6683,-0.01554,-0.18595,0.0040099999999999,7.0378,4.7296,4.8888,5.0634,-3.9773,10
2016-10-04 22:09:00,1.3627,-0.8311899999999999,122.0,7.4314,13.42,9.6506,-0.0166399999999999,1.1688,-0.01821,7.0236,4.7547,4.7927,5.0272,-3.9774,10
2016-10-04 22:10:00,1.363,-0.7647,122.0,7.4336,13.421,9.6387,-0.02359,0.61985,-0.01515,7.0032,4.6595,4.8222,5.0848,-3.9775,10
2016-10-04 22:11:00,1.3632,-0.79795,122.03,7.4997,13.422,9.6231,-0.02359,-0.2567999999999999,0.0066499999999999,7.0316,4.6881,4.7444,4.9839,-3.9775,10
2016-10-04 22:12:00,1.363,-0.7868699999999998,122.06,7.5462,13.421,9.6054,-0.02249,-0.0929799999999999,0.0047,7.0069,4.602,4.745,4.9619,-3.9774,10
2016-10-04 22:13:00,1.3646,-0.76471,122.03,7.4499,13.422,9.5899,-0.0250499999999999,0.35863,-0.00745,6.9577,4.5075,4.6702,4.8442,-3.9774,10
2016-10-04 22:14:00,1.3641,-0.79796,122.02,7.2405,13.421,9.567100000000002,-0.01938,0.0398499999999999,-0.00329,6.9011,4.4457,4.4725,4.5852,-3.9774,10
2016-10-04 22:15:00,1.3641,-0.78688,122.02,7.0359,13.424,9.5494,-0.02469,-0.01328,-0.0023999999999999,6.8307,4.2185,4.3708,4.4709,-3.9774,10
2016-10-04 22:16:00,1.3641,-0.7979899999999999,122.02,6.8299,13.424,9.5369,-0.0299899999999999,0.17712,-0.00493,6.7838,4.1593,4.2989,4.4082,-4.0326,10
2016-10-04 22:17:00,1.3641,-0.80908,122.04,6.6909,13.426,9.5178,-0.0239599999999999,0.0974099999999999,-0.0008899999999999,6.733,4.0286,4.2056,4.3163,-4.1155,10
2016-10-04 22:18:00,1.365,-0.77583,122.07,6.6979,13.425,9.4984,-0.02249,-0.03542,-0.00116,6.6959,4.0266,4.1811,4.2516,-4.0602,10
2016-10-04 22:19:00,1.3628,-0.82017,122.03,6.754,13.426,9.479,-0.0175599999999999,0.16383,-0.0054599999999999,6.6702,3.9684,4.1221,4.2575,-4.0602,10
2016-10-04 22:20:00,1.3653,-0.80908,122.04,6.3946,13.428,9.472,-0.02176,-0.21253,0.0022399999999999,6.6189,3.8646,4.0677,4.182,-4.0326,10
2016-10-04 22:21:00,1.3633,-0.78692,122.05,6.1166,13.43,9.4455,-0.01957,-1.0582,0.02116,6.5635,3.842,3.9739,4.0558,-4.1983,10
2016-10-04 22:22:00,1.3644,-0.84233,122.09,5.9962,13.431,9.4297,-0.02323,0.23025,-0.00579,6.5061,3.7717,3.965,4.0891,-4.4746,10
2016-10-04 22:23:00,1.365,-0.798,122.15,6.113,13.433,9.3997,-0.02341,-0.0974099999999999,0.00363,6.483,3.7449,3.9862,4.1004,-4.0879,10
2016-10-04 22:24:00,1.3639,-0.84233,122.18,6.1799,13.432,9.3891,-0.02542,0.28338,-0.0032799999999999,6.452,3.7991,3.9536,4.0982,-3.9774,10
2016-10-04 22:25:00,1.3645,-0.8201899999999999,122.15,6.082,13.433,9.3641,-0.03182,-0.58449,0.01684,6.4107,3.7739,3.9467,4.0941,-3.9774,10
2016-10-04 22:26:00,1.3639,-0.79803,122.16,6.0692,13.433,9.3394,-0.01993,-0.05756,0.0063099999999999,6.3718,3.847,3.9832,4.1164,-3.9774,10
2016-10-04 22:27:00,1.3639,-0.79803,122.18,6.1095,13.435,9.32,-0.0215799999999999,-0.23468,0.0040699999999999,6.3474,3.9106,3.9791,4.0919,-3.9773,10
2016-10-04 22:28:00,1.3647,-0.80911,122.16,6.2102,13.434,9.3075,-0.02323,-0.23468,0.0005,6.3425,3.9932,4.0123,4.1441,-3.9773,10
2016-10-04 22:29:00,1.3647,-0.83127,122.07,6.4434,13.434,9.2793,-0.02542,0.28781,-0.0079,6.3345,3.9774,4.1072,4.3187,-3.9773,10
2016-10-04 22:30:00,1.3625,-0.80911,122.0,6.8541,13.436,9.2598,-0.0263299999999999,-1.2044,0.033,6.3796,4.1384,4.2273,4.462,-3.8944,10
2016-10-04 22:31:00,1.3653,-0.7869399999999999,121.92,7.2279,13.436,9.2315,-0.03146,-0.13284,0.00408,6.3968,4.2551,4.327,4.6511,-3.7563,10
2016-10-04 22:32:00,1.365,-0.84235,121.94,7.4856,13.437,9.2086,-0.0263299999999999,-0.85016,0.02019,6.4411,4.2771,4.3779,4.7062,-3.6458,10
2016-10-04 22:33:00,1.365,-0.77585,122.0,7.4564,13.436,9.1927,-0.02597,-0.07527,0.0028999999999999,6.4153,4.1884,4.3611,4.6888,-3.1763,10
2016-10-04 22:34:00,1.3645,-0.83127,122.02,7.1697,13.436,9.1661,-0.03237,-0.42508,0.01619,6.3669,4.1242,4.2511,4.5521,-2.7896,10
2016-10-04 22:35:00,1.3645,-0.8091,121.97,6.8867,13.437,9.1432,-0.02743,-0.2701,0.0039899999999999,6.3256,4.0898,4.1667,4.4367,-2.8725,10
2016-10-04 22:36:00,1.3647,-0.83127,121.94,6.7433,13.44,9.1238,-0.02451,0.10184,-0.0024299999999999,6.3026,4.1238,4.1802,4.4227,-3.4249,10
2016-10-04 22:37:00,1.3653,-0.77585,121.96,6.7465,13.44,9.1009,-0.02213,0.1904,-0.0073699999999999,6.2914,4.0513,4.2177,4.5039,-3.7564,10
2016-10-04 22:38:00,1.3645,-0.79801,121.96,6.6919,13.441,9.078,-0.01829,0.06642,0.0005699999999999,6.2544,4.055,4.1544,4.4392,-3.9221,10
2016-10-04 22:39:00,1.365,-0.8201899999999999,121.97,6.5564,13.441,9.059,-0.02067,-0.0354099999999999,0.0013699999999999,6.2192,4.0473,4.0543,4.2454,-3.9497,10
2016-10-04 22:40:00,1.3639,-0.7980399999999999,121.97,6.4217,13.441,9.037,-0.02542,0.5623599999999999,-0.01528,6.1437,3.8021,3.9242,4.1463,-3.9497,10
2016-10-04 22:41:00,1.365,-0.8312899999999999,121.97,6.2566,13.441,9.0089,-0.02103,-0.0044299999999999,-0.0012899999999999,6.0964,3.6925,3.7694,3.9395,-3.9773,10
2016-10-04 22:42:00,1.3639,-0.78695,121.98,6.0607,13.443,8.9876,-0.02341,-0.0841299999999999,0.00413,6.0511,3.652,3.7063,3.8058,-3.9773,10
2016-10-04 22:43:00,1.3648,-0.7758599999999999,122.01,5.9054,13.444,8.9645,-0.02542,0.4605099999999999,-0.01321,5.9893,3.5256,3.6668,3.7931,-3.9773,10
2016-10-04 22:44:00,1.365,-0.83128,121.96,5.7847,13.446,8.9452,-0.02487,0.69076,-0.01965,5.9551,3.5279,3.71,3.8144,-4.0049,10
2016-10-04 22:45:00,1.3656,-0.7758599999999999,122.0,5.719,13.446,8.9221,-0.02469,0.76161,-0.01589,5.9277,3.5943,3.8024,3.9562,-3.9773,10
2016-10-04 22:46:00,1.3639,-0.85345,122.03,5.8365,13.446,8.8921,-0.0277999999999999,1.076,-0.0303299999999999,5.934,3.8222,3.8786,4.0366,-4.0049,10
2016-10-04 22:47:00,1.3648,-0.86453,122.04,6.1022,13.446,8.8727,-0.0237699999999999,0.30996,-0.00487,5.9763,4.0375,4.0495,4.2244,-3.9773,10
2016-10-04 22:48:00,1.3642,-0.86453,122.1,6.418,13.446,8.851499999999998,-0.02835,-0.50036,0.0157899999999999,6.0075,4.0857,4.2323,4.4938,-3.9774,10
2016-10-04 22:49:00,1.3645,-0.86452,122.04,6.7309,13.447,8.823299999999998,-0.02231,0.6686199999999999,-0.01193,6.0593,4.3209,4.3618,4.6838,-3.9774,10
2016-10-04 22:50:00,1.3653,-0.87561,122.09,6.9486,13.447,8.8057,-0.0263299999999999,0.0044299999999999,0.00493,6.1217,4.4533,4.418,4.7245,-3.9775,10
2016-10-04 22:51:00,1.3639,-0.8977699999999998,122.05,7.111,13.448,8.789799999999998,-0.0265199999999999,0.79702,-0.0184299999999999,6.1668,4.4385,4.5816,4.9373,-3.6737,10
2016-10-04 22:52:00,1.3645,-0.83127,122.08,7.2148,13.449,8.7598,-0.02615,-1.045,0.02423,6.2322,4.5289,4.5444,4.8621,-2.9279,10
2016-10-04 22:53:00,1.3661,-0.8977699999999998,122.03,7.235699999999999,13.448,8.73,-0.0256,-0.7261699999999999,0.02108,6.2282,4.6031,4.5348,4.8595,-2.7898,10
2016-10-04 22:54:00,1.3659,-0.85345,122.08,7.247099999999999,13.449,8.7115,-0.02688,-0.25683,0.0054,6.2293,4.5429,4.5084,4.7972,-2.6793,10
2016-10-04 22:55:00,1.3642,-0.84238,122.11,7.1932,13.448,8.683799999999998,-0.02414,-0.83247,0.0186699999999999,6.2436,4.4283,4.5417,4.8087,-2.7345,10
2016-10-04 22:56:00,1.3653,-0.86455,122.1,7.1592,13.447,8.6574,-0.02048,0.25683,-0.00472,6.2369,4.3658,4.5836,4.8597,-2.7069,10
2016-10-04 22:57:00,1.3631,-0.88673,122.16,7.134,13.447,8.6371,-0.02798,1.2532,-0.03629,6.2228,4.4264,4.4997,4.7766,-2.6516,10
2016-10-04 22:58:00,1.3659,-0.8424,122.11,7.1549,13.448,8.626799999999998,-0.0212199999999999,-0.2302599999999999,0.00816,6.2413,4.3991,4.4809,4.6881,-2.6516,10
2016-10-04 22:59:00,1.3648,-0.82023,122.16,7.1043,13.448,8.5987,-0.02304,-0.67308,0.01682,6.2263,4.3242,4.418,4.6357,-2.6517,10
2016-10-04 23:00:00,1.3662,-0.8424099999999999,122.12,7.0344,13.449,8.5731,-0.02945,0.6907999999999999,-0.01924,6.1618,4.1318,4.373,4.6415,-2.6517,10
2016-10-04 23:01:00,1.3646,-0.8535,122.14,6.9733,13.448,8.5504,-0.02908,-0.96535,0.02815,6.1363,4.116,4.3297,4.5214,-2.6793,10
2016-10-04 23:02:00,1.3662,-0.8535,122.1,6.974,13.449,8.534599999999998,-0.02579,0.7749399999999999,-0.01925,6.1028,4.2009,4.3137,4.5174,-2.6794,10
2016-10-04 23:03:00,1.366,-0.8202599999999999,122.1,7.0478,13.448,8.5106,-0.02231,0.55796,-0.01255,6.0899,4.238,4.348,4.539,-2.6794,10
2016-10-04 23:04:00,1.3643,-0.8646,122.15,7.1387,13.45,8.4931,-0.0301799999999999,-0.97865,0.0295599999999999,6.0745,4.1245,4.3515,4.5531,-2.7346,10
2016-10-04 23:05:00,1.3649,-0.84243,122.14,7.2047,13.45,8.4703,-0.02707,0.18156,-0.0081099999999999,6.0522,4.1529,4.3524,4.5639,-2.9557,10
2016-10-04 23:06:00,1.3668,-0.80918,122.09,7.2981,13.45,8.4603,-0.0277999999999999,-0.43841,0.01433,6.0766,4.2732,4.2902,4.5143,-3.591,10
2016-10-04 23:07:00,1.3654,-0.80918,122.12,7.2965,13.449,8.4304,-0.02743,-0.48269,0.01231,6.0396,4.009,4.258,4.485,-3.6739,10
2016-10-04 23:08:00,1.3663,-0.77593,122.11,7.315,13.45,8.4147,-0.02433,0.04428,-0.00445,6.0103,4.0029,4.285,4.5042,-3.7015,10
2016-10-04 23:09:00,1.3652,-0.84245,122.16,7.41,13.449,8.3888,-0.03109,0.5136899999999999,-0.01233,5.9885,4.048,4.2568,4.4922,-3.812,10
2016-10-04 23:10:00,1.3643,-0.84245,122.2,7.5366,13.451,8.38,-0.0288999999999999,0.07528,-0.0034299999999999,6.0085,4.0921,4.2465,4.4432,-3.812,10
2016-10-04 23:11:00,1.3643,-0.82028,122.17,7.7041,13.451,8.3537,-0.0276199999999999,0.01771,-0.00018,6.0194,4.1432,4.3526,4.6275,-3.5909,10
2016-10-04 23:12:00,1.3641,-0.84245,122.2,7.8832,13.452,8.3347,-0.02177,-0.8192599999999999,0.01585,6.0397,4.1848,4.4351,4.7373,-3.6185,10
2016-10-04 23:13:00,1.3652,-0.8092,122.13,7.9907,13.451,8.317199999999998,-0.0226799999999999,-0.44727,0.0106,6.0376,4.2066,4.4012,4.7267,-3.7567,10
2016-10-04 23:14:00,1.3652,-0.83137,122.11,7.9973,13.452,8.3014,-0.02487,-0.4207,0.0146599999999999,6.0106,4.0773,4.3241,4.6596,-3.7566,10
2016-10-04 23:15:00,1.3635,-0.83137,122.17,7.686099999999999,13.449,8.2841,-0.02231,0.4207,-0.01064,5.9517,3.9816,4.1368,4.423,-3.9223,10
2016-10-04 23:16:00,1.3652,-0.8535399999999999,122.18,7.4427,13.451,8.2719,-0.02689,-0.3542799999999999,0.01082,5.8846,3.7505,4.0017,4.276,-3.9776,10
2016-10-04 23:17:00,1.3652,-0.82028,122.23,7.1449,13.451,8.259299999999998,-0.0263399999999999,0.78383,-0.0250499999999999,5.813,3.6737,3.8276,4.1386,-3.9775,10
2016-10-04 23:18:00,1.3635,-0.7981,122.23,6.9447,13.451,8.2392,-0.02817,-0.97866,0.0261,5.7738,3.5602,3.6859,3.9307,-3.9775,10
2016-10-04 23:19:00,1.3643,-0.83135,122.25,6.7873,13.452,8.218199999999998,-0.03036,-1.2399,0.03882,5.6943,3.3519,3.5814,3.7917,-4.309,10
2016-10-04 23:20:00,1.366,-0.85352,122.21,6.4345,13.452,8.199,-0.0252399999999999,0.01772,-0.0007399999999999,5.6244,3.3763,3.4498,3.6192,-4.5024,10
2016-10-04 23:21:00,1.3652,-0.8313599999999999,122.22,6.1325,13.454,8.1941,-0.03036,0.21256,-0.0099399999999999,5.5667,3.2103,3.425,3.6092,-4.6406,10
2016-10-04 23:22:00,1.3652,-0.7981,122.23,5.9852,13.453,8.1765,-0.02451,1.0628,-0.02657,5.5054,3.0937,3.3338,3.552,-4.5577,10
2016-10-04 23:23:00,1.3654,-0.8313599999999999,122.22,5.8829,13.454,8.1574,-0.03384,-0.30113,0.00834,5.4474,3.0502,3.2035,3.3349,-4.6406,10
2016-10-04 23:24:00,1.366,-0.85353,122.26,5.7838,13.456,8.1436,-0.0277999999999999,0.15057,0.00144,5.3865,2.9953,3.1169,3.2243,-4.6406,10
2016-10-04 23:25:00,1.366,-0.78703,122.29,5.7534,13.456,8.131299999999998,-0.0265199999999999,0.19485,-0.00371,5.3305,2.9066,3.0932,3.2211,-4.6406,10
2016-10-04 23:26:00,1.3646,-0.8092,122.3,5.7629,13.456,8.1157,-0.02945,0.61555,-0.01532,5.2866,2.8505,3.0618,3.1911,-4.6683,10
2016-10-04 23:27:00,1.3652,-0.83137,122.29,5.8733,13.459,8.100099999999998,-0.0265199999999999,0.21256,-0.0075799999999999,5.2604,2.8525,3.0468,3.1853,-4.6683,10
2016-10-04 23:28:00,1.3649,-0.8202899999999999,122.31,6.0093,13.458,8.0896,-0.0325599999999999,-0.05314,0.0027299999999999,5.2329,2.9161,3.1062,3.2425,-4.6407,10
2016-10-04 23:29:00,1.3652,-0.8424599999999999,122.33,6.1471,13.46,8.0617,-0.02451,0.03543,-0.0045799999999999,5.1971,2.9295,3.1182,3.3005,-4.6407,10
2016-10-04 23:30:00,1.3655,-0.8202899999999999,122.28,6.2407,13.46,8.0531,-0.02817,-0.6199799999999999,0.01864,5.18,2.8367,3.0777,3.2593,-4.6407,10
2016-10-04 23:31:00,1.3646,-0.76487,122.3,6.2625,13.46,8.039099999999998,-0.02414,-0.05757,0.0083199999999999,5.1582,2.8,2.9943,3.2134,-4.5579,10
2016-10-04 23:32:00,1.3657,-0.83138,122.27,6.2405,13.461,8.0199,-0.02835,0.2081399999999999,-0.0060299999999999,5.1255,2.7997,2.9778,3.1898,-4.0607,10
2016-10-04 23:33:00,1.366,-0.8092099999999999,122.26,6.2197,13.461,7.9955,-0.02926,0.44285,-0.0099,5.0925,2.7015,2.9037,3.1178,-3.9778,10
2016-10-04 23:34:00,1.3657,-0.7870399999999999,122.3,6.2156,13.463,7.9797,-0.0239599999999999,-0.36314,0.00825,5.064,2.6609,2.8836,3.0673,-3.9778,10
2016-10-04 23:35:00,1.366,-0.85355,122.28,5.9059,13.465,7.9658,-0.0320099999999999,0.50928,-0.01728,5.0389,2.7127,2.8845,3.0795,-3.9777,10
2016-10-04 23:36:00,1.366,-0.84247,122.34,5.555,13.464,7.9536,-0.02487,-0.1594299999999999,-0.00149,5.0069,2.6848,2.8637,3.0079,-3.9777,10
2016-10-04 23:37:00,1.3649,-0.8203,122.3,5.374,13.463,7.9309,-0.0250599999999999,-0.44285,0.0170599999999999,4.9622,2.6944,2.8605,2.9743,-3.9777,10
2016-10-04 23:38:00,1.366,-0.8868099999999999,122.32,5.2897,13.466,7.917,-0.02049,0.5978499999999999,-0.01464,4.9426,2.7589,2.9137,3.0183,-3.9776,10
2016-10-04 23:39:00,1.366,-0.8203,122.33,5.3288,13.466,7.8925,-0.02707,0.4561399999999999,-0.0086,4.9159,2.7405,2.8812,3.0487,-3.9776,10
2016-10-04 23:40:00,1.3655,-0.84247,122.34,5.3575,13.466,7.875,-0.02798,-0.1904299999999999,0.00691,4.8934,2.7519,2.9088,3.0035,-3.9777,10
2016-10-04 23:41:00,1.3658,-0.8646399999999999,122.34,5.3774,13.464,7.8646,-0.0276199999999999,0.57571,-0.00961,4.8878,2.7879,2.8812,3.0014,-3.9777,10
2016-10-04 23:42:00,1.3663,-0.8313899999999999,122.33,5.3614,13.467,7.845399999999999,-0.0263399999999999,-0.32328,0.0083099999999999,4.8586,2.7544,2.8753,2.9474,-3.9777,10
2016-10-04 23:43:00,1.3682,-0.84247,122.33,5.3495,13.468,7.8227,-0.02725,-0.46499,0.01358,4.8357,2.7434,2.819,2.9152,-3.9778,10
2016-10-04 23:44:00,1.3674,-0.84247,122.35,5.3736,13.468,7.803499999999999,-0.02725,0.79271,-0.02351,4.803,2.6575,2.8689,3.0109,-3.9779,10
2016-10-04 23:45:00,1.366,-0.8535599999999999,122.35,5.4031,13.468,7.7895,-0.0369499999999999,-0.434,0.0173999999999999,4.8185,2.8774,2.8633,2.9778,-3.9779,10
2016-10-04 23:46:00,1.366,-0.8646399999999999,122.38,5.3264,13.47,7.773799999999999,-0.0252399999999999,0.31,-0.0089099999999999,4.8182,2.8672,2.9421,3.0686,-3.7293,10
2016-10-04 23:47:00,1.3652,-0.87573,122.39,5.0337,13.47,7.7581,-0.02597,-0.07528,-0.0007699999999999,4.7898,2.8535,2.8853,2.9977,-3.5912,10
2016-10-04 23:48:00,1.3666,-0.8313899999999999,122.35,4.8457,13.47,7.7319,-0.0237799999999999,-0.05757,-0.0025999999999999,4.738,2.7995,2.8355,2.9288,-3.5359,10
2016-10-04 23:49:00,1.3677,-0.87573,122.3,4.7215,13.473,7.716199999999999,-0.0213999999999999,0.93885,-0.0199599999999999,4.7074,2.8521,2.833,2.9016,-3.8122,10
2016-10-04 23:50:00,1.3663,-0.87573,122.28,4.6523,13.473,7.7023,-0.02195,-0.31,0.0108,4.6913,2.8098,2.8501,2.9264,-3.9503,10
2016-10-04 23:51:00,1.3666,-0.8313899999999999,122.32,4.6985,13.473,7.6778,-0.0261599999999999,-0.53585,0.0176,4.6674,2.7589,2.8155,2.9137,-3.9779,10
2016-10-04 23:52:00,1.3652,-0.86465,122.39,4.7868,13.473,7.656799999999999,-0.0252399999999999,0.26128,-0.00787,4.6532,2.7348,2.8352,2.9334,-3.978,10
2016-10-04 23:53:00,1.3666,-0.8313899999999999,122.38,5.0202,13.473,7.6376,-0.02963,-0.2214299999999999,0.01047,4.6543,2.8037,2.8327,2.9098,-3.6742,10
2016-10-04 23:54:00,1.3666,-0.8313899999999999,122.45,5.2076,13.474,7.6184,-0.02981,0.0929999999999999,0.002,4.6745,2.802,2.8501,2.978,-3.2874,10
2016-10-04 23:55:00,1.3652,-0.8313899999999999,122.47,5.304,13.474,7.6045,-0.0261599999999999,1.2046,-0.0317599999999999,4.6604,2.7709,2.8472,3.0098,-2.8731,10
2016-10-04 23:56:00,1.3674,-0.86465,122.48,5.3526,13.473,7.586999999999998,-0.03128,0.3587099999999999,-0.0131,4.6632,2.773,2.7914,2.9243,-2.7074,10
2016-10-04 23:57:00,1.3658,-0.84248,122.49,5.3263,13.473,7.5608,-0.0261599999999999,0.186,-0.01016,4.639,2.69,2.7614,2.9375,-2.6797,10
2016-10-04 23:58:00,1.3663,-0.8313899999999999,122.47,5.2887,13.474,7.5434,-0.0276199999999999,-0.8458499999999999,0.02479,4.6447,2.6992,2.7388,2.8788,-2.7074,10
2016-10-04 23:59:00,1.3655,-0.7981399999999998,122.54,4.9252,13.474,7.5277,-0.0349399999999999,-0.63771,0.02074,4.5845,2.4669,2.7024,2.8735,-2.6798,10
