measured_on,ac_current__779,ac_power__773,ac_volts__778,ambient_temp__780,das_battery_voltage__790,das_temperature__785,dc_neg_current__777,dc_neg_voltage__776,dc_pos_current__775,dc_pos_voltage__774,dc_power_1__786,dc_power__772,inveter_temp__784,module_temp_1__781,module_temp_2__782,module_temp_3__783,poa_irradiance__771,system_id
2015-08-15 00:00:00,0.0,-4.35,120.54,23.564,13.664,28.042,0.0,0.02597,-0.0008599999999999,-0.00216,-4.35,0.0,23.892,-26.97,-26.97,19.993,-1.0591,51
2015-08-15 00:01:00,0.0,-5.2707,120.8,23.529,13.664,28.036,0.0,0.02597,0.0,0.0,-5.2707,0.0,23.819,-26.97,-26.97,20.01,-1.0759,51
2015-08-15 00:02:00,0.0,-5.0175,121.02,23.49,13.664,28.037,0.0,0.02597,0.00029,0.0,-5.0175,0.0,23.402,-26.97,-26.97,19.98,-1.1767,51
2015-08-15 00:03:00,0.0,-3.8667,121.17,23.492,13.665,28.037,0.00058,0.0584399999999999,0.0001399999999999,-0.0086499999999999,-3.8667,4e-05,24.542,-26.97,-26.97,19.917,-1.3785,51
2015-08-15 00:04:00,0.0,-5.0635,120.95,23.424,13.664,28.032,0.0,0.07792,0.0001399999999999,0.00216,-5.0635,0.0,24.765,-26.97,-26.97,19.838,-1.7315,51
2015-08-15 00:05:00,0.0,-3.9127,120.61,23.375,13.664,28.023,0.00029,0.06493,-0.00029,-0.00432,-3.9127,1e-05,23.455,-26.97,-26.97,19.752,-2.0677,51
2015-08-15 00:06:00,0.0,-4.4421,121.17,23.309,13.665,28.021,0.0,0.05627,0.00072,0.0,-4.4421,0.0,23.392,-26.97,-26.97,19.703,-2.3535,51
2015-08-15 00:07:00,0.0,-4.5802,120.42,23.318,13.664,28.021,0.0001399999999999,0.07792,-0.00029,-0.00216,-4.5802,0.0,23.799,-26.97,-26.97,19.681,-2.3366,51
2015-08-15 00:08:00,0.0,-4.35,120.4,23.337,13.664,28.021,0.0,0.06926,-0.0008599999999999,0.0,-4.35,0.0,23.421,-26.97,-26.97,19.645,-2.3367,51
2015-08-15 00:09:00,0.0,-4.281,120.44,23.37,13.665,28.016,0.00029,0.02597,-0.00072,-0.00432,-4.281,0.0,23.376,-26.97,-26.97,19.704,-2.2022,51
2015-08-15 00:10:00,0.0,-4.281,120.59,23.431,13.665,28.007,0.0001399999999999,0.02597,-0.0004299999999999,-0.00216,-4.281,0.0,23.5,-26.97,-26.97,19.777,-2.0173,51
2015-08-15 00:11:00,0.0,-4.4651,120.69,23.429,13.665,28.006,0.0001399999999999,0.02597,-0.00072,-0.0064799999999999,-4.4651,1e-05,23.618,-26.97,-26.97,19.768,-1.7988,51
2015-08-15 00:12:00,0.0,-4.1199,120.63,23.409,13.665,28.006,0.0001399999999999,0.02597,-0.00029,0.00432,-4.1199,0.0,23.717,-26.97,-26.97,19.765,-1.7315,51
2015-08-15 00:13:00,0.0,-4.8104,120.46,23.382,13.665,28.006,0.0,0.02597,-0.00058,-0.00216,-4.8104,0.0,23.52,-26.97,-26.97,19.818,-1.7651,51
2015-08-15 00:14:00,0.0,-3.7746,120.99,23.494,13.665,28.004,0.0,0.0584399999999999,0.0,-0.00432,-3.7746,0.0,23.437,-26.97,-26.97,19.868,-1.6642,51
2015-08-15 00:15:00,0.0,-3.5675,120.43,23.641,13.666,27.994,0.0,0.07792,-0.0001399999999999,0.0,-3.5675,0.0,24.306,-26.97,-26.97,19.997,-1.5129,51
2015-08-15 00:16:00,0.0,-4.4651,120.44,23.751,13.665,27.99,0.0,0.07792,-0.0004299999999999,-0.00216,-4.4651,0.0,24.263,-26.97,-26.97,20.076,-1.2272,51
2015-08-15 00:17:00,0.0,-3.5675,120.88,23.778,13.667,27.99,0.0001399999999999,0.0606,0.0,0.00216,-3.5675,0.0,23.63,-26.97,-26.97,20.226,-1.0086,51
2015-08-15 00:18:00,0.0,-5.2477,120.76,23.747,13.666,27.99,0.0,0.05195,0.00029,0.0,-5.2477,0.0,23.091,-26.97,-26.97,20.44,-0.8741499999999999,51
2015-08-15 00:19:00,0.0,-4.8794,120.59,23.659,13.666,27.99,0.0,0.0367999999999999,-0.00029,0.00432,-4.8794,0.0,23.272,-26.97,-26.97,20.53,-0.84053,51
2015-08-15 00:20:00,0.0,-4.1429,120.55,23.586,13.666,27.99,0.0,0.0714299999999999,-0.00072,-0.00432,-4.1429,0.0,23.677,-26.97,-26.97,20.594,-0.8573399999999999,51
2015-08-15 00:21:00,0.0,-4.6493,120.68,23.548,13.666,27.99,0.0,0.0671,-0.0001399999999999,0.00216,-4.6493,0.0,23.639,-26.97,-26.97,20.569,-0.84054,51
2015-08-15 00:22:00,0.0,-4.1889,120.49,23.537,13.666,27.99,0.0004299999999999,0.09307,-0.00058,0.00216,-4.1889,3e-05,23.908,-26.97,-26.97,20.618,-0.99183,51
2015-08-15 00:23:00,0.0,-5.4779,120.65,23.546,13.666,27.99,0.0,0.0671,0.0001399999999999,0.0,-5.4779,0.0,23.186,-26.97,-26.97,20.676,-1.0255,51
2015-08-15 00:24:00,0.0,-4.3961,120.68,23.571,13.666,27.99,0.0,0.05627,-0.0001399999999999,0.0,-4.3961,0.0,23.441,-26.97,-26.97,20.691,-1.0591,51
2015-08-15 00:25:00,0.0,-4.1199,120.71,23.579,13.667,27.982,0.0001399999999999,0.02597,-0.0001399999999999,-0.00216,-4.1199,0.0,23.595,-26.97,-26.97,20.749,-1.0423,51
2015-08-15 00:26:00,0.0,-4.4421,120.2,23.615,13.666,27.977,0.0001399999999999,0.02597,-0.00144,0.00216,-4.4421,0.0,23.594,-26.97,-26.97,20.868,-1.1599,51
2015-08-15 00:27:00,0.0,-4.3501,120.72,23.71,13.666,27.974,0.0,0.02597,-0.00058,-0.00216,-4.3501,0.0,24.363,-26.97,-26.97,20.943,-1.1095,51
2015-08-15 00:28:00,0.0,-4.4651,120.76,23.739,13.666,27.974,0.0001399999999999,0.02597,-0.00058,-0.0086499999999999,-4.4651,0.0,24.149,-26.97,-26.97,20.932,-1.0255,51
2015-08-15 00:29:00,0.0,-4.0049,120.94,23.738,13.667,27.974,0.0,0.01299,0.0001399999999999,0.0,-4.0049,0.0,23.759,-26.97,-26.97,20.888,-1.1264,51
2015-08-15 00:30:00,0.0,-4.258,121.16,23.689,13.667,27.974,0.0,0.0043299999999999,0.0008599999999999,-0.00216,-4.258,0.0,23.604,-26.97,-26.97,20.818,-1.1095,51
2015-08-15 00:31:00,0.0,-4.6723,120.62,23.67,13.666,27.974,0.0,0.01948,-0.0004299999999999,-0.00216,-4.6723,0.0,23.243,-26.97,-26.97,20.802,-1.2776,51
2015-08-15 00:32:00,0.0,-4.235,120.4,23.727,13.668,27.974,0.0,0.0173199999999999,-0.00029,0.0,-4.235,0.0,23.149,-26.97,-26.97,20.84,-1.3449,51
2015-08-15 00:33:00,0.0,-5.3168,120.83,23.783,13.667,27.974,0.0,0.01948,0.00058,0.0,-5.3168,0.0,23.499,-26.97,-26.97,20.831,-1.2104,51
2015-08-15 00:34:00,0.0,-3.9818,120.81,23.853,13.667,27.974,0.0,0.0086599999999999,0.0001399999999999,-0.0064799999999999,-3.9818,0.0,23.195,-26.97,-26.97,20.875,-1.1264,51
2015-08-15 00:35:00,0.0,-5.3858,120.3,23.908,13.666,27.973,0.0001399999999999,0.02381,-0.00072,0.0,-5.3858,0.0,23.214,-26.97,-26.97,21.079,-1.0423,51
2015-08-15 00:36:00,0.0,-4.3501,121.1,23.974,13.667,27.973,0.0,0.01082,0.0001399999999999,0.00432,-4.3501,0.0,23.432,-26.97,-26.97,21.155,-0.97505,51
2015-08-15 00:37:00,0.0,-4.9485,121.04,24.03,13.667,27.969,0.0,0.01948,0.00101,0.00216,-4.9485,0.0,23.543,-26.97,-26.97,21.225,-1.0423,51
2015-08-15 00:38:00,0.0,-5.0637,121.07,24.071,13.668,27.964,0.0,0.00649,0.00115,0.0,-5.0637,0.0,23.454,-26.97,-26.97,21.25,-0.97505,51
2015-08-15 00:39:00,0.0,-4.8104,121.23,24.068,13.667,27.959,0.0,0.0,0.0012899999999999,0.0,-4.8104,0.0,22.988,-26.97,-26.97,21.205,-0.94145,51
2015-08-15 00:40:00,0.0,-3.7286,120.77,24.033,13.667,27.959,0.0,0.01082,-0.00029,-0.00649,-3.7286,0.0,23.448,-26.97,-26.97,21.147,-1.0927,51
2015-08-15 00:41:00,0.0,-4.4421,121.09,23.986,13.668,27.959,0.0001399999999999,0.0,-0.0001399999999999,-0.00216,-4.4421,0.0,24.508,-26.97,-26.97,21.034,-1.244,51
2015-08-15 00:42:00,0.0,-4.5112,120.63,23.936,13.668,27.959,0.0,0.01299,-0.00072,-0.00216,-4.5112,0.0,23.419,-26.97,-26.97,20.919,-1.6139,51
2015-08-15 00:43:00,0.0,-3.9588,120.85,23.896,13.668,27.959,0.0001399999999999,0.0173199999999999,-0.00029,-0.00432,-3.9588,0.0,23.564,-26.97,-26.97,20.817,-1.9333,51
2015-08-15 00:44:00,0.0,-4.6264,120.67,23.84,13.667,27.959,0.0001399999999999,0.01515,-0.0001399999999999,0.0,-4.6264,0.0,22.492,-26.97,-26.97,20.706,-2.2527,51
2015-08-15 00:45:00,0.0,-4.3501,120.71,23.814,13.668,27.959,0.0001399999999999,0.00649,0.0001399999999999,0.0,-4.3501,0.0,23.63,-26.97,-26.97,20.581,-2.6225,51
2015-08-15 00:46:00,0.0,-4.189,120.79,23.732,13.668,27.959,0.0001399999999999,0.00649,-0.0001399999999999,-0.00432,-4.189,0.0,23.409,-26.97,-26.97,20.44,-2.942,51
2015-08-15 00:47:00,0.0,-4.304,120.75,23.621,13.667,27.96,0.0,0.00649,-0.00029,-0.00216,-4.304,0.0,23.284,-26.97,-26.97,20.279,-3.2614,51
2015-08-15 00:48:00,0.0,-4.6034,120.9,23.503,13.668,27.96,-0.0001399999999999,0.01948,-0.00058,-0.00432,-4.6034,0.0,23.526,-26.97,-26.97,20.128,-3.5472,51
2015-08-15 00:49:00,0.0,-4.189,120.98,23.399,13.668,27.958,0.00029,0.00649,-0.0004299999999999,0.0,-4.189,0.0,23.257,-26.97,-26.97,19.985,-3.8329,51
2015-08-15 00:50:00,0.0,-4.12,120.88,23.283,13.666,27.96,0.00029,0.00649,-0.00058,-0.00216,-4.12,0.0,23.095,-26.97,-26.97,19.885,-4.0851,51
2015-08-15 00:51:00,0.0,-4.4652,120.87,23.156,13.667,27.959,0.0001399999999999,0.00649,-0.00058,-0.00216,-4.4652,0.0,23.157,-26.97,-26.97,19.821,-4.186,51
2015-08-15 00:52:00,0.0,-4.3041,120.87,23.07,13.667,27.959,0.0,0.0173199999999999,-0.00058,-0.00216,-4.3041,0.0,23.756,-26.97,-26.97,19.737,-4.27,51
2015-08-15 00:53:00,0.0,-4.3732,120.82,22.965,13.666,27.959,0.0001399999999999,0.01515,-0.00072,-0.00432,-4.3732,0.0,23.33,-26.97,-26.97,19.607,-4.3541,51
2015-08-15 00:54:00,0.0,-4.304,120.91,22.882,13.667,27.958,0.0,0.01299,-0.00058,0.00216,-4.304,0.0,24.246,-26.97,-26.97,19.491,-4.4046,51
2015-08-15 00:55:00,0.0,-4.2581,120.87,22.771,13.667,27.959,0.0,0.01299,-0.00058,0.00216,-4.2581,0.0,24.645,-26.97,-26.97,19.377,-4.4885,51
2015-08-15 00:56:00,0.0,-4.3732,120.8,22.689,13.666,27.959,0.00029,0.02164,0.0,-0.00216,-4.3732,0.0,23.457,-26.97,-26.97,19.281,-4.5726,51
2015-08-15 00:57:00,0.0,-4.3733,120.87,22.579,13.667,27.959,0.0001399999999999,0.01299,-0.00072,0.00432,-4.3733,0.0,23.797,-26.97,-26.97,19.171,-4.539,51
2015-08-15 00:58:00,0.0,-4.3731,120.94,22.491,13.665,27.959,0.0,0.0043299999999999,-0.0004299999999999,-0.00432,-4.3731,0.0,23.384,-26.97,-26.97,19.055,-4.6735,51
2015-08-15 00:59:00,0.0,-4.4422,120.84,22.374,13.667,27.958,0.0001399999999999,0.01515,-0.0008599999999999,0.0,-4.4422,0.0,24.099,-26.97,-26.97,18.978,-4.7912,51
2015-08-15 01:00:00,0.0,-4.2121,120.83,22.28,13.667,27.959,-0.0001399999999999,0.0086599999999999,-0.00029,0.0,-4.2121,0.0,23.757,-26.97,-26.97,18.883,-4.8417,51
2015-08-15 01:01:00,0.0,-4.0739,121.12,22.204,13.666,27.946,0.0001399999999999,0.01299,-0.0004299999999999,-0.00649,-4.0739,0.0,23.504,-26.97,-26.97,18.833,-4.7745,51
2015-08-15 01:02:00,0.0,-4.4192,120.85,22.158,13.667,27.943,0.0001399999999999,0.02597,-0.00072,-0.00216,-4.4192,0.0,23.035,-26.97,-26.97,18.864,-4.6064,51
2015-08-15 01:03:00,0.0,-4.5573,120.98,22.137,13.668,27.943,0.0,0.02597,-0.00029,-0.00216,-4.5573,0.0,23.34,-26.97,-26.97,18.842,-4.3876,51
2015-08-15 01:04:00,0.0,-4.2581,120.89,22.106,13.668,27.942,0.0,0.07359,-0.00058,0.0,-4.2581,0.0,23.888,-26.97,-26.97,18.826,-4.1526,51
2015-08-15 01:05:00,0.0,-4.1892,120.95,22.083,13.667,27.929,0.0001399999999999,0.0281399999999999,-0.0004299999999999,-0.00216,-4.1892,0.0,23.464,-26.97,-26.97,18.781,-4.0178,51
2015-08-15 01:06:00,0.0,-4.6035,120.85,22.078,13.667,27.927,0.0,0.02597,-0.0008599999999999,-0.00216,-4.6035,0.0,24.039,-26.97,-26.97,18.794,-3.9003,51
2015-08-15 01:07:00,0.0,-4.4884,120.96,22.088,13.667,27.927,-0.0001399999999999,0.02597,-0.00058,0.0,-4.4884,0.0,23.737,-26.97,-26.97,18.837,-3.6984,51
2015-08-15 01:08:00,0.0,-4.2812,120.87,22.065,13.668,27.927,0.0001399999999999,0.02597,-0.00029,-0.00216,-4.2812,0.0,25.292,-26.97,-26.97,18.779,-3.4968,51
2015-08-15 01:09:00,0.0,-4.2582,121.0,22.032,13.668,27.918,0.0,0.02597,-0.00058,-0.0064799999999999,-4.2582,0.0,24.929,-26.97,-26.97,18.717,-3.4632,51
2015-08-15 01:10:00,0.0,-4.3963,121.44,22.004,13.668,27.911,0.0,0.02597,-0.0001399999999999,-0.00432,-4.3963,0.0,23.671,-26.97,-26.97,18.736,-3.3791,51
2015-08-15 01:11:00,0.0,-4.1891,121.51,22.015,13.668,27.912,0.0,0.02597,0.0001399999999999,-0.00432,-4.1891,0.0,23.356,-26.97,-26.97,18.748,-3.3455,51
2015-08-15 01:12:00,0.0,-5.1098,120.81,21.997,13.668,27.912,0.0,0.02597,0.0,0.00432,-5.1098,0.0,23.531,-26.97,-26.97,18.842,-3.1438,51
2015-08-15 01:13:00,0.0,-3.936,120.62,22.017,13.667,27.91,0.0001399999999999,0.02597,-0.00115,0.0,-3.936,0.0,23.672,-26.97,-26.97,18.865,-2.9589,51
2015-08-15 01:14:00,0.0,-3.6598,120.71,22.085,13.668,27.899,0.0,0.0281399999999999,0.0,0.0,-3.6598,0.0,22.56,-26.97,-26.97,18.931,-2.7908,51
2015-08-15 01:15:00,0.0,-4.4423,121.37,22.151,13.668,27.896,0.0,0.01299,0.00029,0.0,-4.4423,0.0,24.447,-26.97,-26.97,19.067,-2.7236,51
2015-08-15 01:16:00,0.0,-5.3631,121.11,22.289,13.668,27.896,0.0,0.02597,0.00029,0.0,-5.3631,0.0,23.307,-26.97,-26.97,19.171,-2.4378,51
2015-08-15 01:17:00,0.0,-5.1789,120.78,22.478,13.669,27.896,0.0001399999999999,0.02597,-0.0004299999999999,0.00432,-5.1789,0.0,21.729,-26.97,-26.97,19.271,-2.2192,51
2015-08-15 01:18:00,0.0,-4.028,120.61,22.56,13.668,27.896,0.0,0.02597,-0.00072,-0.00216,-4.028,0.0,24.77,-26.97,-26.97,19.295,-1.9334,51
2015-08-15 01:19:00,0.0,-3.6828,121.27,22.553,13.668,27.896,0.0,0.02381,0.0,-0.0064799999999999,-3.6828,0.0,22.94,-26.97,-26.97,19.232,-1.9838,51
2015-08-15 01:20:00,0.0,-4.6265,121.36,22.572,13.669,27.895,0.0,0.02597,0.0004299999999999,0.0,-4.6265,0.0,23.307,-26.97,-26.97,19.317,-2.0007,51
2015-08-15 01:21:00,0.0,-5.294,120.67,22.643,13.668,27.893,0.0,0.02597,-0.00101,0.0,-5.294,0.0,23.281,-26.97,-26.97,19.366,-1.9166,51
2015-08-15 01:22:00,0.0,-3.5217,120.82,22.897,13.668,27.893,0.0,0.02597,0.0,-0.00216,-3.5217,0.0,23.586,-26.97,-26.97,19.593,-1.8661,51
2015-08-15 01:23:00,0.0,-3.3145,121.29,23.3,13.668,27.889,0.0,0.02597,0.0,-0.00216,-3.3145,0.0,23.996,-26.97,-26.97,19.623,-1.3113,51
2015-08-15 01:24:00,0.0,-4.4654,121.49,23.508,13.668,27.888,0.0001399999999999,0.02597,0.0008599999999999,0.00216,-4.4654,0.0,23.126,-26.97,-26.97,19.696,-1.0424,51
2015-08-15 01:25:00,0.0,-3.9821,120.99,23.711,13.667,27.887,0.0,0.02597,0.0001399999999999,-0.00216,-3.9821,0.0,24.757,-26.97,-26.97,19.694,-0.7565399999999999,51
2015-08-15 01:26:00,0.0,-5.0178,121.31,23.771,13.669,27.881,0.0001399999999999,0.02597,0.0001399999999999,-0.00216,-5.0178,0.0,23.933,-26.97,-26.97,19.736,-0.79017,51
2015-08-15 01:27:00,0.0,-3.5217,121.32,23.903,13.667,27.889,0.0,0.02597,0.0,-0.00432,-3.5217,0.0,23.374,-26.97,-26.97,19.769,-0.6893,51
2015-08-15 01:28:00,0.0,-4.4424,120.61,23.915,13.668,27.893,0.0001399999999999,0.02597,-0.00115,0.00432,-4.4424,0.0,22.921,-26.97,-26.97,19.732,-0.65568,51
2015-08-15 01:29:00,0.0,-4.4194,121.08,23.899,13.668,27.896,0.00029,0.02597,-0.00058,-0.00432,-4.4194,1e-05,23.962,-26.97,-26.97,19.762,-0.8910799999999999,51
2015-08-15 01:30:00,0.0,-4.2813,120.62,23.868,13.668,27.896,0.0001399999999999,0.02597,-0.0008599999999999,-0.00432,-4.2813,1e-05,23.866,-26.97,-26.97,19.751,-1.0424,51
2015-08-15 01:31:00,0.0,-4.2122,120.63,23.827,13.668,27.896,0.0,0.0281399999999999,-0.0012899999999999,0.00216,-4.2122,0.0,23.245,-26.97,-26.97,19.794,-1.2105,51
2015-08-15 01:32:00,0.0,-3.3836,120.98,23.921,13.668,27.896,0.0001399999999999,0.02597,-0.00029,-0.00432,-3.3836,0.0,23.105,-26.97,-26.97,19.936,-1.2273,51
2015-08-15 01:33:00,0.0,-4.0281,120.69,23.935,13.667,27.896,0.0001399999999999,0.02597,-0.00058,0.0,-4.0281,0.0,23.074,-26.97,-26.97,19.946,-1.0087,51
2015-08-15 01:34:00,0.0,-4.4194,121.04,23.825,13.669,27.896,0.00029,0.02597,-0.00029,0.0,-4.4194,0.0,23.103,-26.97,-26.97,20.009,-1.0424,51
2015-08-15 01:35:00,0.0,-4.1662,120.66,23.862,13.668,27.896,0.0,0.02597,-0.00072,0.0,-4.1662,0.0,23.906,-26.97,-26.97,20.121,-1.0087,51
2015-08-15 01:36:00,0.0,-4.1892,121.33,23.964,13.668,27.896,0.0,0.0216499999999999,0.0,0.0,-4.1892,0.0,23.49,-26.97,-26.97,20.185,-0.87423,51
2015-08-15 01:37:00,0.0,-5.225,120.83,23.962,13.668,27.896,0.0,0.02597,-0.0008599999999999,-0.00216,-5.225,0.0,23.165,-26.97,-26.97,20.105,-0.77336,51
2015-08-15 01:38:00,0.0,-3.5447,120.98,23.926,13.668,27.896,0.0,0.02597,-0.00029,-0.00432,-3.5447,0.0,23.694,-26.97,-26.97,20.047,-0.97513,51
2015-08-15 01:39:00,0.0,-4.5575,120.63,23.81,13.668,27.897,0.00029,0.02597,-0.00144,-0.00216,-4.5575,0.0,24.591,-26.97,-26.97,19.98,-1.2441,51
2015-08-15 01:40:00,0.0,-4.5115,121.29,23.723,13.668,27.896,0.0001399999999999,0.01948,-0.00058,0.00216,-4.5115,0.0,23.559,-26.97,-26.97,19.921,-1.5804,51
2015-08-15 01:41:00,0.0,-4.6266,121.09,23.615,13.668,27.902,0.0001399999999999,0.02597,-0.0004299999999999,0.0,-4.6266,0.0,22.864,-26.97,-26.97,19.844,-1.8998,51
2015-08-15 01:42:00,0.0,-5.5474,120.92,23.515,13.667,27.902,0.0,0.0173199999999999,-0.00101,0.0,-5.5474,0.0,23.25,-26.97,-26.97,19.822,-2.0679,51
2015-08-15 01:43:00,0.0,-4.0741,120.77,23.451,13.667,27.905,0.0,0.01299,-0.00058,-0.00216,-4.0741,0.0,23.59,-26.97,-26.97,19.781,-2.2361,51
2015-08-15 01:44:00,0.0,-5.202,121.1,23.326,13.667,27.912,0.0,0.00649,-0.0008599999999999,0.0,-5.202,0.0,21.981,-26.97,-26.97,19.742,-2.2529,51
2015-08-15 01:45:00,0.0,-4.2353,121.71,23.255,13.668,27.906,0.0,0.0,0.0001399999999999,0.0,-4.2353,0.0,23.955,-26.97,-26.97,19.661,-2.4042,51
2015-08-15 01:46:00,0.0,-5.179,120.9,23.196,13.667,27.91,0.0,0.01082,-0.0001399999999999,0.00216,-5.179,0.0,23.698,-26.97,-26.97,19.612,-2.3706,51
2015-08-15 01:47:00,0.0,-4.5115,120.75,23.229,13.667,27.912,0.0001399999999999,0.01948,-0.00101,0.0,-4.5115,0.0,23.516,-26.97,-26.97,19.618,-2.3201,51
2015-08-15 01:48:00,0.0,-4.3273,120.67,23.255,13.667,27.912,0.0,0.02597,-0.00115,0.0,-4.3273,0.0,23.55,-26.97,-26.97,19.618,-2.1184,51
2015-08-15 01:49:00,0.0,-3.6368,120.8,23.276,13.668,27.911,0.0001399999999999,0.0086599999999999,-0.00029,-0.00216,-3.6368,0.0,23.737,-26.97,-26.97,19.625,-2.0511,51
2015-08-15 01:50:00,0.0,-3.6368,120.99,23.322,13.668,27.912,0.0001399999999999,0.0086599999999999,0.0,-0.00432,-3.6368,0.0,24.173,-26.97,-26.97,19.668,-1.9671,51
2015-08-15 01:51:00,0.0,-3.936,121.38,23.392,13.667,27.912,0.0,0.0,-0.0001399999999999,0.00216,-3.936,0.0,25.716,-26.97,-26.97,19.718,-1.7148,51
2015-08-15 01:52:00,0.0,-4.2583,120.65,23.47,13.667,27.912,0.00029,0.0173199999999999,-0.00058,0.0,-4.2583,0.0,23.69,-26.97,-26.97,19.772,-1.4627,51
2015-08-15 01:53:00,0.0,-4.1201,121.19,23.469,13.667,27.912,0.0,0.0,-0.0001399999999999,0.0,-4.1201,0.0,24.946,-26.97,-26.97,19.789,-1.2441,51
2015-08-15 01:54:00,0.0,-3.4757,120.93,23.465,13.668,27.912,0.0,0.01299,0.0001399999999999,0.0,-3.4757,0.0,22.574,-26.97,-26.97,19.805,-1.1768,51
2015-08-15 01:55:00,0.0,-4.2813,121.61,23.417,13.668,27.912,0.0,0.0043299999999999,0.0001399999999999,0.00216,-4.2813,0.0,22.404,-26.97,-26.97,19.785,-1.1264,51
2015-08-15 01:56:00,0.0,-5.0869,120.72,23.354,13.666,27.912,-0.0001399999999999,0.02381,-0.0004299999999999,0.00216,-5.0869,0.0,23.353,-26.97,-26.97,19.776,-1.0256,51
2015-08-15 01:57:00,0.0,-3.913,121.36,23.333,13.669,27.912,0.0,0.0086599999999999,0.0,0.00216,-3.913,0.0,22.67,-26.97,-26.97,19.799,-1.0928,51
2015-08-15 01:58:00,0.0,-4.5115,121.04,23.296,13.667,27.911,0.0004299999999999,0.0173199999999999,0.00029,0.0,-4.5115,0.0,22.72,-26.97,-26.97,19.805,-1.076,51
2015-08-15 01:59:00,0.0,-5.271,121.14,23.268,13.666,27.912,0.0,0.0216499999999999,0.0004299999999999,0.0,-5.271,0.0,24.807,-26.97,-26.97,19.834,-1.1096,51
2015-08-15 02:00:00,0.0,-4.3274,120.8,23.258,13.667,27.912,0.0001399999999999,0.02597,-0.00072,0.0064799999999999,-4.3274,0.0,24.5,-26.97,-26.97,19.855,-1.1768,51
2015-08-15 02:01:00,0.0,-4.4885,120.72,23.231,13.666,27.912,0.0001399999999999,0.02597,-0.0004299999999999,-0.00216,-4.4885,0.0,25.085,-26.97,-26.97,19.839,-1.1937,51
2015-08-15 02:02:00,0.0,-4.4424,121.1,23.194,13.667,27.91,0.0001399999999999,0.02597,-0.0004299999999999,-0.00432,-4.4424,0.0,23.912,-26.97,-26.97,19.886,-1.2273,51
2015-08-15 02:03:00,0.0,-3.844,120.55,23.201,13.668,27.909,0.0001399999999999,0.02597,-0.00029,0.00432,-3.844,0.0,24.698,-26.97,-26.97,19.935,-1.2945,51
2015-08-15 02:04:00,0.0,-5.3171,120.76,23.187,13.667,27.909,0.0,0.02597,-0.0001399999999999,0.0,-5.3171,0.0,24.291,-26.97,-26.97,19.954,-1.2609,51
2015-08-15 02:05:00,0.0,-4.1202,120.86,23.225,13.667,27.9,0.00058,0.02597,-0.00029,0.0,-4.1202,1e-05,24.038,-26.97,-26.97,19.992,-1.2945,51
2015-08-15 02:06:00,0.0,-5.2941,121.12,23.276,13.668,27.9,0.0,0.02597,0.00115,0.0,-5.2941,0.0,22.883,-26.97,-26.97,20.067,-1.2441,51
2015-08-15 02:07:00,0.0,-4.6266,120.71,23.342,13.668,27.896,-0.0001399999999999,0.02597,-0.0004299999999999,-0.00432,-4.6266,0.0,22.756,-26.97,-26.97,20.069,-1.1096,51
2015-08-15 02:08:00,0.0,-5.271,120.88,23.318,13.669,27.896,0.0001399999999999,0.02381,-0.0004299999999999,0.0,-5.271,0.0,21.983,-26.97,-26.97,20.103,-1.0592,51
2015-08-15 02:09:00,0.0,-5.248,120.66,23.328,13.668,27.896,0.0,0.02597,-0.00029,0.00216,-5.248,0.0,23.321,-26.97,-26.97,20.134,-1.0424,51
2015-08-15 02:10:00,0.0,-4.8568,120.94,23.297,13.668,27.896,0.0001399999999999,0.02597,0.0,-0.00432,-4.8568,0.0,25.188,-26.97,-26.97,20.158,-1.1432,51
2015-08-15 02:11:00,0.0,-5.133,120.94,23.257,13.669,27.896,0.0,0.02597,-0.0001399999999999,0.0,-5.133,0.0,21.893,-26.97,-26.97,20.137,-1.1937,51
2015-08-15 02:12:00,0.0,-4.8107,121.26,23.233,13.668,27.896,0.0,0.02597,0.0008599999999999,0.0,-4.8107,0.0,24.951,-26.97,-26.97,20.12,-1.2441,51
2015-08-15 02:13:00,0.0,-3.959,120.73,23.247,13.669,27.896,-0.0001399999999999,0.02597,-0.0001399999999999,-0.00432,-3.959,0.0,22.764,-26.97,-26.97,20.122,-1.3282,51
2015-08-15 02:14:00,0.0,-4.8568,120.84,23.231,13.668,27.893,0.0001399999999999,0.0216499999999999,-0.0004299999999999,0.0,-4.8568,0.0,24.488,-26.97,-26.97,20.059,-1.2777,51
2015-08-15 02:15:00,0.0,-4.7647,120.85,23.201,13.668,27.889,0.0,0.0173199999999999,-0.00058,-0.00432,-4.7647,0.0,22.574,-26.97,-26.97,20.041,-1.345,51
2015-08-15 02:16:00,0.0,-4.3043,121.4,23.212,13.669,27.882,0.0,0.0,0.00029,0.0,-4.3043,0.0,23.759,-26.97,-26.97,20.034,-1.4122,51
2015-08-15 02:17:00,0.0,-4.3273,120.64,23.188,13.669,27.88,0.0,0.0086599999999999,-0.00072,0.0,-4.3273,0.0,23.514,-26.97,-26.97,19.987,-1.4123,51
2015-08-15 02:18:00,0.0,-5.2481,120.96,23.147,13.668,27.88,0.0,-0.0043299999999999,0.00072,0.0,-5.2481,0.0,24.198,-26.97,-26.97,20.011,-1.4291,51
2015-08-15 02:19:00,0.0,-4.8797,120.5,23.154,13.669,27.88,0.0,0.01082,-0.0008599999999999,0.00216,-4.8797,0.0,23.138,-26.97,-26.97,20.034,-1.4459,51
2015-08-15 02:20:00,0.0,-4.5345,120.73,23.171,13.668,27.88,0.00029,0.00649,-0.0004299999999999,-0.00216,-4.5345,0.0,22.863,-26.97,-26.97,20.021,-1.3954,51
2015-08-15 02:21:00,0.0,-4.5345,121.08,23.169,13.669,27.88,0.0001399999999999,0.00216,0.0008599999999999,0.0,-4.5345,0.0,23.398,-26.97,-26.97,19.989,-1.3955,51
2015-08-15 02:22:00,0.0,-4.9489,120.59,23.18,13.668,27.88,0.0001399999999999,0.02381,-0.0004299999999999,0.00216,-4.9489,0.0,23.576,-26.97,-26.97,19.96,-1.4122,51
2015-08-15 02:23:00,0.0,-3.844,120.49,23.176,13.669,27.88,0.0,0.02597,-0.00072,0.0,-3.844,0.0,23.244,-26.97,-26.97,19.96,-1.3618,51
2015-08-15 02:24:00,0.0,-4.4885,120.62,23.147,13.669,27.88,0.0004299999999999,0.02597,-0.00072,0.00216,-4.4885,1e-05,23.767,-26.97,-26.97,19.964,-1.4963,51
2015-08-15 02:25:00,0.0,-3.7059,120.55,23.116,13.669,27.872,0.0,0.02597,-0.00058,-0.00216,-3.7059,0.0,24.216,-26.97,-26.97,19.952,-1.5468,51
2015-08-15 02:26:00,0.0,-5.2251,120.42,23.044,13.669,27.872,0.0,0.02597,-0.00144,0.00649,-5.2251,0.0,23.837,-26.97,-26.97,19.975,-1.614,51
2015-08-15 02:27:00,0.0,-3.6138,120.46,23.054,13.669,27.869,0.0001399999999999,0.02597,0.0,-0.00649,-3.6138,0.0,24.204,-26.97,-26.97,19.953,-1.6308,51
2015-08-15 02:28:00,0.0,-3.5217,120.58,23.112,13.668,27.865,0.0,0.02597,0.0,0.0,-3.5217,0.0,23.484,-26.97,-26.97,19.976,-1.614,51
2015-08-15 02:29:00,0.0,-4.1893,120.31,23.17,13.669,27.865,0.0,0.02597,-0.00101,-0.00432,-4.1893,0.0,22.887,-26.97,-26.97,19.994,-1.5132,51
2015-08-15 02:30:00,0.0,-4.0051,120.79,23.209,13.668,27.865,0.0001399999999999,0.02597,0.0,0.0,-4.0051,0.0,23.772,-26.97,-26.97,20.039,-1.4123,51
2015-08-15 02:31:00,0.0,-4.2123,120.78,23.265,13.669,27.865,0.0,0.0367999999999999,-0.00058,-0.00216,-4.2123,0.0,23.917,-26.97,-26.97,20.203,-1.3619,51
2015-08-15 02:32:00,0.0,-4.3274,120.79,23.218,13.669,27.865,0.0001399999999999,0.0367999999999999,0.0,0.0,-4.3274,0.0,23.929,-26.97,-26.97,20.236,-1.2945,51
2015-08-15 02:33:00,0.0,-4.3043,120.87,23.159,13.669,27.865,0.0001399999999999,0.02597,-0.00058,0.0,-4.3043,0.0,24.081,-26.97,-26.97,20.341,-1.345,51
2015-08-15 02:34:00,0.0,-4.3274,120.77,23.091,13.669,27.861,0.00029,0.02597,-0.00029,0.00216,-4.3274,0.0,22.894,-26.97,-26.97,20.397,-1.3114,51
2015-08-15 02:35:00,0.0,-3.4757,120.68,23.051,13.669,27.849,0.0001399999999999,0.02597,-0.00029,0.0,-3.4757,0.0,23.559,-26.97,-26.97,20.484,-1.4627,51
2015-08-15 02:36:00,0.0,-4.2122,120.94,23.023,13.669,27.849,0.0,0.02597,-0.00029,0.00216,-4.2122,0.0,23.824,-26.97,-26.97,20.551,-1.4795,51
2015-08-15 02:37:00,0.0,-4.4195,120.6,23.025,13.669,27.849,0.0001399999999999,0.02597,-0.0001399999999999,0.0,-4.4195,0.0,23.834,-26.97,-26.97,20.612,-1.4795,51
2015-08-15 02:38:00,0.0,-4.7877,120.88,23.11,13.669,27.848,0.00029,0.02597,0.00029,0.00216,-4.7877,0.0,23.282,-26.97,-26.97,20.731,-1.4795,51
2015-08-15 02:39:00,0.0,-3.4757,120.75,23.282,13.67,27.837,0.0,0.02597,-0.0001399999999999,-0.00216,-3.4757,0.0,23.825,-26.97,-26.97,20.813,-1.4459,51
2015-08-15 02:40:00,0.0,-4.0512,121.04,23.369,13.669,27.833,0.0001399999999999,0.01948,0.00029,0.00216,-4.0512,0.0,23.883,-26.97,-26.97,20.854,-1.2946,51
2015-08-15 02:41:00,0.0,-4.3274,120.78,23.387,13.669,27.833,0.0004299999999999,0.02381,0.0,-0.00649,-4.3274,1e-05,24.984,-26.97,-26.97,20.876,-1.2946,51
2015-08-15 02:42:00,0.0,-4.8338,121.14,23.351,13.67,27.833,0.0004299999999999,0.0043299999999999,0.00115,-0.00216,-4.8338,1e-05,23.624,-26.97,-26.97,20.875,-1.2778,51
2015-08-15 02:43:00,0.0,-4.6496,121.03,23.311,13.671,27.833,0.0001399999999999,0.01082,0.0001399999999999,0.00432,-4.6496,0.0,23.5,-26.97,-26.97,20.858,-1.3618,51
2015-08-15 02:44:00,0.0,-4.0051,120.8,23.293,13.67,27.827,0.0001399999999999,0.0086599999999999,0.0,-0.00216,-4.0051,0.0,23.813,-26.97,-26.97,20.844,-1.4291,51
2015-08-15 02:45:00,0.0,-4.1202,120.73,23.262,13.67,27.819,0.0004299999999999,0.04113,-0.0001399999999999,-0.00216,-4.1202,1e-05,23.441,-26.97,-26.97,20.818,-1.5132,51
2015-08-15 02:46:00,0.0,-4.1202,120.79,23.188,13.67,27.818,0.0001399999999999,0.01299,-0.0004299999999999,0.00432,-4.1202,0.0,23.3,-26.97,-26.97,20.75,-1.5468,51
2015-08-15 02:47:00,0.0,-3.9591,120.56,23.162,13.67,27.818,0.0,0.01515,0.0,-0.0064799999999999,-3.9591,0.0,23.747,-26.97,-26.97,20.731,-1.614,51
2015-08-15 02:48:00,0.0,-4.4655,121.39,23.146,13.67,27.818,0.0,0.0,0.0,-0.00216,-4.4655,0.0,24.052,-26.97,-26.97,20.704,-1.6309,51
2015-08-15 02:49:00,0.0,-5.041,121.07,23.137,13.67,27.814,0.0,0.01299,0.00072,0.0,-5.041,0.0,24.042,-26.97,-26.97,20.646,-1.614,51
2015-08-15 02:50:00,0.0,-3.2916,121.09,23.138,13.67,27.802,0.0,0.01948,0.00072,-0.01297,-3.2916,-1e-05,23.681,-26.97,-26.97,20.634,-1.6141,51
2015-08-15 02:51:00,0.0,-3.7059,121.07,23.141,13.67,27.802,0.0004299999999999,0.02597,-0.0001399999999999,-0.01081,-3.7059,1e-05,23.695,-26.97,-26.97,20.703,-1.5804,51
2015-08-15 02:52:00,0.0,-4.1202,121.15,23.141,13.67,27.802,0.0,0.02597,-0.0001399999999999,0.0,-4.1202,0.0,23.284,-26.97,-26.97,20.7,-1.5972,51
2015-08-15 02:53:00,0.0,-4.2583,120.68,23.148,13.67,27.802,0.0001399999999999,0.02598,-0.00058,-0.00216,-4.2583,0.0,23.242,-26.97,-26.97,20.71,-1.5804,51
2015-08-15 02:54:00,0.0,-4.3044,121.19,23.148,13.671,27.802,0.0001399999999999,0.02597,0.00029,-0.00216,-4.3044,0.0,23.68,-26.97,-26.97,20.721,-1.6141,51
2015-08-15 02:55:00,0.0,-4.4425,120.94,23.123,13.671,27.789,0.00029,0.02597,-0.00029,0.00216,-4.4425,0.0,23.494,-26.97,-26.97,20.728,-1.5973,51
2015-08-15 02:56:00,0.0,-3.2456,121.05,23.138,13.671,27.787,0.0,0.01515,-0.0001399999999999,0.0,-3.2456,0.0,24.79,-26.97,-26.97,20.738,-1.5636,51
2015-08-15 02:57:00,0.0,-3.6829,120.61,23.174,13.671,27.787,0.0,0.02381,-0.0001399999999999,0.0,-3.6829,0.0,24.072,-26.97,-26.97,20.704,-1.5804,51
2015-08-15 02:58:00,0.0,-4.5806,121.07,23.176,13.671,27.786,-0.0001399999999999,0.01082,-0.00029,0.0,-4.5806,0.0,23.808,-26.97,-26.97,20.685,-1.5636,51
2015-08-15 02:59:00,0.0,-3.4527,120.93,23.275,13.671,27.787,0.0001399999999999,0.01948,0.0,0.0,-3.4527,0.0,24.043,-26.97,-26.97,20.707,-1.4627,51
2015-08-15 03:00:00,0.0,-4.3964,121.24,23.249,13.671,27.781,0.0001399999999999,0.0086599999999999,-0.00029,-0.00216,-4.3964,0.0,24.118,-26.97,-26.97,20.654,-1.5132,51
2015-08-15 03:01:00,0.0,-4.3274,121.04,23.282,13.67,27.776,0.00029,0.00649,-0.00029,-0.00649,-4.3274,0.0,23.745,-26.97,-26.97,20.673,-1.4795,51
2015-08-15 03:02:00,0.0,-4.1893,120.98,23.278,13.671,27.771,0.0,0.0173199999999999,-0.0001399999999999,-0.00432,-4.1893,0.0,23.68,-26.97,-26.97,20.705,-1.4459,51
2015-08-15 03:03:00,0.0,-4.6727,120.89,23.26,13.672,27.771,-0.0001399999999999,0.02598,-0.0004299999999999,-0.00432,-4.6727,0.0,23.638,-26.97,-26.97,20.692,-1.4964,51
2015-08-15 03:04:00,0.0,-4.2353,120.91,23.258,13.67,27.771,0.0,0.02597,-0.00058,0.0,-4.2353,0.0,24.3,-26.97,-26.97,20.683,-1.4627,51
2015-08-15 03:05:00,0.0,-4.5576,120.85,23.238,13.671,27.771,0.0,0.02598,-0.00029,-0.00216,-4.5576,0.0,24.155,-26.97,-26.97,20.696,-1.4796,51
2015-08-15 03:06:00,0.0,-3.9361,120.98,23.234,13.671,27.771,0.0,0.02597,-0.00058,-0.00216,-3.9361,0.0,23.56,-26.97,-26.97,20.681,-1.4964,51
2015-08-15 03:07:00,0.0,-4.0742,121.03,23.192,13.671,27.771,0.00029,0.02598,-0.00029,-0.0086499999999999,-4.0742,1e-05,23.809,-26.97,-26.97,20.643,-1.53,51
2015-08-15 03:08:00,0.0,-4.1432,120.85,23.163,13.671,27.763,0.0004299999999999,0.01515,-0.00058,-0.00649,-4.1432,0.0,23.831,-26.97,-26.97,20.608,-1.4964,51
2015-08-15 03:09:00,0.0,-4.2813,120.96,23.115,13.671,27.755,0.0004299999999999,0.00649,-0.00058,0.00432,-4.2813,0.0,23.746,-26.97,-26.97,20.659,-1.5973,51
2015-08-15 03:10:00,0.0,-4.7417,120.83,23.09,13.671,27.755,0.0,0.02597,-0.00058,0.0,-4.7417,0.0,23.26,-26.97,-26.97,20.667,-1.5973,51
2015-08-15 03:11:00,0.0,-4.0972,121.03,23.071,13.671,27.755,0.0,0.02597,-0.00058,-0.00432,-4.0972,0.0,23.937,-26.97,-26.97,20.61,-1.5973,51
2015-08-15 03:12:00,0.0,-4.8568,121.12,23.031,13.672,27.755,0.0001399999999999,0.02597,-0.0008599999999999,0.00432,-4.8568,0.0,23.715,-26.97,-26.97,20.549,-1.6477,51
2015-08-15 03:13:00,0.0,-4.6036,120.93,23.001,13.671,27.755,0.0001399999999999,0.0324699999999999,-0.00058,-0.00216,-4.6036,0.0,24.693,-26.97,-26.97,20.494,-1.6309,51
2015-08-15 03:14:00,0.0,-4.0282,121.19,22.966,13.672,27.755,0.0001399999999999,0.0303,-0.00029,-0.00432,-4.0282,0.0,23.444,-26.97,-26.97,20.447,-1.7486,51
2015-08-15 03:15:00,0.0,-5.087,120.49,23.01,13.671,27.749,0.0001399999999999,0.03896,-0.00144,0.0086499999999999,-5.087,0.0,23.439,-26.97,-26.97,20.461,-1.7654,51
2015-08-15 03:16:00,0.0,-4.0512,121.0,23.13,13.672,27.742,0.0,0.0303,-0.0001399999999999,-0.00216,-4.0512,0.0,23.499,-26.97,-26.97,20.472,-1.5804,51
2015-08-15 03:17:00,0.0,-4.9029,120.91,23.113,13.671,27.741,0.0,0.0324699999999999,-0.00058,0.00216,-4.9029,0.0,23.465,-26.97,-26.97,20.574,-1.4796,51
2015-08-15 03:18:00,0.0,-3.5217,121.22,23.055,13.671,27.74,0.00029,0.0281399999999999,0.0001399999999999,-0.00216,-3.5217,0.0,23.759,-26.97,-26.97,20.555,-1.4964,51
2015-08-15 03:19:00,0.0,-4.6496,120.9,22.933,13.672,27.74,0.0001399999999999,0.0303,0.00029,-0.00216,-4.6496,0.0,23.531,-26.97,-26.97,20.571,-1.4964,51
2015-08-15 03:20:00,0.0,-4.3735,120.9,22.885,13.672,27.74,0.0,0.0303,-0.00029,0.00216,-4.3735,0.0,24.727,-26.97,-26.97,20.604,-1.5804,51
2015-08-15 03:21:00,0.0,-3.821,120.86,22.877,13.671,27.74,0.0001399999999999,0.03463,0.0,-0.00216,-3.821,0.0,23.683,-26.97,-26.97,20.626,-1.6141,51
2015-08-15 03:22:00,0.0,-4.6266,120.95,22.889,13.672,27.739,0.0,0.03896,0.0,-0.00216,-4.6266,0.0,23.539,-26.97,-26.97,20.668,-1.6477,51
2015-08-15 03:23:00,0.0,-4.5116,120.54,22.925,13.671,27.724,0.0001399999999999,0.04979,-0.00144,-0.00216,-4.5116,0.0,23.607,-26.97,-26.97,20.689,-1.6141,51
2015-08-15 03:24:00,0.0,-3.6599,120.81,22.936,13.671,27.724,0.0001399999999999,0.02598,0.0001399999999999,-0.00216,-3.6599,0.0,24.086,-26.97,-26.97,20.723,-1.5804,51
2015-08-15 03:25:00,0.0,-3.683,120.48,22.962,13.672,27.724,0.0,0.0562799999999999,-0.0004299999999999,0.0,-3.683,0.0,23.466,-26.97,-26.97,20.761,-1.4964,51
2015-08-15 03:26:00,0.0,-4.6498,120.77,22.944,13.672,27.724,0.0004299999999999,0.0367999999999999,-0.0008599999999999,-0.00432,-4.6498,1e-05,24.248,-26.97,-26.97,20.775,-1.4964,51
2015-08-15 03:27:00,0.0,-3.9822,121.06,22.918,13.672,27.722,0.00029,0.02598,0.0,-0.00216,-3.9822,0.0,23.791,-26.97,-26.97,20.775,-1.4964,51
2015-08-15 03:28:00,0.0,-4.8568,120.38,22.805,13.672,27.709,0.00029,0.0930799999999999,-0.00058,0.0,-4.8568,2e-05,23.421,-26.97,-26.97,20.74,-1.4796,51
2015-08-15 03:29:00,0.0,-4.5806,120.83,22.756,13.672,27.709,0.0,0.1104,-0.0001399999999999,-0.00216,-4.5806,0.0,23.614,-26.97,-26.97,20.751,-1.5636,51
2015-08-15 03:30:00,0.0,-4.3966,120.64,22.697,13.672,27.709,0.0001399999999999,0.0800899999999999,-0.0008599999999999,0.00216,-4.3966,0.0,22.934,-26.97,-26.97,20.697,-1.5804,51
2015-08-15 03:31:00,0.0,-4.1663,120.7,22.655,13.672,27.709,0.0001399999999999,0.0974099999999999,0.0,-0.00432,-4.1663,1e-05,23.154,-26.97,-26.97,20.685,-1.5804,51
2015-08-15 03:32:00,0.0,-4.3505,120.85,22.715,13.672,27.697,0.00029,0.10174,0.0,-0.0086499999999999,-4.3505,4e-05,22.832,-26.97,-26.97,20.719,-1.6645,51
2015-08-15 03:33:00,0.0,-4.8108,120.79,22.825,13.673,27.688,0.0,0.10607,-0.00029,0.0,-4.8108,0.0,24.421,-26.97,-26.97,20.78,-1.6309,51
2015-08-15 03:34:00,0.0,-5.2021,121.05,22.894,13.673,27.678,0.0,0.1277099999999999,0.0012899999999999,0.0,-5.2021,0.0,23.949,-26.97,-26.97,20.814,-1.5804,51
2015-08-15 03:35:00,0.0,-4.8339,120.46,22.94,13.672,27.678,0.00029,0.0930799999999999,-0.00101,0.0,-4.8339,3e-05,24.754,-26.97,-26.97,20.817,-1.53,51
2015-08-15 03:36:00,0.0,-4.6498,120.58,23.014,13.673,27.678,0.0,0.0930799999999999,-0.00072,-0.00216,-4.6498,0.0,22.105,-26.97,-26.97,20.798,-1.5636,51
2015-08-15 03:37:00,0.0,-3.729,121.23,23.179,13.674,27.672,0.0,0.0930799999999999,0.0,-0.00649,-3.729,0.0,24.063,-26.97,-26.97,20.869,-1.5132,51
2015-08-15 03:38:00,0.0,-4.0052,121.24,23.243,13.672,27.662,0.0,0.0779299999999999,0.0001399999999999,-0.00216,-4.0052,0.0,24.395,-26.97,-26.97,20.883,-1.3451,51
2015-08-15 03:39:00,0.0,-4.4196,120.78,23.286,13.673,27.662,0.00029,0.0779299999999999,-0.00029,0.0,-4.4196,2e-05,22.308,-26.97,-26.97,20.876,-1.2106,51
2015-08-15 03:40:00,0.0,-4.4426,120.52,23.354,13.673,27.662,0.0,0.0779299999999999,-0.0004299999999999,-0.00649,-4.4426,0.0,23.959,-26.97,-26.97,20.849,-1.1937,51
2015-08-15 03:41:00,0.0,-4.5578,120.62,23.402,13.674,27.659,0.0,0.0779299999999999,-0.0004299999999999,0.0,-4.5578,0.0,23.145,-26.97,-26.97,20.85,-1.1097,51
2015-08-15 03:42:00,0.0,-3.8442,120.73,23.521,13.674,27.652,0.0,0.0779299999999999,-0.0001399999999999,-0.00432,-3.8442,0.0,23.523,-26.97,-26.97,20.933,-1.0256,51
2015-08-15 03:43:00,0.0,-4.4196,120.72,23.643,13.674,27.648,0.0001399999999999,0.07792,-0.00101,0.0,-4.4196,0.0,24.558,-26.97,-26.97,21.006,-0.89109,51
2015-08-15 03:44:00,0.0,-4.3045,120.66,23.67,13.674,27.647,0.0001399999999999,0.0779299999999999,-0.0008599999999999,-0.00216,-4.3045,1e-05,24.492,-26.97,-26.97,21.117,-0.8070199999999998,51
2015-08-15 03:45:00,0.0,-4.0513,120.87,23.718,13.674,27.646,0.0001399999999999,0.0844199999999999,-0.00029,-0.0086499999999999,-4.0513,1e-05,23.683,-26.97,-26.97,21.171,-0.8238499999999999,51
2015-08-15 03:46:00,0.0,-4.3046,120.74,23.77,13.674,27.647,0.00029,0.0930799999999999,-0.00072,-0.00432,-4.3046,3e-05,23.5,-26.97,-26.97,21.225,-0.7397799999999999,51
2015-08-15 03:47:00,0.0,-4.5117,120.53,23.763,13.674,27.647,0.0001399999999999,0.0779299999999999,-0.0012899999999999,0.00216,-4.5117,0.0,23.729,-26.97,-26.97,21.258,-0.72297,51
2015-08-15 03:48:00,0.0,-4.903,120.64,23.723,13.674,27.647,0.0,0.0779299999999999,-0.00101,0.00216,-4.903,0.0,23.311,-26.97,-26.97,21.24,-0.77341,51
2015-08-15 03:49:00,0.0,-4.1665,120.63,23.662,13.674,27.647,0.00029,0.0779299999999999,-0.0004299999999999,-0.00216,-4.1665,2e-05,23.286,-26.97,-26.97,21.208,-0.77341,51
2015-08-15 03:50:00,0.0,-4.5348,120.6,23.593,13.674,27.647,0.00029,0.0779299999999999,-0.0004299999999999,0.0,-4.5348,3e-05,23.724,-26.97,-26.97,21.204,-0.84065,51
2015-08-15 03:51:00,0.0,-4.1895,121.03,23.59,13.674,27.646,0.00029,0.0779299999999999,-0.00029,-0.00649,-4.1895,2e-05,23.397,-26.97,-26.97,21.215,-0.94153,51
2015-08-15 03:52:00,0.0,-4.8571,120.47,23.643,13.674,27.647,0.00029,0.0779299999999999,-0.00058,0.0,-4.8571,2e-05,23.811,-26.97,-26.97,21.208,-1.0256,51
2015-08-15 03:53:00,0.0,-4.2816,120.39,23.62,13.674,27.647,0.0004299999999999,0.0779299999999999,-0.00101,-0.00649,-4.2816,4e-05,24.233,-26.97,-26.97,21.254,-1.0256,51
2015-08-15 03:54:00,0.0,-4.2816,120.63,23.599,13.674,27.647,0.0,0.10607,-0.00058,-0.00432,-4.2816,0.0,23.26,-26.97,-26.97,21.296,-1.1097,51
2015-08-15 03:55:00,0.0,-4.4657,120.45,23.58,13.674,27.647,0.0,0.1039,-0.00072,0.00649,-4.4657,0.0,24.043,-26.97,-26.97,21.309,-1.2106,51
2015-08-15 03:56:00,0.0,-4.0514,120.46,23.531,13.674,27.647,0.0001399999999999,0.10607,-0.00058,-0.00216,-4.0514,2e-05,23.536,-26.97,-26.97,21.304,-1.2442,51
2015-08-15 03:57:00,0.0,-4.4656,120.46,23.441,13.674,27.647,0.00029,0.10174,-0.00072,-0.00216,-4.4656,3e-05,23.783,-26.97,-26.97,21.261,-1.261,51
2015-08-15 03:58:00,0.0,-4.2816,120.52,23.404,13.674,27.647,0.0,0.09958,-0.00029,-0.00216,-4.2816,0.0,23.56,-26.97,-26.97,21.218,-1.3787,51
2015-08-15 03:59:00,0.0,-4.1665,120.4,23.331,13.674,27.647,0.0001399999999999,0.1104,-0.00058,0.00216,-4.1665,1e-05,23.386,-26.97,-26.97,21.168,-1.5132,51
2015-08-15 04:00:00,0.0,-4.4888,120.28,23.295,13.674,27.647,0.0001399999999999,0.11906,-0.00101,0.00432,-4.4888,1e-05,24.088,-26.97,-26.97,21.164,-1.5973,51
2015-08-15 04:01:00,0.0,-4.3046,120.45,23.281,13.674,27.647,0.0,0.10607,-0.00058,0.00216,-4.3046,0.0,24.711,-26.97,-26.97,21.157,-1.6141,51
2015-08-15 04:02:00,0.0,-4.2816,120.32,23.238,13.674,27.647,0.0001399999999999,0.1104,-0.00072,-0.00432,-4.2816,2e-05,23.217,-26.97,-26.97,21.119,-1.6981,51
2015-08-15 04:03:00,0.0,-4.4197,120.34,23.195,13.673,27.647,0.0001399999999999,0.0887499999999999,-0.00058,-0.00216,-4.4197,2e-05,22.826,-26.97,-26.97,21.074,-1.7149,51
2015-08-15 04:04:00,0.0,-4.4658,120.36,23.188,13.674,27.646,0.0004299999999999,0.10824,-0.00101,-0.00216,-4.4658,5e-05,23.148,-26.97,-26.97,21.063,-1.6981,51
2015-08-15 04:05:00,0.0,-4.0514,120.36,23.257,13.674,27.647,0.0001399999999999,0.1125599999999999,-0.00058,-0.00432,-4.0514,2e-05,23.497,-26.97,-26.97,21.079,-1.6981,51
2015-08-15 04:06:00,0.0,-4.3046,120.38,23.266,13.674,27.647,0.0,0.11906,-0.00058,0.00216,-4.3046,0.0,23.308,-26.97,-26.97,21.061,-1.7149,51
2015-08-15 04:07:00,0.0,-3.9594,120.48,23.278,13.674,27.647,0.0004299999999999,0.09092,0.0,0.00649,-3.9594,4e-05,23.872,-26.97,-26.97,21.061,-1.6477,51
2015-08-15 04:08:00,0.0,-4.5118,120.28,23.239,13.674,27.647,0.0,0.10607,-0.0008599999999999,0.0,-4.5118,0.0,23.45,-26.97,-26.97,21.027,-1.6477,51
2015-08-15 04:09:00,0.0,-4.3737,120.3,23.287,13.674,27.647,0.00058,0.0779299999999999,-0.00058,-0.00432,-4.3737,5e-05,24.404,-26.97,-26.97,21.071,-1.7149,51
2015-08-15 04:10:00,0.0,-3.7292,120.65,23.351,13.674,27.647,0.0,0.0779299999999999,-0.0001399999999999,-0.00216,-3.7292,0.0,24.361,-26.97,-26.97,21.092,-1.6813,51
2015-08-15 04:11:00,0.0,-3.5219,120.21,23.343,13.674,27.647,0.0,0.09958,-0.0001399999999999,-0.00432,-3.5219,0.0,23.948,-26.97,-26.97,21.033,-1.6981,51
2015-08-15 04:12:00,0.0,-3.591,120.68,23.322,13.674,27.646,-0.00029,0.09092,0.0,-0.00432,-3.591,-3e-05,24.099,-26.97,-26.97,21.017,-1.6813,51
2015-08-15 04:13:00,0.0,-4.2356,120.23,23.292,13.674,27.647,0.0,0.11473,-0.00072,0.00216,-4.2356,0.0,23.192,-26.97,-26.97,20.979,-1.7486,51
2015-08-15 04:14:00,0.0,-4.857,120.3,23.286,13.674,27.647,0.0,0.12339,0.0,0.00432,-4.857,0.0,23.576,-26.97,-26.97,20.948,-1.7149,51
2015-08-15 04:15:00,0.0,-4.3277,120.36,23.267,13.673,27.647,0.0001399999999999,0.1255499999999999,-0.0004299999999999,-0.00649,-4.3277,2e-05,23.8,-26.97,-26.97,20.919,-1.6645,51
2015-08-15 04:16:00,0.0,-4.4658,120.27,23.2,13.674,27.645,0.00029,0.12988,-0.00029,0.0,-4.4658,4e-05,24.164,-26.97,-26.97,20.879,-1.7654,51
2015-08-15 04:17:00,0.0,-4.1666,120.38,23.124,13.674,27.647,0.0001399999999999,0.12988,-0.0001399999999999,0.0,-4.1666,2e-05,23.725,-26.97,-26.97,20.824,-1.799,51
2015-08-15 04:18:00,0.0,-4.3967,120.07,23.062,13.674,27.643,0.0004299999999999,0.13421,-0.0008599999999999,0.0,-4.3967,6e-05,24.212,-26.97,-26.97,20.752,-1.8831,51
2015-08-15 04:19:00,0.0,-4.3507,120.26,23.089,13.674,27.635,0.0,0.17101,-0.00029,0.0,-4.3507,0.0,23.426,-26.97,-26.97,20.637,-1.8831,51
2015-08-15 04:20:00,0.0,-4.1206,120.26,23.18,13.674,27.632,0.0001399999999999,0.19483,-0.0001399999999999,0.0,-4.1206,2e-05,23.736,-26.97,-26.97,20.58,-1.7822,51
2015-08-15 04:21:00,0.0,-5.1103,120.26,23.317,13.674,27.631,0.0,0.2208,-0.00101,0.00216,-5.1103,0.0,23.347,-26.97,-26.97,20.573,-1.6309,51
2015-08-15 04:22:00,0.0,-3.9133,120.12,23.461,13.674,27.632,0.0,0.23163,-0.0004299999999999,-0.00216,-3.9133,0.0,23.31,-26.97,-26.97,20.604,-1.5636,51
2015-08-15 04:23:00,0.0,-5.2255,120.12,23.458,13.674,27.631,-0.0001399999999999,0.2489399999999999,-0.0008599999999999,0.0,-5.2255,-3e-05,23.429,-26.97,-26.97,20.645,-1.53,51
2015-08-15 04:24:00,0.0,-4.5578,120.29,23.442,13.674,27.631,0.0001399999999999,0.28791,-0.00058,-0.00216,-4.5578,4e-05,23.681,-26.97,-26.97,20.619,-1.4627,51
2015-08-15 04:25:00,0.0,-4.3737,120.46,23.4,13.674,27.631,-0.0001399999999999,0.3355299999999999,-0.0004299999999999,0.00216,-4.3737,-5e-05,23.655,-26.97,-26.97,20.639,-1.5468,51
2015-08-15 04:26:00,0.0,-4.3738,120.09,23.367,13.674,27.631,0.0001399999999999,0.3896399999999999,-0.00072,0.0,-4.3738,5e-05,24.862,-26.97,-26.97,20.658,-1.5804,51
2015-08-15 04:27:00,0.0,-4.3967,120.24,23.324,13.674,27.631,0.0,0.4545899999999999,-0.00058,-0.00216,-4.3967,0.0,23.597,-26.97,-26.97,20.661,-1.6141,51
2015-08-15 04:28:00,0.0,-4.1896,120.26,23.28,13.673,27.631,0.00029,0.5411799999999999,-0.0001399999999999,0.00216,-4.1896,0.00016,23.129,-26.97,-26.97,20.651,-1.6645,51
2015-08-15 04:29:00,0.0,-4.5118,120.15,23.25,13.674,27.631,0.0004299999999999,0.6256,-0.00072,0.0,-4.5118,0.00027,24.042,-26.97,-26.97,20.623,-1.7486,51
2015-08-15 04:30:00,0.0,-4.1205,120.39,23.221,13.674,27.631,0.0001399999999999,0.73167,-0.00058,-0.00216,-4.1205,0.0001,23.624,-26.97,-26.97,20.583,-1.7654,51
2015-08-15 04:31:00,0.0,-4.2816,120.33,23.199,13.674,27.631,0.00029,0.86153,-0.00072,0.0,-4.2816,0.0002599999999999,23.569,-26.97,-26.97,20.567,-1.7654,51
2015-08-15 04:32:00,0.0,-4.4658,120.3,23.145,13.674,27.631,0.0001399999999999,1.0109,-0.0001399999999999,0.00216,-4.4658,0.00012,24.153,-26.97,-26.97,20.519,-1.7822,51
2015-08-15 04:33:00,0.0,-4.3276,120.22,23.079,13.674,27.631,0.0001399999999999,1.2036,-0.0008599999999999,0.00432,-4.3276,0.00016,23.365,-26.97,-26.97,20.452,-1.8158,51
2015-08-15 04:34:00,0.0,-4.4889,120.21,23.025,13.674,27.631,0.0,1.4114,-0.0001399999999999,0.0086499999999999,-4.4889,2e-05,24.56,-26.97,-26.97,20.438,-1.8999,51
2015-08-15 04:35:00,0.0,-4.3046,120.1,23.072,13.674,27.631,0.0001399999999999,1.6647,-0.00058,0.2378,-4.3046,0.00012,23.983,-26.97,-26.97,20.445,-1.8999,51
2015-08-15 04:36:00,0.0,-4.3738,120.24,23.172,13.674,27.631,0.0001399999999999,1.9872,-0.0004299999999999,0.5858499999999999,-4.3738,5e-05,23.475,-26.97,-26.97,20.521,-1.8999,51
2015-08-15 04:37:00,0.0,-4.2816,120.16,23.236,13.674,27.631,0.0001399999999999,2.3617,-0.00072,0.99876,-4.2816,-0.0003699999999999,23.683,-26.97,-26.97,20.511,-1.7486,51
2015-08-15 04:38:00,0.0,-4.5809,120.1,23.121,13.674,27.631,0.0001399999999999,2.8163,-0.00058,1.5306,-4.5809,-0.00051,23.455,-26.97,-26.97,20.469,-1.6981,51
2015-08-15 04:39:00,0.0,-4.0975,120.18,23.036,13.674,27.631,0.0001399999999999,3.3791,-0.00029,2.164,-4.0975,-0.00024,23.593,-26.97,-26.97,20.451,-1.8158,51
2015-08-15 04:40:00,0.0,-4.65,119.65,22.949,13.674,27.631,0.0,4.1043,-0.00158,2.9531,-4.65,-0.00474,23.44,-26.97,-26.97,20.416,-1.9167,51
2015-08-15 04:41:00,0.0,-4.2356,120.13,22.982,13.674,27.631,0.00029,4.9659,-0.00058,3.861,-4.2356,-0.0010399999999999,24.14,-26.97,-26.97,20.416,-1.984,51
2015-08-15 04:42:00,0.0,-5.2255,120.35,23.017,13.675,27.631,0.0,6.0179,0.00029,5.0652,-5.2255,0.00175,23.737,-26.97,-26.97,20.41,-1.9671,51
2015-08-15 04:43:00,0.0,-4.4658,120.11,23.143,13.673,27.63,0.00029,7.2648,-0.0008599999999999,6.4271,-4.4658,-0.0037399999999999,23.579,-26.97,-26.97,20.332,-1.8999,51
2015-08-15 04:44:00,0.0,-4.0975,120.2,23.166,13.675,27.627,0.0001399999999999,8.8062,0.0001399999999999,8.119799999999998,-4.0975,0.00222,23.717,-26.97,-26.97,20.211,-1.8495,51
2015-08-15 04:45:00,0.0,-4.9493,120.23,23.138,13.675,27.621,0.0004299999999999,10.726,-0.0008599999999999,10.157,-4.9493,-0.0041599999999999,23.051,-26.97,-26.97,20.133,-1.8999,51
2015-08-15 04:46:00,0.0,-4.3046,119.97,23.09,13.674,27.616,0.00029,13.114,-0.0008599999999999,12.614,-4.3046,-0.00753,23.521,-26.97,-26.97,20.068,-1.8663,51
2015-08-15 04:47:00,0.0,-4.65,120.44,22.932,13.674,27.616,0.0,15.924,-0.0001399999999999,15.611,-4.65,-0.00203,23.36,-26.97,-26.97,19.999,-1.9503,51
2015-08-15 04:48:00,0.0,-3.9134,120.05,22.761,13.674,27.615,-0.0001399999999999,19.219,-0.00072,19.117,-3.9134,-0.0173999999999999,23.864,-26.97,-26.97,19.937,-2.0344,51
2015-08-15 04:49:00,0.0,-4.0975,120.56,22.566,13.674,27.616,0.0001399999999999,22.959,-0.0001399999999999,23.002,-4.0975,0.0005699999999999,24.248,-26.97,-26.97,19.882,-2.1689,51
2015-08-15 04:50:00,0.0,-4.2356,120.06,22.397,13.674,27.616,0.00072,27.024,-0.0004299999999999,27.311,-4.2356,0.00796,24.209,-26.97,-26.97,19.833,-2.2025,51
2015-08-15 04:51:00,0.0,-3.7983,120.01,22.282,13.674,27.616,0.0,31.393,-0.00072,31.803,-3.7983,-0.0221699999999999,23.951,-26.97,-26.97,19.759,-2.3034,51
2015-08-15 04:52:00,0.0,-4.7421,120.19,22.175,13.674,27.616,0.0001399999999999,35.903,-0.0004299999999999,36.535,-4.7421,-0.0110399999999999,23.739,-26.97,-26.97,19.62,-2.3202,51
2015-08-15 04:53:00,0.0,-3.9134,119.89,22.15,13.675,27.616,0.00029,41.056,-0.0012899999999999,41.747,-3.9134,-0.0423899999999999,23.984,-26.97,-26.97,19.537,-2.5388,51
2015-08-15 04:54:00,0.0,-5.0412,119.82,22.131,13.674,27.612,0.0004299999999999,47.274,-0.00158,47.98,-5.0412,-0.05655,23.073,-26.97,-26.97,19.463,-2.7237,51
2015-08-15 04:55:00,0.0,-4.9953,120.55,22.19,13.674,27.604,0.0,54.33,-0.0008599999999999,55.032,-4.9953,-0.04671,23.513,-26.97,-26.97,19.374,-2.8751,51
2015-08-15 04:56:00,0.0,-4.1205,120.33,22.236,13.674,27.602,0.0,62.314,-0.00101,63.132,-4.1205,-0.0629099999999999,23.864,-26.97,-26.97,19.337,-2.791,51
2015-08-15 04:57:00,0.0,-4.3737,120.27,22.267,13.674,27.6,0.00058,70.761,-0.00115,71.788,-4.3737,-0.0412,24.303,-26.97,-26.97,19.283,-2.606,51
2015-08-15 04:58:00,0.0,-4.1896,120.43,22.268,13.675,27.6,0.0,79.62699999999998,-0.00144,80.69799999999998,-4.1896,-0.1154199999999999,23.927,-26.97,-26.97,19.217,-2.3875,51
2015-08-15 04:59:00,0.0,-4.604,120.2,22.321,13.674,27.6,0.0,88.912,-0.00144,89.90699999999998,-4.604,-0.12938,23.348,-26.97,-26.97,19.18,-2.2025,51
2015-08-15 05:00:00,0.0,-4.1435,120.43,22.415,13.674,27.599,0.00029,98.287,-0.0012899999999999,99.194,-4.1435,-0.10041,23.439,-26.97,-26.97,19.178,-2.0344,51
2015-08-15 05:01:00,0.0,-4.5349,120.66,22.472,13.674,27.591,-0.00029,108.12,-0.00115,108.79,-4.5349,-0.15457,23.204,-26.97,-26.97,19.132,-1.8999,51
2015-08-15 05:02:00,0.0,-4.2586,120.64,22.467,13.674,27.586,-0.0001399999999999,116.99,-0.00115,117.54,-4.2586,-0.15343,23.61,-26.97,-26.97,19.124,-1.7486,51
2015-08-15 05:03:00,0.0,-4.4428,120.62,22.421,13.675,27.585,0.00029,124.91,-0.0012899999999999,125.29,-4.4428,-0.12709,24.041,-26.97,-26.97,19.104,-1.4459,51
2015-08-15 05:04:00,0.0,-4.1435,120.54,22.403,13.674,27.584,0.00029,133.42,-0.00158,133.32,-4.1435,-0.1724,24.279,-26.97,-26.97,19.087,-1.3282,51
2015-08-15 05:05:00,0.0,-4.3047,120.31,22.368,13.674,27.585,-0.00029,141.63,-0.00144,141.16,-4.3047,-0.24453,23.55,-26.97,-26.97,19.066,-1.1769,51
2015-08-15 05:06:00,0.0,-4.3508,120.68,22.358,13.674,27.585,0.0001399999999999,149.37,-0.00101,148.77,-4.3508,-0.12761,23.871,-26.97,-26.97,19.066,-0.9079,51
2015-08-15 05:07:00,0.0,-4.0515,120.59,22.379,13.673,27.583,0.0,156.14,-0.0012899999999999,155.35,-4.0515,-0.20152,24.006,-26.97,-26.97,19.053,-0.5212,51
2015-08-15 05:08:00,0.0,-4.4428,120.49,22.328,13.674,27.577,0.00029,161.94,-0.00144,161.09,-4.4428,-0.18464,23.778,-26.97,-26.97,19.017,-0.2521999999999999,51
2015-08-15 05:09:00,0.0,-4.1665,120.37,22.258,13.674,27.569,-0.0004299999999999,166.7,-0.00115,165.74,-4.1665,-0.2628599999999999,23.787,-26.97,-26.97,18.905,0.0504399999999999,51
2015-08-15 05:10:00,0.0,-4.3277,120.43,22.204,13.675,27.569,0.00029,171.64,-0.0012899999999999,170.49,-4.3277,-0.16971,24.177,-26.97,-26.97,18.792,0.0,51
2015-08-15 05:11:00,0.0,-4.3047,120.5,22.137,13.675,27.569,0.0,176.19,-0.00115,175.06,-4.3047,-0.20063,24.691,-26.97,-26.97,18.697,-0.0168099999999999,51
2015-08-15 05:12:00,0.0,-4.4198,120.88,22.055,13.674,27.566,0.0001399999999999,180.77,-0.0004299999999999,179.45,-4.4198,-0.0517,23.882,-26.97,-26.97,18.63,0.03363,51
2015-08-15 05:13:00,0.0,-4.2357,120.67,21.999,13.674,27.557,-0.0001399999999999,184.94,-0.00058,183.39,-4.2357,-0.1321199999999999,23.917,-26.97,-26.97,18.568,0.28582,51
2015-08-15 05:14:00,0.0,-3.9364,120.78,21.94,13.675,27.554,0.0,188.94,-0.0008599999999999,187.11,-3.9364,-0.16139,23.479,-26.97,-26.97,18.513,0.6052699999999999,51
2015-08-15 05:15:00,0.0,-4.4428,121.05,21.874,13.674,27.554,-0.0001399999999999,192.56,-0.00144,190.69,-4.4428,-0.3023299999999999,23.802,-26.97,-26.97,18.475,0.94153,51
2015-08-15 05:16:00,0.0,-4.4198,121.01,21.817,13.674,27.554,0.0004299999999999,197.0,-0.0008599999999999,194.89,-4.4198,-0.0836999999999999,23.726,-26.97,-26.97,18.435,1.2778,51
2015-08-15 05:17:00,0.0,-4.558,120.83,21.782,13.674,27.551,0.00058,200.02,-0.00101,198.01,-4.558,-0.08387,24.165,-26.97,-26.97,18.394,1.7318,51
2015-08-15 05:18:00,0.0,-4.696,120.88,21.747,13.674,27.54,0.0001399999999999,202.64,-0.00144,200.48,-4.696,-0.25938,24.708,-26.97,-26.97,18.381,2.0848,51
2015-08-15 05:19:00,0.0,-4.1896,121.05,21.73,13.674,27.539,-0.0001399999999999,203.31,-0.0008599999999999,201.4,-4.1896,-0.2030599999999999,23.8,-26.97,-26.97,18.352,2.5388,51
2015-08-15 05:20:00,0.0,-4.2127,120.97,21.7,13.674,27.538,0.0004299999999999,205.71,-0.0008599999999999,203.74,-4.2127,-0.08709,23.623,-26.97,-26.97,18.33,2.9423,51
2015-08-15 05:21:00,0.0,-4.4659,121.02,21.656,13.674,27.538,0.00029,209.28,-0.00058,207.33,-4.4659,-0.0594799999999999,23.409,-26.97,-26.97,18.32,3.4971,51
2015-08-15 05:22:00,0.0,-3.6832,120.72,21.633,13.674,27.524,-0.00072,212.37,-0.00072,210.4,-3.6832,-0.30463,23.902,-26.97,-26.97,18.293,4.0351,51
2015-08-15 05:23:00,0.0,-4.1666,120.45,21.578,13.674,27.524,-0.0001399999999999,215.2,-0.00173,213.25,-4.1666,-0.3991,23.666,-26.97,-26.97,18.268,4.1864,51
2015-08-15 05:24:00,0.0,-5.4788,120.68,21.524,13.674,27.524,0.0,217.63,-0.0008599999999999,215.81,-5.4788,-0.1867099999999999,23.786,-26.97,-26.97,18.246,5.3634,51
2015-08-15 05:25:00,0.0,-5.1104,120.63,21.488,13.674,27.521,0.0,220.78,-0.0008599999999999,218.7,-5.1104,-0.18889,24.551,-26.97,-26.97,18.253,6.2208,51
2015-08-15 05:26:00,0.0,-4.1896,120.54,21.497,13.674,27.512,-0.00058,222.47,-0.00144,220.48,-4.1896,-0.44527,23.704,-26.97,-26.97,18.221,6.9775,51
2015-08-15 05:27:00,0.0,-4.4429,120.52,21.49,13.674,27.513,-0.00029,224.15,-0.00115,222.13,-4.4429,-0.32063,23.786,-26.97,-26.97,18.24,7.364099999999999,51
2015-08-15 05:28:00,0.0,-4.0285,120.64,21.553,13.675,27.512,-0.0001399999999999,226.72,-0.00144,224.89,-4.0285,-0.3561099999999999,23.465,-26.97,-26.97,18.285,8.8436,51
2015-08-15 05:29:00,0.0,-5.3867,121.01,21.679,13.673,27.498,0.0,227.62,-0.00101,226.19,-5.3867,-0.22766,23.503,-26.97,-26.97,18.352,8.675599999999998,51
2015-08-15 05:30:00,0.0,-5.1795,121.16,21.828,13.674,27.496,0.0,229.29,-0.00029,227.5,-5.1795,-0.0652299999999999,23.309,-26.97,-26.97,18.432,9.7853,51
2015-08-15 05:31:00,0.0,-5.3176,120.88,22.075,13.675,27.493,0.0,231.13,-0.00072,229.14,-5.3176,-0.16478,23.081,-26.97,-26.97,18.509,11.635,51
2015-08-15 05:32:00,0.0,-4.7191,121.1,22.286,13.674,27.495,0.0,232.1,-0.0008599999999999,230.05,-4.7191,-0.19844,24.145,-26.97,-26.97,18.597,11.567,51
2015-08-15 05:33:00,0.0,-4.1206,121.23,22.472,13.675,27.485,-0.00029,233.02,-0.00029,231.16,-4.1206,-0.1335,23.623,-26.97,-26.97,18.686,13.013,51
2015-08-15 05:34:00,0.0,-4.1436,120.63,22.673,13.675,27.48,0.0001399999999999,231.92,-0.00072,230.25,-4.1436,-0.1319799999999999,24.368,-26.97,-26.97,18.9,13.215,51
2015-08-15 05:35:00,0.0,-5.1104,120.9,22.706,13.675,27.479,0.0,228.76,-0.0001399999999999,227.37,-5.1104,-0.03259,23.534,-26.97,-26.97,19.104,11.82,51
2015-08-15 05:36:00,0.0,-4.6731,120.95,22.753,13.675,27.485,0.00029,227.54,-0.00072,226.0,-4.6731,-0.09707,23.192,-26.97,-26.97,19.241,11.248,51
2015-08-15 05:37:00,0.0,-5.2716,120.69,22.789,13.676,27.481,0.0,229.82,-0.00058,228.35,-5.2716,-0.1307899999999999,23.262,-26.97,-26.97,19.264,13.383,51
2015-08-15 05:38:00,0.0,-5.4097,120.62,22.833,13.675,27.481,0.0,235.6,-0.0008599999999999,233.75,-5.4097,-0.2011699999999999,23.726,-26.97,-26.97,19.391,16.258,51
2015-08-15 05:39:00,0.0,-5.4097,120.81,22.956,13.676,27.475,0.0,239.4,-0.00115,237.27,-5.4097,-0.2731,23.933,-26.97,-26.97,19.509,16.83,51
2015-08-15 05:40:00,0.0,-4.8112,121.37,23.016,13.676,27.471,0.0,238.27,-0.00029,236.55,-4.8112,-0.06821,24.034,-26.97,-26.97,19.604,17.334,51
2015-08-15 05:41:00,0.0,-3.8904,120.99,23.014,13.676,27.471,-0.00058,238.28,0.0,236.69,-3.8904,-0.1373,23.257,-26.97,-26.97,19.631,17.452,51
2015-08-15 05:42:00,0.0,-4.3968,120.5,23.019,13.677,27.468,0.0,241.03,-0.0012899999999999,239.13,-4.3968,-0.30978,23.699,-26.97,-26.97,19.736,19.402,51
2015-08-15 05:43:00,0.0,-3.3379,120.78,23.096,13.676,27.472,0.0001399999999999,238.68,-0.00101,236.94,-3.3379,-0.2033899999999999,22.992,-26.97,-26.97,19.833,17.956,51
2015-08-15 05:44:00,0.0,-4.0745,120.48,23.2,13.677,27.469,-0.0001399999999999,235.05,-0.0008599999999999,233.53,-4.0745,-0.23582,25.02,-26.97,-26.97,19.832,16.242,51
2015-08-15 05:45:00,0.0,-4.3968,120.94,23.231,13.677,27.466,0.0004299999999999,239.43,-0.0001399999999999,237.91,-4.3968,0.06855,23.705,-26.97,-26.97,19.914,19.217,51
2015-08-15 05:46:00,0.0,-4.3278,121.05,23.239,13.676,27.471,0.0,245.72,-0.00072,244.05,-4.3278,-0.17574,24.906,-26.97,-26.97,20.135,23.858,51
2015-08-15 05:47:00,0.0,-4.1206,120.69,23.226,13.676,27.481,0.0,243.21,-0.00058,241.72,-4.1206,-0.1384,25.816,-26.97,-26.97,20.241,22.513,51
2015-08-15 05:48:00,0.0,-5.0874,121.01,23.256,13.676,27.483,0.0,245.55,-0.0001399999999999,243.86,-5.0874,-0.0345499999999999,22.75,-26.97,-26.97,20.381,25.136,51
2015-08-15 05:49:00,0.0,-5.1565,121.01,23.225,13.677,27.485,0.0,251.46,-0.0004299999999999,249.82,-5.1565,-0.10782,22.098,-26.97,-26.97,20.553,31.659,51
2015-08-15 05:50:00,0.0,-4.1666,120.84,23.243,13.676,27.485,0.00029,252.08,0.0,250.54,-4.1666,0.0725699999999999,24.41,-26.97,-26.97,20.741,33.609,51
2015-08-15 05:51:00,0.0,-4.0285,120.98,23.318,13.676,27.483,0.0,250.84,-0.0004299999999999,249.63,-4.0285,-0.1077599999999999,22.631,-26.97,-26.97,20.915,31.928,51
2015-08-15 05:52:00,0.0,-3.8904,121.24,23.412,13.676,27.487,0.0,253.22,-0.0004299999999999,251.86,-3.8904,-0.10853,24.418,-26.97,-26.97,21.052,36.316,51
2015-08-15 05:53:00,0.0,-4.3968,121.26,23.529,13.677,27.487,0.0,254.2,0.0,253.1,-4.3968,0.0,25.115,-26.97,-26.97,21.25,38.182,51
2015-08-15 05:54:00,0.0,-5.1104,120.71,23.648,13.677,27.491,0.0,253.44,0.0,252.58,-5.1104,0.0,22.493,-26.97,-26.97,21.397,38.182,51
2015-08-15 05:55:00,0.0,-5.3637,120.54,23.783,13.676,27.501,0.0,251.6,-0.00072,250.71,-5.3637,-0.18028,23.888,-26.97,-26.97,21.513,35.912,51
2015-08-15 05:56:00,0.0,-5.3637,120.54,23.876,13.677,27.501,0.0,250.8,-0.0004299999999999,249.86,-5.3637,-0.10804,24.623,-26.97,-26.97,21.597,36.097,51
2015-08-15 05:57:00,0.0,-3.4069,120.55,23.972,13.676,27.498,-0.0004299999999999,242.84,-0.0012899999999999,241.67,-3.4069,-0.4186099999999999,24.412,-26.97,-26.97,21.592,25.153,51
2015-08-15 05:58:00,0.0,-3.1998,120.86,24.04,13.677,27.51,-0.0004299999999999,242.62,0.0,241.5,-3.1998,-0.10496,23.909,-26.97,-26.97,21.596,24.144,51
2015-08-15 05:59:00,0.0,-4.5119,121.1,24.054,13.677,27.514,0.0,244.29,-0.0004299999999999,243.26,-4.5119,-0.10428,23.005,-26.97,-26.97,21.597,25.825,51
2015-08-15 06:00:00,0.0,-4.4429,120.53,24.088,13.675,27.518,0.0,256.06,-0.0004299999999999,255.23,-4.4429,-0.1114499999999999,24.394,-26.97,-26.97,21.738,46.656,51
2015-08-15 06:01:00,0.0,-5.1795,120.94,24.127,13.676,27.534,0.0,259.82,0.0,259.17,-5.1795,0.0,23.038,-26.97,-26.97,21.991,59.367,51
2015-08-15 06:02:00,0.0,-3.9364,120.56,24.182,13.676,27.533,0.0001399999999999,260.35,-0.00058,259.24,-3.9364,-0.11169,23.728,-26.97,-26.97,22.21,61.216,51
2015-08-15 06:03:00,0.0,-5.0644,120.28,24.206,13.675,27.543,0.0,260.47,-0.00058,259.53,-5.0644,-0.14948,23.175,-26.97,-26.97,22.415,61.872,51
2015-08-15 06:04:00,0.0,-4.0745,120.88,24.226,13.676,27.546,0.0004299999999999,260.51,-0.00029,259.52,-4.0745,0.03765,23.22,-26.97,-26.97,22.577,61.62,51
2015-08-15 06:05:00,0.0,-3.6832,120.34,24.236,13.676,27.554,0.0,256.12,-0.00058,255.12,-3.6832,-0.14793,23.45,-26.97,-26.97,22.716,51.431,51
2015-08-15 06:06:00,0.0,-4.2357,120.89,24.177,13.675,27.555,0.00029,245.84,-0.0004299999999999,244.92,-4.2357,-0.0345099999999999,23.165,-26.97,-26.97,22.673,29.81,51
2015-08-15 06:07:00,0.0,-3.5451,120.85,24.126,13.675,27.57,0.0001399999999999,247.2,-0.00072,246.37,-3.5451,-0.14099,24.459,-26.97,-26.97,22.567,30.415,51
2015-08-15 06:08:00,0.0,-4.4198,121.02,24.073,13.675,27.578,0.0,256.48,0.0,255.65,-4.4198,0.0,23.525,-26.97,-26.97,22.575,47.514,51
2015-08-15 06:09:00,0.0,-3.9594,120.46,24.061,13.673,27.592,0.0,262.51,-0.00058,261.94,-3.9594,-0.15082,23.337,-26.97,-26.97,22.75,73.608,51
2015-08-15 06:10:00,0.0,-3.43,120.59,24.015,13.674,27.596,0.0001399999999999,264.26,-0.0008599999999999,263.58,-3.43,-0.18976,23.169,-26.97,-26.97,22.949,82.367,51
2015-08-15 06:11:00,0.0,-5.1104,120.64,23.935,13.674,27.604,-0.0001399999999999,264.13,-0.00058,263.9,-5.1104,-0.1900399999999999,22.842,-26.97,-26.97,23.121,87.798,51
2015-08-15 06:12:00,0.0,-4.581,120.81,23.894,13.674,27.613,0.0,260.08,-0.00029,259.82,-4.581,-0.0748,23.324,-26.97,-26.97,23.226,78.568,51
2015-08-15 06:13:00,0.0,-4.0055,120.26,23.915,13.674,27.624,-0.0001399999999999,250.68,-0.00115,250.05,-4.0055,-0.3221999999999999,23.409,-26.97,-26.97,23.158,41.999,51
2015-08-15 06:14:00,0.0,-4.3738,120.54,23.901,13.674,27.632,-0.0001399999999999,248.0,-0.00101,247.34,-4.3738,-0.2847799999999999,23.895,-26.97,-26.97,23.031,32.13,51
2015-08-15 06:15:00,0.0,-4.4429,120.73,23.892,13.674,27.645,0.0001399999999999,248.49,-0.00029,247.84,-4.4429,-0.03556,23.34,-26.97,-26.97,22.926,32.332,51
2015-08-15 06:16:00,0.0,-4.6961,120.49,23.886,13.674,27.653,0.0,248.79,-0.0004299999999999,248.12,-4.6961,-0.10712,23.1,-26.97,-26.97,22.845,32.332,51
2015-08-15 06:17:00,0.0,-3.7753,120.42,23.884,13.674,27.663,0.0,249.02,-0.00072,248.33,-3.7753,-0.17862,23.496,-26.97,-26.97,22.76,33.189,51
2015-08-15 06:18:00,0.0,-4.8112,120.54,23.826,13.673,27.677,0.0,249.39,-0.0004299999999999,248.78,-4.8112,-0.10741,23.494,-26.97,-26.97,22.705,33.727,51
2015-08-15 06:19:00,0.0,-4.1896,120.75,23.824,13.674,27.681,0.0001399999999999,250.07,-0.00058,249.55,-4.1896,-0.10766,23.523,-26.97,-26.97,22.663,34.366,51
2015-08-15 06:20:00,0.0,-4.9493,120.4,23.799,13.673,27.7,0.0,251.03,-0.0004299999999999,250.51,-4.9493,-0.10808,22.907,-26.97,-26.97,22.637,36.299,51
2015-08-15 06:21:00,0.0,-4.8341,120.72,23.783,13.672,27.709,0.0,251.99,-0.00058,251.45,-4.8341,-0.14463,24.404,-26.97,-26.97,22.597,38.468,51
2015-08-15 06:22:00,0.0,-4.3047,120.59,23.796,13.673,27.719,-0.00029,253.06,-0.0004299999999999,252.5,-4.3047,-0.1819099999999999,23.477,-26.97,-26.97,22.608,40.486,51
2015-08-15 06:23:00,0.0,-4.5349,120.21,23.797,13.672,27.724,0.00029,254.41,-0.0001399999999999,253.86,-4.5349,0.0364299999999999,22.958,-26.97,-26.97,22.614,43.815,51
2015-08-15 06:24:00,0.0,-4.3968,120.63,23.736,13.672,27.738,-0.0001399999999999,256.14,-0.00058,255.75,-4.3968,-0.1837199999999999,23.163,-26.97,-26.97,22.633,46.505,51
2015-08-15 06:25:00,0.0,-4.696,121.09,23.671,13.672,27.741,0.0,257.73,-0.00029,257.33,-4.696,-0.07398,23.477,-26.97,-26.97,22.68,50.473,51
2015-08-15 06:26:00,0.0,-4.1205,120.98,23.651,13.672,27.755,-0.0001399999999999,258.37,0.0,258.02,-4.1205,-0.0372699999999999,22.618,-26.97,-26.97,22.759,53.398,51
2015-08-15 06:27:00,0.0,-4.0054,120.25,23.66,13.672,27.759,0.0001399999999999,260.65,-0.00029,260.22,-4.0054,-0.0381,24.473,-26.97,-26.97,22.87,60.577,51
2015-08-15 06:28:00,0.0,-4.742,120.93,23.647,13.671,27.771,0.0,261.68,-0.00029,261.59,-4.742,-0.07538,23.99,-26.97,-26.97,23.016,70.094,51
2015-08-15 06:29:00,0.0,-4.4428,120.52,23.642,13.671,27.775,-0.00029,259.42,-0.0001399999999999,259.02,-4.4428,-0.11175,22.935,-26.97,-26.97,23.09,60.662,51
2015-08-15 06:30:00,0.0,-4.6499,119.98,23.641,13.671,27.785,0.0,259.06,-0.00058,258.68,-4.6499,-0.14898,23.269,-26.97,-26.97,23.149,55.349,51
2015-08-15 06:31:00,0.0,-4.1895,120.14,23.64,13.671,27.792,-0.0001399999999999,262.95,-0.0004299999999999,262.56,-4.1895,-0.15101,23.51,-26.97,-26.97,23.247,72.43,51
2015-08-15 06:32:00,0.0,-4.7189,119.82,23.596,13.671,27.802,0.0001399999999999,263.87,-0.0008599999999999,263.58,-4.7189,-0.18959,23.497,-26.97,-26.97,23.399,80.14799999999998,51
2015-08-15 06:33:00,0.0,-4.3967,120.37,23.579,13.671,27.807,0.0001399999999999,268.34,-0.0004299999999999,268.04,-4.3967,-0.0772599999999999,23.372,-26.97,-26.97,23.629,105.86,51
2015-08-15 06:34:00,0.0,-4.6038,120.11,23.636,13.671,27.818,0.00029,271.0,-0.00058,270.83,-4.6038,-0.0772899999999999,24.127,-26.97,-26.97,24.098,144.26,51
2015-08-15 06:35:00,0.0,-4.4886,120.24,23.725,13.671,27.821,-0.0001399999999999,264.1,-0.0001399999999999,264.33,-4.4886,-0.07548,23.692,-26.97,-26.97,24.341,95.48200000000001,51
2015-08-15 06:36:00,0.0,-4.2354,120.29,23.816,13.672,27.833,0.0001399999999999,257.0,-0.00029,256.81,-4.2354,-0.0370199999999999,23.031,-26.97,-26.97,24.303,56.61,51
2015-08-15 06:37:00,0.0,-4.1203,120.03,23.886,13.671,27.839,0.0001399999999999,257.65,-0.00058,257.14,-4.1203,-0.11137,23.032,-26.97,-26.97,24.25,56.139,51
2015-08-15 06:38:00,0.0,-4.0052,120.26,23.923,13.671,27.849,-0.00029,263.52,-0.00058,262.77,-4.0052,-0.22713,23.22,-26.97,-26.97,24.318,85.79699999999998,51
2015-08-15 06:39:00,0.0,-3.7059,120.5,23.971,13.671,27.856,-0.0001399999999999,270.44,0.0,270.16,-3.7059,-0.03839,23.343,-26.97,-26.97,24.632,132.1,51
2015-08-15 06:40:00,0.0,-4.6266,119.94,24.002,13.671,27.865,0.00029,267.12,-0.00072,267.17,-4.6266,-0.1123799999999999,22.966,-26.97,-26.97,24.978,116.7,51
2015-08-15 06:41:00,0.0,-4.2354,119.88,24.061,13.672,27.876,-0.00029,258.2,-0.00029,257.95,-4.2354,-0.14828,24.395,-26.97,-26.97,24.954,66.463,51
2015-08-15 06:42:00,0.0,-4.2123,120.06,24.091,13.671,27.88,0.00029,257.97,-0.00072,257.64,-4.2123,-0.11107,23.171,-26.97,-26.97,24.896,64.276,51
2015-08-15 06:43:00,0.0,-4.3274,119.9,24.134,13.671,27.895,-0.0001399999999999,258.63,-0.0004299999999999,258.26,-4.3274,-0.14873,23.037,-26.97,-26.97,24.871,65.94,51
2015-08-15 06:44:00,0.0,-4.5806,119.99,24.146,13.671,27.897,-0.0001399999999999,259.33,-0.0004299999999999,258.96,-4.5806,-0.1490799999999999,23.428,-26.97,-26.97,24.844,68.227,51
2015-08-15 06:45:00,0.0,-4.2123,119.82,24.176,13.669,27.912,-0.0001399999999999,260.25,-0.00072,259.94,-4.2123,-0.2245099999999999,23.193,-26.97,-26.97,24.851,71.505,51
2015-08-15 06:46:00,0.0,-4.5346,120.1,24.152,13.671,27.915,0.0,261.54,-0.0004299999999999,261.2,-4.5346,-0.11276,23.151,-26.97,-26.97,24.87,76.85299999999998,51
2015-08-15 06:47:00,0.0,-4.1663,120.29,24.123,13.67,27.927,0.0001399999999999,262.65,-0.0008599999999999,262.24,-4.1663,-0.18861,23.841,-26.97,-26.97,24.932,80.97,51
2015-08-15 06:48:00,0.0,-4.3504,120.5,24.1,13.669,27.934,-0.0001399999999999,263.93,-0.0001399999999999,263.58,-4.3504,-0.0758599999999999,23.185,-26.97,-26.97,25.018,87.562,51
2015-08-15 06:49:00,0.0,-4.5345,120.17,24.11,13.67,27.943,0.0,264.41,-0.00029,264.11,-4.5345,-0.07599,23.175,-26.97,-26.97,25.144,91.309,51
2015-08-15 06:50:00,0.0,-4.1663,120.3,24.142,13.669,27.955,0.0,265.7,-0.00029,265.43,-4.1663,-0.07635,23.919,-26.97,-26.97,25.302,99.16,51
2015-08-15 06:51:00,0.0,-4.7647,120.18,24.175,13.669,27.959,-0.0001399999999999,264.22,-0.00072,264.05,-4.7647,-0.22783,24.081,-26.97,-26.97,25.428,92.657,51
2015-08-15 06:52:00,0.0,-4.0512,120.51,24.218,13.668,27.969,-0.0004299999999999,263.07,-0.0001399999999999,262.8,-4.0512,-0.15135,24.119,-26.97,-26.97,25.492,86.302,51
2015-08-15 06:53:00,0.0,-4.4885,120.52,24.243,13.669,27.976,0.0,263.35,-0.0004299999999999,263.2,-4.4885,-0.11361,24.105,-26.97,-26.97,25.546,85.613,51
2015-08-15 06:54:00,0.0,-4.1432,120.27,24.325,13.667,27.99,0.0001399999999999,264.47,0.0,264.23,-4.1432,0.03803,23.198,-26.97,-26.97,25.656,93.026,51
2015-08-15 06:55:00,0.0,-3.7749,120.53,24.404,13.668,27.99,-0.0001399999999999,267.33,-0.0004299999999999,267.23,-3.7749,-0.15384,23.24,-26.97,-26.97,25.827,110.66,51
2015-08-15 06:56:00,0.0,-3.2915,120.13,24.482,13.668,28.006,-0.0004299999999999,266.92,0.0,266.97,-3.2915,-0.1150299999999999,23.087,-26.97,-26.97,26.059,117.57,51
2015-08-15 06:57:00,0.0,-4.6727,119.93,24.53,13.668,28.006,0.0,264.3,-0.0001399999999999,264.22,-4.6727,-0.0378599999999999,23.108,-26.97,-26.97,26.154,100.07,51
2015-08-15 06:58:00,0.0,-4.6956,120.69,24.548,13.668,28.021,0.0,263.86,-0.00029,263.75,-4.6956,-0.07588,22.9,-26.97,-26.97,26.216,92.301,51
2015-08-15 06:59:00,0.0,-4.6496,120.14,24.6,13.667,28.023,0.0,263.09,-0.00029,263.01,-4.6496,-0.07545,23.551,-26.97,-26.97,26.252,93.074,51
2015-08-15 07:00:00,0.0,-4.7186,120.16,24.602,13.667,28.036,0.0,270.9,-0.00029,270.2,-4.7186,-0.07764,23.949,-26.97,-26.97,26.471,154.14,51
2015-08-15 07:01:00,0.0,-3.4757,120.48,24.628,13.666,28.044,-0.0001399999999999,278.2,-0.0004299999999999,278.22,-3.4757,-0.16005,23.581,-26.97,-26.97,27.388,273.49,51
2015-08-15 07:02:00,0.0,-4.5115,120.05,24.657,13.667,28.053,-0.0001399999999999,275.41,-0.0001399999999999,275.23,-4.5115,-0.07917,23.062,-26.97,-26.97,28.152,240.75,51
2015-08-15 07:03:00,0.0,-4.6496,120.06,24.711,13.666,28.065,-0.00029,274.41,-0.00029,273.99,-4.6496,-0.1577399999999999,22.78,-26.97,-26.97,28.728,227.79,51
2015-08-15 07:04:00,0.0,-4.2122,120.26,24.773,13.667,28.078,-0.0001399999999999,276.45,-0.0004299999999999,276.36,-4.2122,-0.15905,22.981,-26.97,-26.97,29.505,277.87,51
2015-08-15 07:05:00,0.0,-4.8106,119.99,24.848,13.666,28.084,-0.0001399999999999,275.85,-0.0001399999999999,275.78,-4.8106,-0.07936,22.672,-26.97,-26.97,30.288,283.77,51
2015-08-15 07:06:00,0.0,-4.3733,120.11,24.923,13.666,28.097,0.0,274.25,-0.00029,274.3,-4.3733,-0.07877,23.543,-26.97,-26.97,31.0,270.29,51
2015-08-15 07:07:00,0.0,-4.3272,119.77,25.007,13.666,28.112,0.0,270.21,-0.00029,270.19,-4.3272,-0.0774399999999999,22.834,-26.97,-26.97,31.32,212.49,51
2015-08-15 07:08:00,0.0,-4.3732,120.44,25.085,13.666,28.124,-0.0001399999999999,270.74,-0.0004299999999999,270.5,-4.3732,-0.1558199999999999,22.674,-26.97,-26.97,31.51,220.7,51
2015-08-15 07:09:00,0.0,-4.4192,120.24,25.161,13.666,28.139,-0.0001399999999999,271.47,-0.00029,271.41,-4.4192,-0.11727,22.484,-26.97,-26.97,31.904,244.37,51
2015-08-15 07:10:00,0.0,-4.4653,120.38,25.246,13.666,28.152,-0.0001399999999999,266.9,-0.0008599999999999,266.92,-4.4653,-0.2691799999999999,23.007,-26.97,-26.97,31.935,182.4,51
2015-08-15 07:11:00,0.0,-4.5342,120.44,25.299,13.666,28.168,-0.00029,271.83,0.0,271.4,-4.5342,-0.0784099999999999,22.682,-26.97,-26.97,32.102,250.45,51
2015-08-15 07:12:00,0.0,-4.3731,120.38,25.378,13.665,28.185,-0.0001399999999999,273.92,-0.0004299999999999,273.73,-4.3731,-0.1575699999999999,23.194,-26.97,-26.97,32.668,303.5,51
2015-08-15 07:13:00,0.0,-4.3041,120.5,25.439,13.665,28.202,0.0,273.88,-0.00029,273.81,-4.3041,-0.0786,22.601,-26.97,-26.97,33.302,320.1,51
2015-08-15 07:14:00,0.0,-4.4422,120.28,25.498,13.664,28.218,-0.0001399999999999,266.69,-0.0004299999999999,266.74,-4.4422,-0.1535799999999999,23.27,-26.97,-26.97,33.489,209.13,51
2015-08-15 07:15:00,0.0,-4.3501,120.38,25.551,13.663,28.239,0.0,259.69,-0.0001399999999999,259.41,-4.3501,-0.0372699999999999,22.457,-26.97,-26.97,33.068,120.03,51
2015-08-15 07:16:00,0.0,-4.3731,120.42,25.597,13.663,28.255,-0.0001399999999999,260.25,-0.00029,259.83,-4.3731,-0.1122699999999999,22.279,-26.97,-26.97,32.686,118.92,51
2015-08-15 07:17:00,0.0,-4.1659,120.51,25.631,13.663,28.274,0.0,260.51,-0.0004299999999999,260.02,-4.1659,-0.11211,22.716,-26.97,-26.97,32.349,116.23,51
2015-08-15 07:18:00,0.0,-4.3501,120.32,25.647,13.662,28.292,-0.00029,262.57,-0.00029,261.98,-4.3501,-0.15096,22.707,-26.97,-26.97,32.119,131.56,51
2015-08-15 07:19:00,0.0,-3.5905,119.96,25.665,13.662,28.308,0.0,257.55,-0.0004299999999999,257.16,-3.5905,-0.11056,24.213,-26.97,-26.97,31.723,94.913,51
2015-08-15 07:20:00,0.0,-3.8437,120.01,25.669,13.66,28.326,0.0,255.5,-0.00115,255.08,-3.8437,-0.29354,22.649,-26.97,-26.97,31.281,79.028,51
2015-08-15 07:21:00,0.0,-4.9024,120.02,25.667,13.661,28.341,0.0,255.51,-0.00058,255.21,-4.9024,-0.14684,22.696,-26.97,-26.97,30.866,76.842,51
2015-08-15 07:22:00,0.0,-4.2349,120.49,25.669,13.66,28.357,0.0,255.73,-0.0008599999999999,255.4,-4.2349,-0.22044,22.804,-26.97,-26.97,30.455,75.68099999999998,51
2015-08-15 07:23:00,0.0,-4.258,120.3,25.646,13.659,28.371,0.0001399999999999,256.08,-0.0004299999999999,255.79,-4.258,-0.07366,22.934,-26.97,-26.97,30.101,75.092,51
2015-08-15 07:24:00,0.0,-4.6262,120.56,25.626,13.659,28.385,-0.0001399999999999,268.78,-0.0001399999999999,267.74,-4.6262,-0.0765799999999999,22.638,-26.97,-26.97,30.076,176.74,51
2015-08-15 07:25:00,0.0,-4.327,120.41,25.642,13.659,28.401,0.0,279.19,-0.00029,279.09,-4.327,-0.0802999999999999,23.087,-26.97,-26.97,31.28,375.44,51
2015-08-15 07:26:00,0.0,-4.1429,120.47,25.648,13.657,28.415,-0.0001399999999999,278.09,-0.00029,277.98,-4.1429,-0.12008,24.78,-26.97,-26.97,32.522,383.74,51
2015-08-15 07:27:00,0.0,-4.4651,120.62,25.644,13.659,28.429,0.0001399999999999,276.99,-0.0004299999999999,276.96,-4.4651,-0.0798299999999999,24.257,-26.97,-26.97,33.626,386.69,51
2015-08-15 07:28:00,0.0,-4.2349,120.59,25.624,13.658,28.442,-0.00029,276.01,-0.0001399999999999,275.95,-4.2349,-0.11908,23.483,-26.97,-26.97,34.591,387.69,51
2015-08-15 07:29:00,0.0,-4.35,120.57,25.649,13.658,28.462,0.0,275.17,-0.00029,275.14,-4.35,-0.07917,22.532,-26.97,-26.97,35.455,390.1,51
2015-08-15 07:30:00,0.0,-4.4881,120.46,25.664,13.658,28.466,0.0,274.41,-0.00029,274.41,-4.4881,-0.07892,22.729,-26.97,-26.97,36.273,391.64,51
2015-08-15 07:31:00,0.0,-4.5572,120.48,25.697,13.656,28.488,0.0,273.74,-0.0001399999999999,273.72,-4.5572,-0.03941,22.449,-26.97,-26.97,37.07,393.51,51
2015-08-15 07:32:00,0.0,-4.396,120.43,25.711,13.656,28.502,-0.0001399999999999,273.19,-0.0001399999999999,273.19,-4.396,-0.0785799999999999,22.711,-26.97,-26.97,37.809,399.56,51
2015-08-15 07:33:00,0.0,-4.4651,120.39,25.732,13.656,28.514,0.0,272.7,-0.0001399999999999,272.72,-4.4651,-0.0391999999999999,22.684,-26.97,-26.97,38.497,404.43,51
2015-08-15 07:34:00,0.0,-4.4191,120.41,25.789,13.656,28.53,-0.00029,272.18,-0.00029,272.25,-4.4191,-0.15668,23.253,-26.97,-26.97,39.184,408.79,51
2015-08-15 07:35:00,0.0,-4.304,120.29,25.841,13.655,28.546,-0.0001399999999999,271.74,-0.00029,271.84,-4.304,-0.11733,22.872,-26.97,-26.97,39.882,415.7,51
2015-08-15 07:36:00,0.0,-4.419,120.33,25.886,13.655,28.563,0.0001399999999999,271.32,-0.0004299999999999,271.48,-4.419,-0.07813,22.288,-26.97,-26.97,40.465,421.14,51
2015-08-15 07:37:00,0.0,-4.3499,120.27,25.913,13.654,28.583,0.0,270.93,-0.00029,271.12,-4.3499,-0.0780099999999999,22.181,-26.97,-26.97,41.088,422.57,51
2015-08-15 07:38:00,0.0,-4.5801,120.22,25.932,13.653,28.601,-0.0001399999999999,270.48,-0.00029,270.78,-4.5801,-0.11683,22.178,-26.97,-26.97,41.709,416.47,51
2015-08-15 07:39:00,0.0,-4.3499,120.3,25.946,13.654,28.619,-0.0001399999999999,270.15,-0.00029,270.46,-4.3499,-0.11673,23.474,-26.97,-26.97,42.205,420.89,51
2015-08-15 07:40:00,0.0,-4.1888,120.47,25.939,13.653,28.642,0.0001399999999999,269.91,0.0,270.35,-4.1888,0.0388099999999999,22.688,-26.97,-26.97,42.63,426.0,51
2015-08-15 07:41:00,0.0,-4.5339,120.49,25.91,13.653,28.665,-0.0001399999999999,269.79,-0.00029,270.22,-4.5339,-0.11656,22.504,-26.97,-26.97,42.95,436.12,51
2015-08-15 07:42:00,0.0,-4.3958,120.41,25.858,13.653,28.682,-0.00029,269.67,-0.00029,270.07,-4.3958,-0.1552699999999999,22.307,-26.97,-26.97,43.347,447.23,51
2015-08-15 07:43:00,0.0,-4.4878,120.33,25.854,13.652,28.709,0.0,269.39,-0.0004299999999999,269.73,-4.4878,-0.11638,22.252,-26.97,-26.97,43.761,448.71,51
2015-08-15 07:44:00,0.0,-4.4647,120.28,25.865,13.652,28.729,-0.0001399999999999,269.14,-0.00029,269.42,-4.4647,-0.1162099999999999,22.102,-26.97,-26.97,44.142,446.71,51
2015-08-15 07:45:00,0.0,-4.6259,120.57,25.879,13.651,28.747,0.0,268.89,-0.00029,269.18,-4.6259,-0.0774399999999999,22.231,-26.97,-26.97,44.707,466.68,51
2015-08-15 07:46:00,0.0,-4.2116,120.41,25.941,13.651,28.771,-0.0001399999999999,268.02,0.0,268.35,-4.2116,-0.03839,21.756,-26.97,-26.97,45.217,461.03,51
2015-08-15 07:47:00,0.0,-4.5338,120.39,25.958,13.65,28.791,-0.0001399999999999,264.06,-0.00058,264.3,-4.5338,-0.18995,22.388,-26.97,-26.97,45.386,358.62,51
2015-08-15 07:48:00,0.0,-4.3727,120.28,25.991,13.65,28.812,0.0001399999999999,261.88,-0.0001399999999999,262.36,-4.3727,-0.00023,22.987,-26.97,-26.97,45.179,302.28,51
2015-08-15 07:49:00,0.0,-4.5568,120.17,26.033,13.65,28.836,0.0,258.48,-0.00029,258.84,-4.5568,-0.0742499999999999,22.014,-26.97,-26.97,44.585,231.53,51
2015-08-15 07:50:00,0.0,-4.3036,120.6,26.112,13.65,28.855,-0.0001399999999999,259.91,-0.0004299999999999,259.91,-4.3036,-0.14964,21.7,-26.97,-26.97,44.013,235.3,51
2015-08-15 07:51:00,0.0,-4.5108,120.78,26.14,13.65,28.877,0.0,268.63,-0.0001399999999999,268.46,-4.5108,-0.0383799999999999,22.227,-26.97,-26.97,44.153,431.39,51
2015-08-15 07:52:00,0.0,-4.6488,120.87,26.179,13.648,28.902,0.0001399999999999,270.59,-0.00058,270.91,-4.6488,-0.11675,21.905,-26.97,-26.97,45.136,552.74,51
2015-08-15 07:53:00,0.0,-4.2576,120.73,26.251,13.647,28.921,0.0001399999999999,269.36,0.0,269.7,-4.2576,0.03882,22.102,-26.97,-26.97,46.156,552.9,51
2015-08-15 07:54:00,0.0,-4.3266,120.72,26.37,13.647,28.944,0.0,265.38,-0.0004299999999999,265.69,-4.3266,-0.1144,22.1,-26.97,-26.97,46.805,451.27,51
2015-08-15 07:55:00,0.0,-4.6718,120.79,26.479,13.647,28.967,0.0,266.42,-0.00058,266.52,-4.6718,-0.1537699999999999,21.987,-26.97,-26.97,47.223,475.17,51
2015-08-15 07:56:00,0.0,-4.4186,120.74,26.601,13.646,28.988,0.0,267.47,-0.0001399999999999,267.86,-4.4186,-0.03841,22.815,-26.97,-26.97,48.053,557.34,51
2015-08-15 07:57:00,0.0,-4.5797,120.75,26.762,13.645,29.013,0.0,265.52,-0.0004299999999999,265.89,-4.5797,-0.11472,22.177,-26.97,-26.97,48.614,506.68,51
2015-08-15 07:58:00,0.0,-4.4646,120.62,26.914,13.645,29.033,-0.0001399999999999,264.02,-0.00029,264.29,-4.4646,-0.11411,21.311,-26.97,-26.97,48.971,468.76,51
2015-08-15 07:59:00,0.0,-5.4772,120.71,27.052,13.644,29.056,0.0,263.04,-0.0001399999999999,263.54,-5.4772,-0.03828,20.179,-26.97,-26.97,49.464,473.55,51
2015-08-15 08:00:00,0.0,-4.4184,121.03,27.228,13.643,29.082,0.0,264.36,-0.00029,264.53,-4.4184,-0.07595,21.452,-26.97,-26.97,49.863,509.48,51
2015-08-15 08:01:00,0.0,-4.0732,120.3,27.425,13.643,29.102,0.0,262.28,-0.0001399999999999,262.72,-4.0732,-0.0373399999999999,22.053,-26.97,-26.97,50.344,483.89,51
2015-08-15 08:02:00,0.0,-4.8327,120.91,27.608,13.643,29.128,0.0,261.94,-0.00058,262.08,-4.8327,-0.15075,21.458,-26.97,-26.97,50.386,458.1,51
2015-08-15 08:03:00,0.0,-5.1778,120.6,27.796,13.641,29.151,0.0,256.04,0.0,256.65,-5.1778,0.0,21.494,-26.97,-26.97,50.281,329.51,51
2015-08-15 08:04:00,0.0,-3.6819,120.47,27.985,13.641,29.175,0.0004299999999999,260.64,-0.0008599999999999,260.17,-3.6819,-0.11101,22.386,-26.97,-26.97,49.894,396.21,51
2015-08-15 08:05:00,0.0,-4.5794,120.9,28.171,13.64,29.2,0.0,263.02,0.0,263.18,-4.5794,0.0,22.311,-26.97,-26.97,50.311,488.86,51
2015-08-15 08:06:00,0.0,-4.4413,120.76,28.371,13.64,29.227,0.0,258.76,0.0,258.75,-4.4413,0.0,21.882,-26.97,-26.97,50.287,365.02,51
2015-08-15 08:07:00,0.0,-3.5899,120.8,28.586,13.64,29.249,-0.00029,263.77,-0.00029,263.82,-3.5899,-0.15167,21.378,-26.97,-26.97,50.575,523.24,51
2015-08-15 08:08:00,0.0,-4.3033,120.52,28.785,13.64,29.275,0.0,262.46,-0.0004299999999999,262.44,-4.3033,-0.11342,20.8,-26.97,-26.97,50.971,499.02,51
2015-08-15 08:09:00,0.0,-4.4873,120.19,28.992,13.639,29.301,0.0,254.65,-0.00058,255.54,-4.4873,-0.14354,21.029,-26.97,-26.97,50.808,334.24,51
2015-08-15 08:10:00,0.0,-3.6589,120.64,29.178,13.638,29.324,-0.0001399999999999,248.32,-0.0008599999999999,248.24,-3.6589,-0.2497699999999999,21.719,-26.97,-26.97,49.625,178.85,51
2015-08-15 08:11:00,0.0,-4.4874,120.49,29.331,13.637,29.346,0.0,259.15,-0.0001399999999999,258.42,-4.4874,-0.03805,21.345,-26.97,-26.97,49.025,344.98,51
2015-08-15 08:12:00,0.0,-5.2928,120.66,29.478,13.637,29.371,0.0,264.32,0.0,264.46,-5.2928,0.0,21.526,-26.97,-26.97,49.645,518.54,51
2015-08-15 08:13:00,0.0,-4.6945,120.84,29.586,13.637,29.397,0.0,258.41,0.0,259.02,-4.6945,0.0,21.836,-26.97,-26.97,49.635,362.13,51
2015-08-15 08:14:00,0.0,-4.4183,120.43,29.65,13.636,29.427,0.0001399999999999,254.05,-0.0004299999999999,253.75,-4.4183,-0.0721799999999999,21.124,-26.97,-26.97,49.016,248.83,51
2015-08-15 08:15:00,0.0,-4.4183,120.43,29.702,13.636,29.457,0.0001399999999999,259.57,-0.00072,259.69,-4.4183,-0.14835,20.453,-26.97,-26.97,48.715,354.8,51
2015-08-15 08:16:00,0.0,-4.3031,120.25,29.673,13.635,29.482,0.0,259.62,-0.00058,258.99,-4.3031,-0.15043,22.755,-26.97,-26.97,48.352,336.14,51
2015-08-15 08:17:00,0.0,-5.0393,120.68,29.636,13.635,29.511,0.0,265.33,0.0,265.56,-5.0393,0.0,20.633,-26.97,-26.97,48.928,522.96,51
2015-08-15 08:18:00,0.0,-4.1879,120.77,29.585,13.634,29.542,0.0,264.71,-0.0008599999999999,265.09,-4.1879,-0.22849,21.126,-26.97,-26.97,49.693,527.28,51
2015-08-15 08:19:00,0.0,-4.1189,120.59,29.544,13.634,29.568,0.0,264.63,-0.00058,265.24,-4.1189,-0.15254,21.367,-26.97,-26.97,50.345,562.25,51
2015-08-15 08:20:00,0.0,-4.9242,120.28,29.544,13.634,29.601,0.0,263.75,-0.0004299999999999,264.39,-4.9242,-0.11398,21.134,-26.97,-26.97,50.862,558.17,51
2015-08-15 08:21:00,0.0,-4.0038,120.19,29.499,13.633,29.629,0.0,263.06,-0.00158,263.65,-4.0038,-0.41702,22.326,-26.97,-26.97,51.487,546.69,51
2015-08-15 08:22:00,0.0,-4.3489,120.8,29.301,13.632,29.66,0.0,263.11,-0.00058,263.85,-4.3489,-0.1518299999999999,21.021,-26.97,-26.97,52.345,571.55,51
2015-08-15 08:23:00,0.0,-4.671,120.45,29.206,13.632,29.692,0.0,262.58,-0.0004299999999999,263.35,-4.671,-0.11358,20.58,-26.97,-26.97,52.958,565.99,51
2015-08-15 08:24:00,0.0,-5.4304,120.47,29.086,13.631,29.724,0.0,261.4,-0.00058,262.2,-5.4304,-0.15057,19.865,-26.97,-26.97,53.408,539.95,51
2015-08-15 08:25:00,0.0,-3.7506,120.62,29.026,13.629,29.754,0.0,260.91,-0.00029,261.36,-3.7506,-0.0749599999999999,20.801,-26.97,-26.97,53.615,538.33,51
2015-08-15 08:26:00,0.0,-5.0851,119.95,28.917,13.629,29.783,0.0001399999999999,261.53,-0.0004299999999999,262.36,-5.0851,-0.0755099999999999,20.559,-26.97,-26.97,54.04,568.84,51
2015-08-15 08:27:00,0.0,-4.4638,120.59,28.816,13.629,29.815,0.0,260.77,-0.0008599999999999,261.71,-4.4638,-0.22613,20.722,-26.97,-26.97,54.355,562.2,51
2015-08-15 08:28:00,0.0,-4.5788,120.53,28.691,13.628,29.846,0.0,259.23,-0.0001399999999999,260.04,-4.5788,-0.0375199999999999,21.241,-26.97,-26.97,54.222,495.25,51
2015-08-15 08:29:00,0.0,-4.7858,120.26,28.558,13.628,29.876,0.0,261.24,-0.0008599999999999,262.27,-4.7858,-0.22634,20.621,-26.97,-26.97,54.332,563.73,51
2015-08-15 08:30:00,0.0,-3.3362,120.34,28.438,13.627,29.907,0.0,261.11,0.0,262.07,-3.3362,0.0,21.187,-26.97,-26.97,54.44,571.58,51
2015-08-15 08:31:00,0.0,-4.4866,120.42,28.323,13.626,29.939,-0.0001399999999999,261.03,-0.00058,261.75,-4.4866,-0.18806,20.822,-26.97,-26.97,54.727,573.17,51
2015-08-15 08:32:00,0.0,-4.4866,121.02,28.324,13.626,29.968,0.0001399999999999,260.64,-0.0004299999999999,261.45,-4.4866,-0.07537,20.584,-26.97,-26.97,55.034,577.47,51
2015-08-15 08:33:00,0.0,-4.6937,120.98,28.301,13.625,29.996,0.0,260.31,-0.00029,261.14,-4.6937,-0.0751399999999999,20.951,-26.97,-26.97,55.588,600.33,51
2015-08-15 08:34:00,0.0,-4.6937,121.47,28.305,13.624,30.025,0.0001399999999999,260.04,-0.00072,260.94,-4.6937,-0.1502199999999999,20.34,-26.97,-26.97,55.689,582.09,51
2015-08-15 08:35:00,0.0,-3.7503,121.5,28.339,13.622,30.052,-0.0001399999999999,259.86,0.0,260.69,-3.7503,-0.03737,20.892,-26.97,-26.97,55.747,577.38,51
2015-08-15 08:36:00,0.0,-4.4866,121.0,28.375,13.622,30.085,-0.0001399999999999,259.64,-0.00072,260.45,-4.4866,-0.2246199999999999,21.331,-26.97,-26.97,56.074,589.08,51
2015-08-15 08:37:00,0.0,-4.9237,121.08,28.388,13.621,30.109,0.0,259.48,-0.00029,260.31,-4.9237,-0.0748599999999999,22.05,-26.97,-26.97,56.176,587.65,51
2015-08-15 08:38:00,0.0,-4.3255,121.48,28.419,13.619,30.131,0.0001399999999999,259.31,0.0,260.26,-4.3255,0.0372899999999999,20.927,-26.97,-26.97,56.52,592.62,51
2015-08-15 08:39:00,0.0,-3.9344,120.75,28.459,13.619,30.157,0.0001399999999999,259.12,-0.0004299999999999,259.96,-3.9344,-0.0748299999999999,20.734,-26.97,-26.97,56.542,589.47,51
2015-08-15 08:40:00,0.0,-4.4635,120.98,28.523,13.618,30.185,-0.0001399999999999,258.95,-0.00072,259.9,-4.4635,-0.22412,20.179,-26.97,-26.97,56.845,593.82,51
2015-08-15 08:41:00,0.0,-4.1873,121.55,28.607,13.618,30.216,0.0001399999999999,258.73,-0.0001399999999999,259.74,-4.1873,-0.0001499999999999,20.125,-26.97,-26.97,57.098,595.38,51
2015-08-15 08:42:00,0.0,-3.7502,121.16,28.684,13.616,30.247,-0.00029,258.57,-0.00058,259.52,-3.7502,-0.22363,20.659,-26.97,-26.97,57.188,601.9,51
2015-08-15 08:43:00,0.0,-5.4986,120.7,28.729,13.616,30.277,0.00029,258.39,-0.00029,259.45,-5.4986,-0.00029,19.966,-26.97,-26.97,57.401,599.38,51
2015-08-15 08:44:00,0.0,-4.8313,120.89,28.808,13.616,30.306,0.0,258.21,-0.0008599999999999,259.27,-4.8313,-0.2236499999999999,20.125,-26.97,-26.97,57.657,597.2,51
2015-08-15 08:45:00,0.0,-4.5322,121.02,28.896,13.615,30.337,0.0001399999999999,257.99,0.0,259.02,-4.5322,0.0370899999999999,19.933,-26.97,-26.97,57.925,608.29,51
2015-08-15 08:46:00,0.0,-4.5782,120.86,28.988,13.614,30.367,0.0,257.85,-0.0004299999999999,258.88,-4.5782,-0.11171,20.914,-26.97,-26.97,58.176,605.5,51
2015-08-15 08:47:00,0.0,-4.2101,121.05,29.064,13.614,30.399,0.00029,257.63,-0.00029,258.74,-4.2101,-0.00031,20.287,-26.97,-26.97,58.254,607.26,51
2015-08-15 08:48:00,0.0,-4.7392,120.96,29.138,13.613,30.428,0.0001399999999999,257.44,-0.00029,258.56,-4.7392,-0.03731,20.069,-26.97,-26.97,58.317,609.53,51
2015-08-15 08:49:00,0.0,-3.98,121.25,29.26,13.613,30.46,0.0,257.26,0.0,258.49,-3.98,0.0,20.202,-26.97,-26.97,58.379,616.26,51
2015-08-15 08:50:00,0.0,-4.5782,120.59,29.306,13.612,30.493,-0.00029,257.17,-0.00029,258.38,-4.5782,-0.14827,20.092,-26.97,-26.97,58.526,612.36,51
2015-08-15 08:51:00,0.0,-3.6349,121.04,29.393,13.612,30.525,-0.0001399999999999,257.08,-0.0001399999999999,258.25,-3.6349,-0.0740999999999999,19.766,-26.97,-26.97,58.843,613.48,51
2015-08-15 08:52:00,0.0,-3.7499,120.38,29.496,13.611,30.556,-0.00029,257.04,-0.0008599999999999,258.14,-3.7499,-0.29659,19.88,-26.97,-26.97,58.739,625.52,51
2015-08-15 08:53:00,0.0,-4.463,120.43,29.517,13.61,30.59,0.0,257.07,-0.0008599999999999,258.26,-4.463,-0.2228,20.079,-26.97,-26.97,58.744,634.08,51
2015-08-15 08:54:00,0.0,-5.2451,120.97,29.536,13.61,30.619,0.0,256.93,-0.00072,258.23,-5.2451,-0.18565,19.638,-26.97,-26.97,58.768,631.89,51
2015-08-15 08:55:00,0.0,-4.6699,120.82,29.627,13.61,30.656,0.0,256.81,0.0,258.11,-4.6699,0.0,20.247,-26.97,-26.97,58.857,634.7,51
2015-08-15 08:56:00,0.0,-4.5088,120.86,29.686,13.609,30.684,0.0,256.7,-0.00058,258.14,-4.5088,-0.14851,20.565,-26.97,-26.97,59.012,637.66,51
2015-08-15 08:57:00,0.0,-4.0487,120.58,29.718,13.608,30.714,-0.0001399999999999,256.63,-0.00058,258.04,-4.0487,-0.18526,19.604,-26.97,-26.97,59.067,645.78,51
2015-08-15 08:58:00,0.0,-4.2328,120.98,29.746,13.607,30.746,-0.0004299999999999,256.48,-0.0004299999999999,258.05,-4.2328,-0.22198,18.973,-26.97,-26.97,59.32,638.68,51
2015-08-15 08:59:00,0.0,-4.6698,120.66,29.716,13.607,30.777,-0.00029,256.38,-0.0004299999999999,257.95,-4.6698,-0.185,20.038,-26.97,-26.97,59.448,645.84,51
2015-08-15 09:00:00,0.0,-4.3938,120.46,29.736,13.606,30.808,0.0,256.37,-0.00115,257.87,-4.3938,-0.2965999999999999,19.568,-26.97,-26.97,59.742,643.38,51
2015-08-15 09:01:00,0.0,-4.4628,120.49,29.747,13.605,30.832,-0.00029,256.33,-0.00058,257.8,-4.4628,-0.22202,19.399,-26.97,-26.97,59.886,655.58,51
2015-08-15 09:02:00,0.0,-4.5318,120.58,29.783,13.604,30.866,-0.0001399999999999,256.27,-0.0004299999999999,257.83,-4.5318,-0.14809,19.57,-26.97,-26.97,60.176,658.68,51
2015-08-15 09:03:00,0.0,-4.3708,120.71,29.811,13.603,30.897,0.00029,256.17,-0.00058,257.73,-4.3708,-0.07456,19.522,-26.97,-26.97,60.26,655.77,51
2015-08-15 09:04:00,0.0,-4.2558,120.63,29.838,13.603,30.927,-0.00029,256.12,-0.00072,257.83,-4.2558,-0.2589699999999999,20.385,-26.97,-26.97,60.341,661.72,51
2015-08-15 09:05:00,0.0,-4.4628,120.71,29.859,13.602,30.963,0.00029,256.03,-0.00072,257.82,-4.4628,-0.11172,19.593,-26.97,-26.97,60.476,671.79,51
2015-08-15 09:06:00,0.0,-4.2557,120.43,29.88,13.602,30.993,0.00072,255.88,-0.00072,257.57,-4.2557,-0.00124,19.268,-26.97,-26.97,60.495,665.04,51
2015-08-15 09:07:00,0.0,-4.6007,120.64,29.969,13.6,31.026,0.0001399999999999,255.79,-0.0008599999999999,257.5,-4.6007,-0.18537,19.188,-26.97,-26.97,60.872,659.18,51
2015-08-15 09:08:00,0.0,-4.6005,120.63,30.033,13.6,31.058,-0.00029,255.68,-0.00029,257.3,-4.6005,-0.14748,19.312,-26.97,-26.97,61.219,670.95,51
2015-08-15 09:09:00,0.0,-4.1404,120.46,30.143,13.6,31.091,0.0,255.53,-0.00058,257.02,-4.1404,-0.14782,19.891,-26.97,-26.97,61.243,662.91,51
2015-08-15 09:10:00,0.0,-5.3595,120.81,30.236,13.6,31.123,0.0,255.39,-0.00101,256.83,-5.3595,-0.2584699999999999,18.474,-26.97,-26.97,61.598,660.23,51
2015-08-15 09:11:00,0.0,-5.3365,120.79,30.373,13.598,31.156,0.0,255.2,-0.0001399999999999,256.57,-5.3365,-0.03685,18.169,-26.97,-26.97,61.974,672.52,51
2015-08-15 09:12:00,0.0,-5.2215,120.34,30.476,13.597,31.188,-0.0001399999999999,254.98,-0.00072,256.33,-5.2215,-0.2208799999999999,19.485,-26.97,-26.97,62.172,692.82,51
2015-08-15 09:13:00,0.0,-4.1863,120.13,30.615,13.597,31.218,-0.0004299999999999,254.72,-0.00173,255.96,-4.1863,-0.55142,20.036,-26.97,-26.97,62.408,697.06,51
2015-08-15 09:14:00,0.0,-4.4853,120.2,30.724,13.597,31.247,-0.00072,254.58,-0.00144,255.95,-4.4853,-0.551,20.411,-26.97,-26.97,62.619,679.25,51
2015-08-15 09:15:00,0.0,-3.6112,120.44,30.833,13.597,31.275,0.00072,254.5,-0.00101,255.79,-3.6112,-0.07449,19.333,-26.97,-26.97,62.636,686.31,51
2015-08-15 09:16:00,0.0,-4.2091,120.23,30.9,13.595,31.308,0.0,254.35,-0.00115,255.83,-4.2091,-0.29419,19.166,-26.97,-26.97,62.972,700.2,51
2015-08-15 09:17:00,0.0,-4.2091,121.0,30.946,13.595,31.34,-0.0001399999999999,254.23,-0.00072,255.86,-4.2091,-0.22042,19.201,-26.97,-26.97,62.829,703.05,51
2015-08-15 09:18:00,0.0,-4.117,120.71,30.995,13.594,31.372,0.00029,254.19,-0.00058,255.93,-4.117,-0.07412,18.41,-26.97,-26.97,62.881,693.1,51
2015-08-15 09:19:00,0.0,-4.6,120.73,31.045,13.594,31.4,0.0,254.14,-0.0008599999999999,255.96,-4.6,-0.2207899999999999,18.614,-26.97,-26.97,63.062,695.28,51
2015-08-15 09:20:00,0.0,-4.347,120.58,31.102,13.593,31.432,0.0001399999999999,254.09,-0.0004299999999999,255.9,-4.347,-0.0737799999999999,18.966,-26.97,-26.97,63.445,711.49,51
2015-08-15 09:21:00,0.0,-4.784,120.71,31.187,13.591,31.464,0.0001399999999999,254.0,-0.00058,255.68,-4.784,-0.1106,18.517,-26.97,-26.97,63.681,700.98,51
2015-08-15 09:22:00,0.0,-4.14,120.48,31.281,13.592,31.491,-0.0001399999999999,254.02,-0.00058,255.62,-4.14,-0.18348,18.316,-26.97,-26.97,63.551,712.51,51
2015-08-15 09:23:00,0.0,-5.221,120.41,31.258,13.591,31.524,-0.0001399999999999,253.92,-0.00029,255.75,-5.221,-0.11004,17.898,-26.97,-26.97,63.683,711.61,51
2015-08-15 09:24:00,0.0,-3.749,120.69,31.305,13.591,31.546,-0.00101,253.79,-0.00115,255.54,-3.749,-0.5492799999999999,19.453,-26.97,-26.97,63.549,716.47,51
2015-08-15 09:25:00,0.0,-4.646,120.71,31.297,13.59,31.573,0.0005699999999999,253.63,-0.0004299999999999,255.42,-4.646,0.03567,18.604,-26.97,-26.97,63.853,718.86,51
2015-08-15 09:26:00,0.0,-4.623,120.7,31.343,13.589,31.607,0.00029,253.48,-0.00115,255.27,-4.623,-0.22065,18.73,-26.97,-26.97,63.942,725.72,51
2015-08-15 09:27:00,0.0,-5.566,120.47,31.442,13.587,31.635,-0.0001399999999999,253.25,-0.00072,255.02,-5.566,-0.2196799999999999,17.528,-26.97,-26.97,64.154,727.13,51
2015-08-15 09:28:00,0.0,-4.5769,120.69,31.55,13.588,31.669,0.0001399999999999,253.1,-0.0005699999999999,254.88,-4.5769,-0.11018,17.847,-26.97,-26.97,64.188,723.3099999999998,51
2015-08-15 09:29:00,0.0,-3.9789,120.19,31.649,13.587,31.702,0.0,252.97,-0.00144,254.57,-3.9789,-0.36585,18.119,-26.97,-26.97,64.08,730.14,51
2015-08-15 09:30:00,0.0,-3.8868,120.23,31.73,13.584,31.739,0.00072,252.84,-0.00172,254.46,-3.8868,-0.25722,17.98,-26.97,-26.97,64.375,725.37,51
2015-08-15 09:31:00,0.0,-4.8067,120.21,31.696,13.585,31.77,0.0,252.92,-0.00115,254.62,-4.8067,-0.29282,17.747,-26.97,-26.97,64.128,735.09,51
2015-08-15 09:32:00,0.0,-5.0826,120.43,31.62,13.584,31.806,-0.0001399999999999,253.02,-0.00144,254.79,-5.0826,-0.4026199999999999,17.222,-26.97,-26.97,63.977,730.22,51
2015-08-15 09:33:00,0.0,-3.5877,120.78,31.631,13.584,31.843,0.0005699999999999,252.96,-0.00072,254.67,-3.5877,-0.0375899999999999,17.799,-26.97,-26.97,64.12,742.7899999999998,51
2015-08-15 09:34:00,0.0,-5.2896,120.43,31.702,13.584,31.884,-0.0004299999999999,252.81,-0.00072,254.54,-5.2896,-0.29197,17.269,-26.97,-26.97,64.482,715.35,51
2015-08-15 09:35:00,0.0,-4.2317,120.67,31.771,13.582,31.917,0.0001399999999999,252.89,-0.00029,254.65,-4.2317,-0.0368399999999999,17.796,-26.97,-26.97,64.423,738.0499999999998,51
2015-08-15 09:36:00,0.0,-4.5076,120.62,31.799,13.581,31.955,0.0,252.9,-0.00115,254.78,-4.5076,-0.2930099999999999,17.541,-26.97,-26.97,64.45,751.46,51
2015-08-15 09:37:00,0.0,-4.5536,120.77,31.85,13.581,31.991,0.0001399999999999,252.73,-0.0008599999999999,254.67,-4.5536,-0.1833299999999999,19.356,-26.97,-26.97,64.548,749.63,51
2015-08-15 09:38:00,0.0,-4.6914,120.55,31.894,13.581,32.029,0.0004299999999999,252.71,-0.00072,254.57,-4.6914,-0.0740699999999999,18.177,-26.97,-26.97,64.815,755.08,51
2015-08-15 09:39:00,0.0,-4.3694,120.83,31.963,13.579,32.067,0.00029,252.41,-0.00101,254.26,-4.3694,-0.18331,18.169,-26.97,-26.97,65.214,770.1799999999998,51
2015-08-15 09:40:00,0.0,-3.7944,121.06,32.081,13.579,32.103,-0.0001399999999999,252.19,-0.00101,254.14,-3.7944,-0.2919399999999999,17.84,-26.97,-26.97,65.343,763.1,51
2015-08-15 09:41:00,0.0,-4.2773,120.67,32.128,13.578,32.141,0.00029,252.19,-0.00072,254.1,-4.2773,-0.11014,17.748,-26.97,-26.97,65.478,764.4299999999998,51
2015-08-15 09:42:00,0.0,-4.1393,120.62,32.168,13.578,32.18,0.0004299999999999,252.07,-0.0005699999999999,254.03,-4.1393,-0.0373599999999999,17.147,-26.97,-26.97,65.549,761.0,51
2015-08-15 09:43:00,0.0,-4.5073,120.76,32.202,13.576,32.213,0.0001399999999999,251.95,-0.00101,253.94,-4.5073,-0.2192699999999999,18.315,-26.97,-26.97,65.541,773.37,51
2015-08-15 09:44:00,0.0,-3.4724,120.77,32.199,13.576,32.246,0.0,251.93,-0.0005699999999999,253.91,-3.4724,-0.1459399999999999,17.717,-26.97,-26.97,65.259,765.74,51
2015-08-15 09:45:00,0.0,-4.6682,120.91,32.187,13.575,32.285,0.00029,251.72,-0.0004299999999999,253.82,-4.6682,-0.03708,17.881,-26.97,-26.97,65.386,770.3099999999998,51
2015-08-15 09:46:00,0.0,-3.3344,120.72,32.369,13.575,32.322,0.00029,251.55,-0.0008599999999999,253.43,-3.3344,-0.14627,17.787,-26.97,-26.97,65.89,765.9099999999999,51
2015-08-15 09:47:00,0.0,-3.6564,120.35,32.547,13.573,32.365,0.0004299999999999,251.52,-0.00101,253.18,-3.6564,-0.14629,17.806,-26.97,-26.97,65.974,774.15,51
2015-08-15 09:48:00,0.0,-3.5643,120.53,32.567,13.572,32.412,0.0,251.51,-0.00144,253.27,-3.5643,-0.36398,18.231,-26.97,-26.97,66.191,769.1,51
2015-08-15 09:49:00,0.0,-3.4724,120.82,32.54,13.571,32.459,0.0008599999999999,251.56,-0.00072,253.27,-3.4724,0.03488,18.356,-26.97,-26.97,66.407,785.13,51
2015-08-15 09:50:00,0.0,-3.6794,120.78,32.605,13.571,32.505,0.0005699999999999,251.47,-0.0004299999999999,253.15,-3.6794,0.03543,18.922,-26.97,-26.97,66.496,786.2899999999998,51
2015-08-15 09:51:00,0.0,-3.9552,120.82,32.641,13.57,32.555,0.0001399999999999,251.35,-0.0008599999999999,253.07,-3.9552,-0.1821299999999999,17.604,-26.97,-26.97,66.631,795.71,51
2015-08-15 09:52:00,0.0,-3.5412,120.53,32.635,13.568,32.602,0.0001399999999999,251.13,-0.0005699999999999,252.76,-3.5412,-0.10919,17.484,-26.97,-26.97,66.66,794.26,51
2015-08-15 09:53:00,0.0,-3.5181,120.45,32.668,13.568,32.649,0.0001399999999999,250.89,-0.0012899999999999,252.5,-3.5181,-0.29054,17.207,-26.97,-26.97,66.859,786.49,51
2015-08-15 09:54:00,0.0,-5.2196,120.22,32.588,13.568,32.695,0.0,251.16,-0.0005699999999999,252.79,-5.2196,-0.1453299999999999,18.132,-26.97,-26.97,66.199,788.85,51
2015-08-15 09:55:00,0.0,-4.3688,120.03,32.584,13.567,32.742,-0.0001399999999999,251.01,-0.00144,252.74,-4.3688,-0.3992899999999999,17.364,-26.97,-26.97,66.633,810.27,51
2015-08-15 09:56:00,0.0,-4.3917,120.55,32.704,13.566,32.781,0.0,250.59,-0.0008599999999999,252.25,-4.3917,-0.21768,17.153,-26.97,-26.97,67.182,801.7999999999998,51
2015-08-15 09:57:00,0.0,-4.5756,120.54,32.948,13.566,32.822,0.0001399999999999,250.24,-0.00072,251.72,-4.5756,-0.14491,17.634,-26.97,-26.97,67.611,792.52,51
2015-08-15 09:58:00,0.0,-4.6214,120.25,33.19,13.565,32.862,0.0,250.01,-0.00072,251.26,-4.6214,-0.18049,17.2,-26.97,-26.97,68.018,796.2999999999998,51
2015-08-15 09:59:00,0.0,-4.8054,120.47,33.607,13.566,32.9,0.0,250.29,-0.00101,251.21,-4.8054,-0.2527099999999999,17.216,-26.97,-26.97,67.868,795.7899999999998,51
2015-08-15 10:00:00,0.0,-4.4145,120.64,33.949,13.563,32.935,-0.0001399999999999,250.34,-0.0008599999999999,251.09,-4.4145,-0.25244,18.174,-26.97,-26.97,67.923,793.23,51
2015-08-15 10:01:00,0.0,-4.8284,120.37,34.268,13.562,32.972,0.0001399999999999,250.37,-0.0004299999999999,250.93,-4.8284,-0.0721799999999999,16.822,-26.97,-26.97,68.183,797.5,51
2015-08-15 10:02:00,0.0,-3.4718,120.31,34.439,13.562,32.999,0.0,250.25,-0.0005699999999999,250.95,-3.4718,-0.14423,17.918,-26.97,-26.97,68.195,821.5599999999998,51
2015-08-15 10:03:00,0.0,-3.6558,120.5,34.363,13.561,33.026,0.0001399999999999,250.13,-0.00072,251.14,-3.6558,-0.14448,17.512,-26.97,-26.97,68.214,818.6699999999998,51
2015-08-15 10:04:00,0.0,-4.2076,119.77,34.201,13.56,33.054,0.0001399999999999,249.85,-0.00144,250.87,-4.2076,-0.3246,17.472,-26.97,-26.97,68.68,830.5399999999998,51
2015-08-15 10:05:00,0.0,-4.3225,120.6,34.158,13.56,33.085,-0.0001399999999999,249.51,-0.0004299999999999,250.62,-4.3225,-0.1439199999999999,16.879,-26.97,-26.97,69.193,827.89,51
2015-08-15 10:06:00,0.0,-4.3455,120.83,34.216,13.56,33.117,0.0,249.21,-0.00072,250.34,-4.3455,-0.17995,16.838,-26.97,-26.97,69.819,821.76,51
2015-08-15 10:07:00,0.0,-5.2422,120.35,34.235,13.559,33.145,0.0,248.77,-0.00029,249.77,-5.2422,-0.0717399999999999,16.618,-26.97,-26.97,70.134,825.5599999999998,51
2015-08-15 10:08:00,0.0,-3.6326,119.93,34.446,13.558,33.174,0.0,248.49,-0.00158,249.23,-3.6326,-0.3939199999999999,17.358,-26.97,-26.97,70.152,825.22,51
2015-08-15 10:09:00,0.0,-4.7362,120.63,34.576,13.557,33.205,0.0001399999999999,248.35,-0.0008599999999999,249.1,-4.7362,-0.17909,17.049,-26.97,-26.97,70.237,813.98,51
2015-08-15 10:10:00,0.0,-5.0119,119.95,34.687,13.555,33.235,0.0001399999999999,248.52,-0.00029,249.07,-5.0119,-0.0358399999999999,17.736,-26.97,-26.97,70.221,813.57,51
2015-08-15 10:11:00,0.0,-4.0463,120.15,34.945,13.555,33.264,0.0004299999999999,248.69,-0.00101,248.93,-4.0463,-0.14318,17.515,-26.97,-26.97,70.227,814.3099999999998,51
2015-08-15 10:12:00,0.0,-4.9889,120.15,35.194,13.553,33.292,0.0,248.34,-0.00072,248.59,-4.9889,-0.17865,16.627,-26.97,-26.97,70.391,815.6599999999999,51
2015-08-15 10:13:00,0.0,-4.552,119.49,35.401,13.553,33.32,0.0,248.08,-0.00115,248.29,-4.552,-0.2853399999999999,16.592,-26.97,-26.97,70.803,823.27,51
2015-08-15 10:14:00,0.0,-3.9312,119.57,35.653,13.552,33.34,0.0004299999999999,247.88,-0.00172,248.01,-3.9312,-0.32079,17.072,-26.97,-26.97,70.966,827.74,51
2015-08-15 10:15:00,0.0,-4.5288,120.13,35.762,13.552,33.36,-0.0001399999999999,247.83,-0.00072,248.02,-4.5288,-0.21379,17.289,-26.97,-26.97,71.041,829.1799999999998,51
2015-08-15 10:16:00,0.0,-5.3563,119.86,35.92,13.552,33.387,0.0,247.75,-0.0012899999999999,247.95,-5.3563,-0.32063,17.159,-26.97,-26.97,71.136,830.65,51
2015-08-15 10:17:00,0.0,-4.7817,121.06,36.038,13.552,33.41,0.0,247.62,-0.0008599999999999,247.79,-4.7817,-0.21364,17.508,-26.97,-26.97,71.294,831.4099999999999,51
2015-08-15 10:18:00,0.0,-4.4597,121.16,36.258,13.55,33.437,0.00029,247.51,-0.00072,247.65,-4.4597,-0.1068,16.857,-26.97,-26.97,71.38,836.22,51
2015-08-15 10:19:00,0.0,-4.9885,120.98,36.263,13.55,33.459,0.0,247.34,-0.0001399999999999,247.48,-4.9885,-0.0355499999999999,16.993,-26.97,-26.97,71.683,851.01,51
2015-08-15 10:20:00,0.0,-4.7126,121.1,36.132,13.55,33.49,0.0,247.16,-0.0004299999999999,247.49,-4.7126,-0.10667,17.581,-26.97,-26.97,71.67,859.1599999999999,51
2015-08-15 10:21:00,0.0,-5.1494,120.46,35.941,13.549,33.516,0.0001399999999999,247.04,-0.00029,247.55,-5.1494,-0.03563,16.684,-26.97,-26.97,71.853,869.2899999999998,51
2015-08-15 10:22:00,0.0,-3.7931,120.49,35.851,13.548,33.54,0.00029,246.67,-0.00115,247.17,-3.7931,-0.21323,16.678,-26.97,-26.97,72.302,868.24,51
2015-08-15 10:23:00,0.0,-4.8735,120.29,35.811,13.547,33.571,0.0001399999999999,246.3,-0.0008599999999999,246.78,-4.8735,-0.17729,15.623,-26.97,-26.97,72.715,859.4099999999999,51
2015-08-15 10:24:00,0.0,-4.3908,120.53,35.945,13.547,33.594,0.00029,246.26,-0.00101,246.57,-4.3908,-0.17721,15.234,-26.97,-26.97,72.97199999999998,842.98,51
2015-08-15 10:25:00,0.0,-4.4597,120.35,36.124,13.547,33.621,0.00029,246.1,-0.0012899999999999,246.3,-4.4597,-0.2477699999999999,16.34,-26.97,-26.97,72.955,844.49,51
2015-08-15 10:26:00,0.0,-4.4137,120.37,36.205,13.546,33.648,0.0004299999999999,246.0,-0.00101,246.3,-4.4137,-0.1416999999999999,16.84,-26.97,-26.97,73.04999999999998,852.2,51
2015-08-15 10:27:00,0.0,-4.6206,120.42,35.972,13.545,33.674,0.00029,245.88,-0.00144,246.24,-4.6206,-0.28316,16.359,-26.97,-26.97,73.424,868.82,51
2015-08-15 10:28:00,0.0,-4.3218,120.36,35.696,13.544,33.698,0.0,245.91,-0.00144,246.47,-4.3218,-0.35415,16.218,-26.97,-26.97,73.56699999999998,856.8099999999998,51
2015-08-15 10:29:00,0.0,-4.3906,120.3,35.477,13.544,33.725,0.0004299999999999,245.77,-0.00072,246.56,-4.3906,-0.07122,16.181,-26.97,-26.97,73.851,866.25,51
2015-08-15 10:30:00,0.0,-4.4594,120.29,35.42,13.544,33.753,0.0001399999999999,245.45,-0.00115,246.52,-4.4594,-0.24807,16.504,-26.97,-26.97,73.982,877.33,51
2015-08-15 10:31:00,0.0,-4.4592,120.23,35.295,13.543,33.776,0.0001399999999999,245.51,-0.0012899999999999,246.73,-4.4592,-0.28375,16.732,-26.97,-26.97,73.601,864.61,51
2015-08-15 10:32:00,0.0,-4.4821,120.68,35.081,13.542,33.805,0.0,245.64,-0.0012899999999999,246.87,-4.4821,-0.3191899999999999,17.055,-26.97,-26.97,73.62699999999998,853.7999999999998,51
2015-08-15 10:33:00,0.0,-4.505,120.54,34.961,13.541,33.833,0.0004299999999999,245.62,-0.0008599999999999,246.88,-4.505,-0.10696,15.879,-26.97,-26.97,73.527,889.2999999999998,51
2015-08-15 10:34:00,0.0,-4.5279,120.6,34.852,13.54,33.855,-0.0001399999999999,245.49,-0.00144,246.77,-4.5279,-0.38978,15.877,-26.97,-26.97,73.66899999999998,880.7999999999998,51
2015-08-15 10:35:00,0.0,-4.367,120.79,34.698,13.54,33.885,-0.0001399999999999,245.83,-0.00144,247.08,-4.367,-0.3902399999999999,15.647,-26.97,-26.97,73.375,877.5,51
2015-08-15 10:36:00,0.0,-4.2291,121.0,34.609,13.54,33.911,0.0001399999999999,245.86,-0.0008599999999999,247.14,-4.2291,-0.17771,15.883,-26.97,-26.97,73.51999999999998,831.75,51
2015-08-15 10:37:00,0.0,-4.5969,120.85,34.569,13.54,33.934,0.0,245.96,-0.0012899999999999,247.22,-4.5969,-0.3196399999999999,15.531,-26.97,-26.97,73.473,872.0499999999998,51
2015-08-15 10:38:00,0.0,-5.1485,121.01,34.549,13.538,33.964,0.0,245.89,-0.00144,247.09,-5.1485,-0.35496,15.859,-26.97,-26.97,73.403,880.0599999999998,51
2015-08-15 10:39:00,0.0,-4.344,120.71,34.554,13.538,33.985,0.0004299999999999,245.76,-0.0008599999999999,246.95,-4.344,-0.1069,16.288,-26.97,-26.97,73.97199999999998,887.5299999999999,51
2015-08-15 10:40:00,0.0,-4.39,121.07,34.63,13.536,34.007,0.00029,245.68,-0.0012899999999999,247.0,-4.39,-0.2486599999999999,15.935,-26.97,-26.97,73.73099999999998,888.15,51
2015-08-15 10:41:00,0.0,-4.7577,121.12,34.702,13.535,34.036,-0.0001399999999999,245.88,-0.00158,247.34,-4.7577,-0.42614,15.517,-26.97,-26.97,73.08,893.62,51
2015-08-15 10:42:00,0.0,-4.7807,120.83,34.688,13.536,34.058,0.0004299999999999,245.96,-0.0012899999999999,247.38,-4.7807,-0.21384,15.904,-26.97,-26.97,73.197,891.0599999999998,51
2015-08-15 10:43:00,0.0,-3.8614,120.99,34.748,13.535,34.076,0.0,245.81,-0.00101,247.3,-3.8614,-0.24865,15.863,-26.97,-26.97,73.26699999999998,897.5299999999999,51
2015-08-15 10:44:00,0.0,-4.2981,120.84,34.794,13.534,34.1,0.0001399999999999,245.61,-0.00115,247.18,-4.2981,-0.2487399999999999,16.559,-26.97,-26.97,73.47199999999998,889.12,51
2015-08-15 10:45:00,0.0,-4.5969,121.0,34.757,13.534,34.125,0.0001399999999999,245.65,-0.00158,247.13,-4.5969,-0.3552199999999999,15.819,-26.97,-26.97,73.346,893.58,51
2015-08-15 10:46:00,0.0,-4.2061,120.82,34.769,13.534,34.152,0.0001399999999999,245.62,-0.00115,247.04,-4.2061,-0.24868,14.853,-26.97,-26.97,73.23099999999998,899.35,51
2015-08-15 10:47:00,0.0,-3.8614,120.95,34.792,13.534,34.175,0.0,245.48,-0.00115,246.92,-3.8614,-0.28375,17.198,-26.97,-26.97,73.17499999999998,901.29,51
2015-08-15 10:48:00,0.0,-4.5739,120.52,34.841,13.533,34.203,0.0,245.39,-0.00172,246.92,-4.5739,-0.42564,15.289,-26.97,-26.97,73.04699999999998,903.22,51
2015-08-15 10:49:00,0.0,-4.344,121.1,35.051,13.534,34.229,-0.0001399999999999,245.35,-0.00115,246.87,-4.344,-0.31895,15.903,-26.97,-26.97,73.73999999999998,899.0,51
2015-08-15 10:50:00,0.0,-3.4016,121.16,35.279,13.533,34.254,0.0012899999999999,245.26,-0.00072,246.65,-3.4016,0.13994,15.709,-26.97,-26.97,73.99299999999998,908.71,51
2015-08-15 10:51:00,0.0,-4.1602,120.4,35.58,13.533,34.281,0.00029,245.13,-0.0012899999999999,246.27,-4.1602,-0.24795,15.759,-26.97,-26.97,73.96899999999998,909.5100000000001,51
2015-08-15 10:52:00,0.0,-3.8613,120.98,35.727,13.532,34.307,-0.00029,245.04,-0.00101,246.38,-3.8613,-0.3180999999999999,15.902,-26.97,-26.97,73.884,880.4299999999998,51
2015-08-15 10:53:00,0.0,-4.367,120.62,35.667,13.531,34.334,0.0,244.89,-0.0008599999999999,246.2,-4.367,-0.2121,15.234,-26.97,-26.97,73.992,884.26,51
2015-08-15 10:54:00,0.0,-5.1024,121.14,35.564,13.53,34.363,0.0,244.58,-0.0008599999999999,246.07,-5.1024,-0.21209,15.583,-26.97,-26.97,74.33499999999998,891.9,51
2015-08-15 10:55:00,0.0,-4.5277,120.78,35.547,13.529,34.389,0.0001399999999999,244.49,-0.0005699999999999,246.04,-4.5277,-0.1062199999999999,16.222,-26.97,-26.97,74.241,908.31,51
2015-08-15 10:56:00,0.0,-4.6885,120.58,35.555,13.529,34.411,0.0001399999999999,244.26,-0.00072,245.67,-4.6885,-0.14136,13.818,-26.97,-26.97,74.60299999999998,914.74,51
2015-08-15 10:57:00,0.0,-4.1828,120.9,35.727,13.528,34.44,0.00029,243.93,-0.0012899999999999,245.15,-4.1828,-0.2469399999999999,14.94,-26.97,-26.97,75.105,916.78,51
2015-08-15 10:58:00,0.0,-4.1138,120.59,35.917,13.528,34.468,0.0004299999999999,243.95,-0.00101,244.93,-4.1138,-0.14105,15.821,-26.97,-26.97,75.283,904.7600000000001,51
2015-08-15 10:59:00,0.0,-4.6883,120.87,36.14,13.527,34.489,0.00029,243.98,-0.00072,244.74,-4.6883,-0.1057,15.063,-26.97,-26.97,75.119,895.6599999999999,51
2015-08-15 11:00:00,0.0,-4.3895,120.69,36.423,13.527,34.518,0.00029,243.92,-0.00072,244.59,-4.3895,-0.10557,14.824,-26.97,-26.97,75.277,895.15,51
2015-08-15 11:01:00,0.0,-4.5732,120.8,36.582,13.526,34.54,0.0,244.25,-0.0005699999999999,245.17,-4.5732,-0.14091,15.589,-26.97,-26.97,74.709,899.0499999999998,51
2015-08-15 11:02:00,0.0,-4.6652,120.77,36.381,13.525,34.563,0.0004299999999999,244.33,-0.0005699999999999,245.36,-4.6652,-0.03567,14.654,-26.97,-26.97,74.427,892.46,51
2015-08-15 11:03:00,0.0,-4.5961,120.72,36.252,13.524,34.589,0.0004299999999999,244.38,-0.0008599999999999,245.3,-4.5961,-0.1061,15.556,-26.97,-26.97,74.468,913.47,51
2015-08-15 11:04:00,0.0,-4.4812,120.73,36.193,13.524,34.619,0.0001399999999999,244.07,-0.00101,245.05,-4.4812,-0.2112999999999999,15.477,-26.97,-26.97,74.60899999999998,917.05,51
2015-08-15 11:05:00,0.0,-4.3433,120.86,36.252,13.524,34.632,0.0,243.79,-0.0012899999999999,244.65,-4.3433,-0.31627,15.924,-26.97,-26.97,75.099,909.12,51
2015-08-15 11:06:00,0.0,-4.5271,120.91,36.448,13.523,34.652,0.0001399999999999,244.05,-0.00115,244.62,-4.5271,-0.2460499999999999,15.744,-26.97,-26.97,74.989,897.46,51
2015-08-15 11:07:00,0.0,-4.7339,121.1,36.727,13.522,34.673,0.0001399999999999,244.64,-0.00072,244.9,-4.7339,-0.14072,14.648,-26.97,-26.97,74.391,891.5599999999998,51
2015-08-15 11:08:00,0.0,-4.7799,120.62,36.968,13.521,34.696,0.00029,244.95,-0.00115,244.96,-4.7799,-0.21106,14.91,-26.97,-26.97,74.304,883.94,51
2015-08-15 11:09:00,0.0,-3.6079,121.25,37.226,13.521,34.715,0.0005699999999999,244.75,-0.0008599999999999,244.71,-3.6079,-0.07033,15.483,-26.97,-26.97,74.613,882.0599999999998,51
2015-08-15 11:10:00,0.0,-4.3892,121.37,37.421,13.521,34.738,0.0004299999999999,244.42,-0.0005699999999999,244.34,-4.3892,-0.03509,14.99,-26.97,-26.97,74.98099999999998,882.9,51
2015-08-15 11:11:00,0.0,-5.1246,121.22,37.706,13.521,34.764,0.0,244.29,-0.00072,244.14,-5.1246,-0.17533,15.11,-26.97,-26.97,75.16299999999998,885.86,51
2015-08-15 11:12:00,0.0,-4.0216,121.26,38.059,13.521,34.787,0.0004299999999999,244.81,-0.0004299999999999,244.36,-4.0216,0.00033,16.607,-26.97,-26.97,74.647,892.19,51
2015-08-15 11:13:00,0.0,-3.3551,120.88,38.4,13.52,34.808,0.0,245.24,-0.00115,244.53,-3.3551,-0.281,15.616,-26.97,-26.97,74.028,887.4099999999999,51
2015-08-15 11:14:00,0.0,-4.665,120.69,38.612,13.52,34.831,0.0001399999999999,245.37,-0.00158,244.6,-4.665,-0.3512199999999999,14.841,-26.97,-26.97,73.989,885.8099999999998,51
2015-08-15 11:15:00,0.0,-4.4812,120.88,38.829,13.518,34.85,0.0,245.72,-0.00172,244.71,-4.4812,-0.42181,15.355,-26.97,-26.97,73.861,890.9299999999998,51
2015-08-15 11:16:00,0.0,-4.0905,120.8,39.063,13.518,34.871,0.0001399999999999,246.02,-0.00158,244.77,-4.0905,-0.3513999999999999,15.129,-26.97,-26.97,73.575,893.27,51
2015-08-15 11:17:00,0.0,-4.4812,120.88,39.197,13.518,34.893,0.00029,245.9,-0.00115,244.66,-4.4812,-0.21054,15.65,-26.97,-26.97,73.801,888.36,51
2015-08-15 11:18:00,0.0,-4.8718,120.46,39.35,13.518,34.912,0.0,245.8,-0.00172,244.42,-4.8718,-0.4212699999999999,15.577,-26.97,-26.97,73.793,885.39,51
2015-08-15 11:19:00,0.0,-4.665,120.53,39.394,13.517,34.93,0.0001399999999999,245.53,-0.00144,244.27,-4.665,-0.3155399999999999,15.493,-26.97,-26.97,74.069,900.35,51
2015-08-15 11:20:00,0.0,-4.5041,120.26,39.289,13.517,34.95,0.0,245.39,-0.00172,244.09,-4.5041,-0.42069,15.616,-26.97,-26.97,74.30599999999998,896.97,51
2015-08-15 11:21:00,0.0,-4.2972,121.0,39.234,13.516,34.968,0.0,245.5,-0.00144,244.25,-4.2972,-0.3507299999999999,16.804,-26.97,-26.97,74.134,881.21,51
2015-08-15 11:22:00,0.0,-4.8947,120.71,39.17,13.515,34.989,0.00029,245.46,-0.00115,244.21,-4.8947,-0.21007,15.186,-26.97,-26.97,74.339,886.37,51
2015-08-15 11:23:00,0.0,-4.0214,121.13,39.142,13.515,35.007,0.0004299999999999,245.21,-0.0012899999999999,244.22,-4.0214,-0.21002,15.007,-26.97,-26.97,74.86199999999998,913.7600000000001,51
2015-08-15 11:24:00,0.0,-4.9174,120.7,39.205,13.514,35.027,0.00029,245.68,-0.00115,244.43,-4.9174,-0.21035,14.657,-26.97,-26.97,74.528,920.4,51
2015-08-15 11:25:00,0.0,-4.6646,121.22,39.229,13.514,35.043,0.00029,245.98,-0.00115,244.67,-4.6646,-0.21048,15.252,-26.97,-26.97,74.28799999999998,929.05,51
2015-08-15 11:26:00,0.0,-4.8713,121.09,39.336,13.513,35.063,0.0005699999999999,246.08,-0.00072,244.71,-4.8713,-0.03434,15.13,-26.97,-26.97,74.34,944.0100000000001,51
2015-08-15 11:27:00,0.0,-4.205,120.86,39.522,13.513,35.081,0.0001399999999999,245.9,-0.0005699999999999,244.48,-4.205,-0.1051499999999999,15.212,-26.97,-26.97,74.825,958.19,51
2015-08-15 11:28:00,0.0,-5.0779,120.54,39.651,13.513,35.099,0.00029,245.54,-0.00158,244.18,-5.0779,-0.3151499999999999,15.202,-26.97,-26.97,75.36499999999998,976.57,51
2015-08-15 11:29:00,0.0,-4.5494,120.57,39.726,13.511,35.117,-0.0001399999999999,231.35,-0.00158,230.03,-4.5494,-0.39637,15.028,-26.97,-26.97,74.22499999999998,491.97,51
2015-08-15 11:30:00,0.0,-4.7332,120.8,39.207,13.511,35.132,0.00029,227.3,-0.0004299999999999,226.62,-4.7332,-0.03064,14.825,-26.97,-26.97,70.545,215.5,51
2015-08-15 11:31:00,0.0,-5.4684,120.15,38.45,13.512,35.155,0.0001399999999999,228.04,-0.00158,227.4,-5.4684,-0.32668,14.361,-26.97,-26.97,67.364,170.52,51
2015-08-15 11:32:00,0.0,-5.1238,120.66,37.924,13.513,35.17,0.0001399999999999,230.53,-0.00144,230.07,-5.1238,-0.29701,16.281,-26.97,-26.97,64.433,164.59,51
2015-08-15 11:33:00,0.0,-4.6412,120.51,37.3,13.511,35.188,0.00029,233.48,-0.00115,233.28,-4.6412,-0.2015099999999999,14.607,-26.97,-26.97,62.062,164.1,51
2015-08-15 11:34:00,0.0,-3.6303,120.8,36.677,13.511,35.196,0.0,235.4,-0.0008599999999999,235.35,-3.6303,-0.20288,15.31,-26.97,-26.97,60.123,158.63,51
2015-08-15 11:35:00,0.0,-3.7681,120.94,36.113,13.51,35.217,0.00029,237.99,-0.00115,238.25,-3.7681,-0.20584,15.536,-26.97,-26.97,57.712,162.58,51
2015-08-15 11:36:00,0.0,-4.5723,120.86,35.459,13.51,35.227,0.0,257.6,-0.00101,257.83,-4.5723,-0.2629699999999999,15.312,-26.97,-26.97,57.451,651.23,51
2015-08-15 11:37:00,0.0,-4.5263,120.96,35.12,13.51,35.245,-0.0001399999999999,260.89,-0.00115,261.54,-4.5263,-0.33756,16.545,-26.97,-26.97,60.096,983.08,51
2015-08-15 11:38:00,0.0,-4.4344,120.89,35.013,13.509,35.257,0.0,258.29,-0.00144,258.96,-4.4344,-0.3716599999999999,15.101,-26.97,-26.97,62.183,961.9,51
2015-08-15 11:39:00,0.0,-4.871,121.53,35.056,13.508,35.267,0.0001399999999999,256.14,-0.00115,256.79,-4.871,-0.25845,15.04,-26.97,-26.97,64.21,954.91,51
2015-08-15 11:40:00,0.0,-4.8021,121.51,35.187,13.508,35.278,0.0004299999999999,254.35,-0.0008599999999999,254.97,-4.8021,-0.10989,14.566,-26.97,-26.97,65.908,967.82,51
2015-08-15 11:41:00,0.0,-5.0318,120.75,35.392,13.508,35.297,0.0,252.77,-0.00115,253.35,-5.0318,-0.29115,14.665,-26.97,-26.97,67.462,957.4,51
2015-08-15 11:42:00,0.0,-4.5034,121.29,35.6,13.508,35.307,0.0001399999999999,251.48,-0.00115,252.01,-4.5034,-0.2535,15.588,-26.97,-26.97,68.813,960.25,51
2015-08-15 11:43:00,0.0,-4.2736,120.59,35.856,13.508,35.32,0.0,250.3,-0.0012899999999999,250.71,-4.2736,-0.3238599999999999,15.034,-26.97,-26.97,70.0,943.37,51
2015-08-15 11:44:00,0.0,-3.4235,120.92,35.992,13.508,35.336,0.00029,249.04,-0.0012899999999999,249.41,-3.4235,-0.25083,15.49,-26.97,-26.97,71.345,957.82,51
2015-08-15 11:45:00,0.0,-4.1587,120.57,36.153,13.508,35.348,0.0001399999999999,247.89,-0.00144,248.23,-4.1587,-0.3209699999999999,15.609,-26.97,-26.97,72.629,973.67,51
2015-08-15 11:46:00,0.0,-3.6073,121.09,36.467,13.507,35.371,0.00029,247.12,-0.0008599999999999,247.45,-3.6073,-0.1421699999999999,15.292,-26.97,-26.97,73.58499999999998,989.67,51
2015-08-15 11:47:00,0.0,-4.0898,120.41,36.799,13.507,35.378,0.0004299999999999,246.9,-0.00158,246.95,-4.0898,-0.2836299999999999,15.074,-26.97,-26.97,73.958,998.37,51
2015-08-15 11:48:00,0.0,-4.0438,121.28,37.077,13.507,35.393,0.0001399999999999,246.74,-0.00101,246.72,-4.0438,-0.21262,15.267,-26.97,-26.97,74.269,1019.0,51
2015-08-15 11:49:00,0.0,-4.2047,120.66,37.463,13.506,35.409,0.0,245.75,-0.00115,245.54,-4.2047,-0.2820199999999999,14.746,-26.97,-26.97,74.295,971.85,51
2015-08-15 11:50:00,0.0,-4.6182,120.72,37.819,13.506,35.424,0.0004299999999999,236.73,-0.00144,236.01,-4.6182,-0.2357499999999999,14.99,-26.97,-26.97,72.066,454.21,51
2015-08-15 11:51:00,0.0,-3.837,120.53,38.145,13.506,35.439,0.00029,235.26,-0.0012899999999999,234.73,-3.837,-0.2333,15.409,-26.97,-26.97,70.038,399.12,51
2015-08-15 11:52:00,0.0,-4.4115,120.15,38.354,13.505,35.458,0.00029,230.34,-0.00172,229.55,-4.4115,-0.32933,14.951,-26.97,-26.97,67.261,195.65,51
2015-08-15 11:53:00,0.0,-3.9979,120.4,38.46,13.505,35.472,0.0,231.69,-0.0012899999999999,230.91,-3.9979,-0.29819,15.444,-26.97,-26.97,64.659,174.82,51
2015-08-15 11:54:00,0.0,-4.6642,120.46,38.373,13.505,35.484,0.0004299999999999,233.33,-0.00101,232.73,-4.6642,-0.13374,14.501,-26.97,-26.97,62.34,163.36,51
2015-08-15 11:55:00,0.0,-4.2506,120.44,37.997,13.505,35.499,0.00029,235.16,-0.00115,234.78,-4.2506,-0.20236,15.295,-26.97,-26.97,59.976,158.33,51
2015-08-15 11:56:00,0.0,-4.5033,120.49,37.644,13.505,35.516,0.0001399999999999,237.03,-0.00101,236.82,-4.5033,-0.20388,14.754,-26.97,-26.97,58.511,159.5,51
2015-08-15 11:57:00,0.0,-4.1355,120.57,37.339,13.505,35.532,0.0001399999999999,238.84,-0.0012899999999999,238.66,-4.1355,-0.274,15.254,-26.97,-26.97,56.841,162.51,51
2015-08-15 11:58:00,0.0,-4.7789,120.65,37.19,13.505,35.539,0.00029,241.07,-0.00029,240.73,-4.7789,-0.00011,13.97,-26.97,-26.97,54.654,166.57,51
2015-08-15 11:59:00,0.0,-3.4463,120.39,37.157,13.505,35.557,0.0,243.26,-0.00158,242.68,-3.4463,-0.38321,14.024,-26.97,-26.97,52.86,168.06,51
2015-08-15 12:00:00,0.0,-4.3653,120.58,37.037,13.505,35.574,-0.0001399999999999,244.66,-0.0008599999999999,244.13,-4.3653,-0.24526,16.132,-26.97,-26.97,51.498,166.14,51
2015-08-15 12:01:00,0.0,-4.2963,120.52,37.069,13.504,35.582,0.0,245.72,-0.00115,245.15,-4.2963,-0.2815699999999999,16.077,-26.97,-26.97,50.646,165.3,51
2015-08-15 12:02:00,0.0,-4.0435,120.65,37.078,13.503,35.597,0.0,246.78,-0.00144,246.25,-4.0435,-0.35349,15.238,-26.97,-26.97,49.898,167.59,51
2015-08-15 12:03:00,0.0,-4.6178,120.65,37.038,13.503,35.616,0.0004299999999999,248.08,-0.0008599999999999,247.59,-4.6178,-0.1066,14.971,-26.97,-26.97,49.269,174.67,51
2015-08-15 12:04:00,0.0,-4.5258,120.7,36.895,13.502,35.621,0.0001399999999999,249.53,-0.00101,249.15,-4.5258,-0.21467,14.807,-26.97,-26.97,48.659,183.19,51
2015-08-15 12:05:00,0.0,-4.6637,120.89,36.692,13.502,35.636,0.0001399999999999,251.21,-0.00101,250.78,-4.6637,-0.216,14.823,-26.97,-26.97,47.774,195.27,51
2015-08-15 12:06:00,0.0,-4.7095,121.05,36.627,13.502,35.642,0.0,252.81,-0.0008599999999999,252.33,-4.7095,-0.21737,15.2,-26.97,-26.97,47.175,208.33,51
2015-08-15 12:07:00,0.0,-4.4338,121.11,36.632,13.502,35.658,0.0001399999999999,255.33,-0.0008599999999999,254.72,-4.4338,-0.18157,14.638,-26.97,-26.97,46.865,233.41,51
2015-08-15 12:08:00,0.0,-3.4919,120.98,36.674,13.502,35.661,0.0005699999999999,260.75,-0.0012899999999999,260.28,-3.4919,-0.18645,15.362,-26.97,-26.97,47.498,373.52,51
2015-08-15 12:09:00,0.0,-4.6405,121.03,36.59,13.501,35.678,-0.0001399999999999,264.19,-0.00101,264.1,-4.6405,-0.3007099999999999,14.99,-26.97,-26.97,48.833,527.59,51
2015-08-15 12:10:00,0.0,-3.7216,120.76,36.631,13.502,35.686,0.0001399999999999,256.55,-0.00172,256.2,-3.7216,-0.4048999999999999,15.602,-26.97,-26.97,49.185,326.84,51
2015-08-15 12:11:00,0.0,-3.9053,121.16,36.631,13.501,35.698,0.00072,253.0,-0.00158,252.38,-3.9053,-0.217,15.456,-26.97,-26.97,48.765,236.01,51
2015-08-15 12:12:00,0.0,-4.4567,121.1,36.54,13.5,35.699,0.0001399999999999,254.74,-0.0004299999999999,254.05,-4.4567,-0.0725599999999999,15.551,-26.97,-26.97,48.536,250.53,51
2015-08-15 12:13:00,0.0,-4.4107,121.13,36.499,13.5,35.713,0.00029,260.81,-0.00101,260.51,-4.4107,-0.18744,15.72,-26.97,-26.97,49.56,455.98,51
2015-08-15 12:14:00,0.0,-4.5945,121.17,36.515,13.499,35.716,0.00029,269.56,-0.00101,269.08,-4.5945,-0.19208,13.99,-26.97,-26.97,52.038,937.33,51
2015-08-15 12:15:00,0.0,-4.135,121.76,36.678,13.499,35.724,0.00115,266.61,-0.0008599999999999,266.26,-4.135,0.0769999999999999,14.431,-26.97,-26.97,56.166,1078.2,51
2015-08-15 12:16:00,0.0,-4.4337,121.18,36.883,13.499,35.733,0.0005699999999999,261.08,-0.00101,260.33,-4.4337,-0.11146,15.689,-26.97,-26.97,58.883,889.13,51
2015-08-15 12:17:00,0.0,-4.985,121.36,37.073,13.498,35.731,0.00029,254.07,-0.00101,253.45,-4.985,-0.1815199999999999,14.666,-26.97,-26.97,60.159,630.95,51
2015-08-15 12:18:00,0.0,-3.4688,121.23,37.294,13.499,35.746,0.0,254.49,-0.00101,253.78,-3.4688,-0.25369,15.613,-26.97,-26.97,61.204,720.76,51
2015-08-15 12:19:00,0.0,-4.2958,121.13,37.406,13.498,35.746,0.00029,247.96,-0.0012899999999999,247.45,-4.2958,-0.24858,15.856,-26.97,-26.97,60.37,391.14,51
2015-08-15 12:20:00,0.0,-4.6864,121.05,37.35,13.498,35.765,-0.0001399999999999,256.21,-0.00115,255.62,-4.6864,-0.32783,15.776,-26.97,-26.97,60.392,631.28,51
2015-08-15 12:21:00,0.0,-4.5715,121.14,37.389,13.498,35.76,0.0001399999999999,259.39,-0.00158,259.22,-4.5715,-0.37234,14.974,-26.97,-26.97,62.487,968.05,51
2015-08-15 12:22:00,0.0,-4.5485,121.05,37.545,13.498,35.77,0.00029,257.94,-0.00144,257.79,-4.5485,-0.29674,15.359,-26.97,-26.97,64.862,1040.6,51
2015-08-15 12:23:00,0.0,-4.4566,121.08,37.773,13.497,35.78,0.0001399999999999,255.35,-0.00101,255.12,-4.4566,-0.21967,15.301,-26.97,-26.97,67.007,1028.7,51
2015-08-15 12:24:00,0.0,-4.5485,121.34,38.001,13.497,35.783,0.0001399999999999,253.25,-0.00101,252.97,-4.5485,-0.2180499999999999,14.867,-26.97,-26.97,69.006,1026.4,51
2015-08-15 12:25:00,0.0,-3.4918,121.19,38.306,13.496,35.8,0.00029,251.52,-0.00101,251.02,-3.4918,-0.1799099999999999,15.392,-26.97,-26.97,70.318,1010.1,51
2015-08-15 12:26:00,0.0,-4.0661,120.77,38.651,13.496,35.805,0.0004299999999999,250.78,-0.00115,250.12,-4.0661,-0.1789699999999999,15.193,-26.97,-26.97,71.238,1034.4,51
2015-08-15 12:27:00,0.0,-5.1458,120.59,38.946,13.495,35.818,-0.00029,249.54,-0.00172,248.86,-5.1458,-0.5004699999999999,14.196,-26.97,-26.97,72.75199999999998,1044.2,51
2015-08-15 12:28:00,0.0,-4.3877,120.51,39.286,13.495,35.827,-0.0004299999999999,245.47,-0.00172,244.95,-4.3877,-0.5273499999999999,15.04,-26.97,-26.97,73.804,909.8,51
2015-08-15 12:29:00,0.0,-4.6404,120.45,39.321,13.495,35.839,0.0001399999999999,244.27,-0.00172,243.88,-4.6404,-0.38439,14.496,-26.97,-26.97,73.495,768.5399999999998,51
2015-08-15 12:30:00,0.0,-4.4337,120.67,38.988,13.496,35.845,0.00029,237.69,-0.00101,236.71,-4.4337,-0.16846,14.681,-26.97,-26.97,71.462,397.29,51
2015-08-15 12:31:00,0.0,-4.5945,120.97,38.674,13.495,35.859,0.0001399999999999,248.49,-0.00101,248.24,-4.5945,-0.21264,13.976,-26.97,-26.97,71.705,857.48,51
2015-08-15 12:32:00,0.0,-3.8823,120.63,38.415,13.495,35.874,0.0,248.98,-0.00101,248.86,-3.8823,-0.2501499999999999,15.155,-26.97,-26.97,73.238,1012.4,51
2015-08-15 12:33:00,0.0,-4.2958,121.03,38.23,13.495,35.879,0.00029,242.64,-0.0012899999999999,242.82,-4.2958,-0.2381699999999999,14.802,-26.97,-26.97,73.997,848.36,51
2015-08-15 12:34:00,0.0,-4.6864,120.5,38.004,13.495,35.899,-0.0001399999999999,232.39,-0.00144,232.34,-4.6864,-0.3670499999999999,15.121,-26.97,-26.97,71.144,297.14,51
2015-08-15 12:35:00,0.0,-4.5945,121.03,37.572,13.495,35.906,0.0004299999999999,233.29,-0.00144,233.56,-4.5945,-0.23447,14.252,-26.97,-26.97,67.955,262.61,51
2015-08-15 12:36:00,0.0,-4.5945,120.72,37.28,13.495,35.919,0.00072,240.88,-0.0012899999999999,240.92,-4.5945,-0.13724,14.049,-26.97,-26.97,65.889,367.81,51
2015-08-15 12:37:00,0.0,-4.2958,120.88,37.289,13.495,35.933,0.0,251.39,-0.00115,251.64,-4.2958,-0.28852,15.349,-26.97,-26.97,66.387,777.5399999999998,51
2015-08-15 12:38:00,0.0,-4.158,120.93,37.408,13.495,35.943,0.00029,252.62,-0.00144,252.89,-4.158,-0.2909499999999999,15.08,-26.97,-26.97,68.32,962.1,51
2015-08-15 12:39:00,0.0,-4.5256,120.72,37.628,13.495,35.958,0.0008599999999999,251.08,-0.00115,251.1,-4.5256,-0.07234,13.883,-26.97,-26.97,69.928,957.5100000000001,51
2015-08-15 12:40:00,0.0,-4.135,121.07,37.909,13.495,35.965,0.0005699999999999,249.8,-0.0012899999999999,249.74,-4.135,-0.17938,14.459,-26.97,-26.97,71.248,964.69,51
2015-08-15 12:41:00,0.0,-4.2039,120.75,38.181,13.495,35.984,0.0001399999999999,248.61,-0.00144,248.38,-4.2039,-0.32099,14.696,-26.97,-26.97,72.396,986.6,51
2015-08-15 12:42:00,0.0,-5.1688,120.87,38.573,13.495,36.001,0.00029,248.22,-0.00172,247.76,-5.1688,-0.3556199999999999,14.181,-26.97,-26.97,72.26,979.29,51
2015-08-15 12:43:00,0.0,-3.7675,120.8,38.904,13.494,36.004,-0.0001399999999999,247.72,-0.0008599999999999,247.09,-3.7675,-0.24843,14.247,-26.97,-26.97,72.86,975.95,51
2015-08-15 12:44:00,0.0,-4.6404,121.03,39.123,13.494,36.021,0.0001399999999999,247.39,-0.00144,246.62,-4.6404,-0.31857,14.71,-26.97,-26.97,73.471,976.59,51
2015-08-15 12:45:00,0.0,-4.0202,120.76,39.471,13.493,36.031,0.0001399999999999,246.97,-0.0012899999999999,246.01,-4.0202,-0.28247,14.17,-26.97,-26.97,73.202,980.08,51
2015-08-15 12:46:00,0.0,-4.6404,120.59,39.714,13.493,36.041,0.0001399999999999,246.87,-0.00158,245.74,-4.6404,-0.3526699999999999,14.487,-26.97,-26.97,73.574,982.9,51
2015-08-15 12:47:00,0.0,-4.3188,120.65,39.963,13.492,36.061,0.0001399999999999,246.81,-0.00144,245.5,-4.3188,-0.3170799999999999,14.213,-26.97,-26.97,73.23699999999998,985.99,51
2015-08-15 12:48:00,0.0,-4.4796,120.74,40.189,13.493,36.067,0.00029,246.52,-0.00115,245.13,-4.4796,-0.21082,14.533,-26.97,-26.97,73.54399999999998,977.02,51
2015-08-15 12:49:00,0.0,-4.1809,120.54,40.403,13.491,36.082,-0.0004299999999999,245.98,-0.00115,244.59,-4.1809,-0.38677,13.548,-26.97,-26.97,74.257,983.77,51
2015-08-15 12:50:00,0.0,-4.3647,120.6,40.6,13.492,36.094,-0.00029,243.26,-0.00144,241.95,-4.3647,-0.4152,14.574,-26.97,-26.97,74.842,851.26,51
2015-08-15 12:51:00,0.0,-4.3417,120.61,40.732,13.492,36.102,0.0001399999999999,234.66,-0.00144,233.45,-4.3417,-0.30168,14.307,-26.97,-26.97,73.92,528.16,51
2015-08-15 12:52:00,0.0,-4.5714,120.28,40.503,13.492,36.119,0.0005699999999999,228.86,-0.00158,227.68,-4.5714,-0.2281499999999999,13.81,-26.97,-26.97,70.271,229.63,51
2015-08-15 12:53:00,0.0,-4.3417,120.29,40.431,13.492,36.129,0.00029,231.81,-0.00144,230.45,-4.3417,-0.2640799999999999,14.578,-26.97,-26.97,66.923,220.39,51
2015-08-15 12:54:00,0.0,-4.9388,120.33,40.398,13.491,36.143,-0.0004299999999999,235.6,-0.00158,234.2,-4.9388,-0.47053,12.445,-26.97,-26.97,63.875,227.55,51
2015-08-15 12:55:00,0.0,-4.3186,120.45,40.435,13.492,36.16,0.00072,240.87,-0.0008599999999999,239.12,-4.3186,-0.0301799999999999,13.952,-26.97,-26.97,61.707,259.4,51
2015-08-15 12:56:00,0.0,-4.0658,120.9,40.452,13.492,36.165,0.0004299999999999,257.82,-0.001,256.69,-4.0658,-0.14707,16.187,-26.97,-26.97,62.96,964.78,51
2015-08-15 12:57:00,0.0,-3.8591,121.14,40.424,13.491,36.184,0.0008599999999999,256.39,-0.001,255.19,-3.8591,-0.03538,14.507,-26.97,-26.97,64.785,1002.1,51
2015-08-15 12:58:00,0.0,-3.951,121.09,40.215,13.491,36.187,0.0004299999999999,253.22,-0.00115,251.99,-3.951,-0.1803899999999999,14.581,-26.97,-26.97,65.553,946.2600000000001,51
2015-08-15 12:59:00,0.0,-4.9156,120.17,40.076,13.491,36.204,-0.0001399999999999,240.1,-0.00115,238.11,-4.9156,-0.30795,13.838,-26.97,-26.97,63.382,301.76,51
2015-08-15 13:00:00,0.0,-4.6399,120.46,39.986,13.491,36.204,-0.0001399999999999,241.88,-0.001,239.82,-4.6399,-0.27565,14.071,-26.97,-26.97,60.924,268.54,51
2015-08-15 13:01:00,0.0,-4.6856,120.34,39.899,13.491,36.223,0.00072,244.82,-0.001,242.81,-4.6856,-0.06812,14.365,-26.97,-26.97,59.252,282.28,51
2015-08-15 13:02:00,0.0,-3.8818,120.61,39.788,13.49,36.228,0.0008599999999999,246.2,-0.001,244.18,-3.8818,-0.03321,14.675,-26.97,-26.97,57.405,281.51,51
2015-08-15 13:03:00,0.0,-5.2829,120.36,39.716,13.489,36.245,0.0001399999999999,248.87,-0.00115,246.93,-5.2829,-0.2484899999999999,13.681,-26.97,-26.97,56.664,308.66,51
2015-08-15 13:04:00,0.0,-4.0654,120.65,39.725,13.49,36.247,0.0004299999999999,254.45,-0.0005699999999999,252.79,-4.0654,-0.0345299999999999,14.478,-26.97,-26.97,56.842,449.67,51
2015-08-15 13:05:00,0.0,-4.41,120.39,39.781,13.489,36.262,0.00029,251.29,-0.001,249.94,-4.41,-0.17813,14.395,-26.97,-26.97,57.176,421.8,51
2015-08-15 13:06:00,0.0,-4.4329,120.71,39.905,13.489,36.265,0.0,248.91,-0.00115,247.35,-4.4329,-0.28532,14.682,-26.97,-26.97,56.723,323.22,51
2015-08-15 13:07:00,0.0,-4.2032,119.95,39.956,13.488,36.284,-0.0001399999999999,247.66,-0.00158,245.9,-4.2032,-0.4238299999999999,14.661,-26.97,-26.97,55.565,273.59,51
2015-08-15 13:08:00,0.0,-5.0531,119.9,39.855,13.488,36.286,0.00029,248.1,-0.00158,246.44,-5.0531,-0.3180999999999999,14.613,-26.97,-26.97,54.293,261.15,51
2015-08-15 13:09:00,0.0,-3.8128,120.18,39.835,13.489,36.296,0.00029,248.87,-0.0012899999999999,247.27,-3.8128,-0.24786,14.182,-26.97,-26.97,53.271,255.98,51
2015-08-15 13:10:00,0.0,-4.8004,120.09,39.719,13.488,36.303,0.0001399999999999,249.48,-0.0012899999999999,247.91,-4.8004,-0.2845599999999999,14.831,-26.97,-26.97,52.392,250.06,51
2015-08-15 13:11:00,0.0,-3.8587,120.26,39.679,13.489,36.317,0.0001399999999999,250.09,-0.00115,248.54,-3.8587,-0.24944,15.292,-26.97,-26.97,51.896,247.79,51
2015-08-15 13:12:00,0.0,-4.8234,120.78,39.638,13.489,36.325,0.0001399999999999,250.55,-0.00072,249.13,-4.8234,-0.14271,15.782,-26.97,-26.97,51.549,246.77,51
2015-08-15 13:13:00,0.0,-5.076,120.52,39.541,13.489,36.322,0.0001399999999999,261.05,-0.00158,259.72,-5.076,-0.37536,13.062,-26.97,-26.97,51.966,595.65,51
2015-08-15 13:14:00,0.0,-4.5248,120.69,39.577,13.488,36.337,0.0005699999999999,263.39,-0.0012899999999999,262.3,-4.5248,-0.18659,13.895,-26.97,-26.97,54.825,825.48,51
2015-08-15 13:15:00,0.0,-4.0195,120.75,39.614,13.488,36.342,0.00072,263.1,-0.0012899999999999,261.84,-4.0195,-0.1494699999999999,14.392,-26.97,-26.97,56.993,943.45,51
2015-08-15 13:16:00,0.0,-4.5478,120.67,39.63,13.487,36.346,-0.0001399999999999,260.97,-0.00172,259.66,-4.5478,-0.4845999999999999,14.365,-26.97,-26.97,59.072,934.17,51
2015-08-15 13:17:00,0.0,-4.4329,120.85,39.585,13.487,36.361,-0.0001399999999999,256.51,-0.00144,255.1,-4.4329,-0.3997899999999999,14.525,-26.97,-26.97,60.253,769.7,51
2015-08-15 13:18:00,0.0,-4.4099,120.9,39.609,13.486,36.359,0.00029,246.51,-0.001,244.74,-4.4099,-0.17787,15.397,-26.97,-26.97,58.948,371.41,51
2015-08-15 13:19:00,0.0,-4.2492,120.67,39.607,13.486,36.361,0.00029,250.49,-0.00115,248.45,-4.2492,-0.20987,15.068,-26.97,-26.97,58.118,416.05,51
2015-08-15 13:20:00,0.0,-4.5248,120.76,39.474,13.486,36.373,0.0001399999999999,260.15,-0.00144,258.85,-4.5248,-0.33433,14.762,-26.97,-26.97,59.619,889.6599999999999,51
2015-08-15 13:21:00,0.0,-4.2492,120.69,39.413,13.486,36.375,0.0005699999999999,254.99,-0.0008599999999999,253.68,-4.2492,-0.07086,14.83,-26.97,-26.97,60.91,749.3099999999998,51
2015-08-15 13:22:00,0.0,-4.5018,120.85,39.44,13.486,36.38,0.0,257.59,-0.00115,256.2,-4.5018,-0.2941199999999999,14.587,-26.97,-26.97,62.089,889.5399999999998,51
2015-08-15 13:23:00,0.0,-4.2262,120.76,39.479,13.485,36.393,0.0004299999999999,256.56,-0.0012899999999999,255.09,-4.2262,-0.21914,14.606,-26.97,-26.97,63.167,905.0100000000001,51
2015-08-15 13:24:00,0.0,-4.3181,120.65,39.601,13.485,36.393,-0.00029,255.25,-0.00115,253.66,-4.3181,-0.3641099999999999,14.616,-26.97,-26.97,64.46,897.77,51
2015-08-15 13:25:00,0.0,-4.4559,120.76,39.751,13.486,36.405,0.0001399999999999,253.76,-0.001,252.12,-4.4559,-0.21639,14.81,-26.97,-26.97,65.589,859.3099999999998,51
2015-08-15 13:26:00,0.0,-4.387,120.63,39.861,13.484,36.41,0.0001399999999999,251.11,-0.00158,249.61,-4.387,-0.35757,15.504,-26.97,-26.97,66.005,703.4,51
2015-08-15 13:27:00,0.0,-4.1343,120.66,39.838,13.485,36.411,0.00029,248.73,-0.00115,247.04,-4.1343,-0.21304,14.802,-26.97,-26.97,65.592,588.08,51
2015-08-15 13:28:00,0.0,-4.341,120.7,39.889,13.485,36.423,0.00029,247.66,-0.0008599999999999,246.11,-4.341,-0.14066,14.259,-26.97,-26.97,64.702,536.21,51
2015-08-15 13:29:00,0.0,-4.364,120.64,39.954,13.483,36.429,0.0005699999999999,250.86,-0.0012899999999999,249.13,-4.364,-0.17702,14.445,-26.97,-26.97,64.068,605.08,51
2015-08-15 13:30:00,0.0,-4.7085,120.69,40.087,13.484,36.431,0.0,252.16,-0.00158,250.68,-4.7085,-0.39594,13.929,-26.97,-26.97,64.719,698.76,51
2015-08-15 13:31:00,0.0,-4.5018,120.59,40.257,13.485,36.445,0.0004299999999999,251.82,-0.0008599999999999,250.42,-4.5018,-0.10714,14.329,-26.97,-26.97,65.697,740.52,51
2015-08-15 13:32:00,0.0,-4.4329,120.65,40.462,13.484,36.45,0.00029,249.83,-0.00072,248.51,-4.4329,-0.10677,14.216,-26.97,-26.97,66.295,669.25,51
2015-08-15 13:33:00,0.0,-4.5937,120.36,40.428,13.485,36.455,0.00029,244.59,-0.0012899999999999,243.49,-4.5937,-0.2444099999999999,14.11,-26.97,-26.97,65.883,479.58,51
2015-08-15 13:34:00,0.0,-4.4099,120.49,40.021,13.484,36.472,0.0001399999999999,247.08,-0.00144,246.0,-4.4099,-0.3184699999999999,13.883,-26.97,-26.97,64.909,495.49,51
2015-08-15 13:35:00,0.0,-4.7774,119.99,39.537,13.485,36.471,0.00072,246.69,-0.00158,245.57,-4.7774,-0.20866,13.794,-26.97,-26.97,64.127,457.42,51
2015-08-15 13:36:00,0.0,-5.2828,120.05,39.097,13.485,36.477,0.00029,248.74,-0.00172,248.35,-5.2828,-0.3556099999999999,13.749,-26.97,-26.97,64.413,543.55,51
2015-08-15 13:37:00,0.0,-4.6856,120.33,38.732,13.485,36.491,0.00029,248.47,-0.00144,247.88,-4.6856,-0.28432,14.251,-26.97,-26.97,63.908,507.55,51
2015-08-15 13:38:00,0.0,-3.9735,120.3,38.79,13.484,36.493,0.00029,244.85,-0.00158,244.1,-3.9735,-0.3154299999999999,14.702,-26.97,-26.97,62.466,385.63,51
2015-08-15 13:39:00,0.0,-4.5478,120.38,38.869,13.484,36.51,-0.0001399999999999,245.14,-0.00115,244.19,-4.5478,-0.31723,14.227,-26.97,-26.97,60.819,325.32,51
2015-08-15 13:40:00,0.0,-5.1679,120.77,38.947,13.484,36.512,0.00029,245.12,-0.0012899999999999,244.1,-5.1679,-0.24546,13.384,-26.97,-26.97,59.374,309.7,51
2015-08-15 13:41:00,0.0,-4.0424,120.78,39.028,13.485,36.519,0.0001399999999999,243.32,-0.0008599999999999,242.06,-4.0424,-0.1735899999999999,15.871,-26.97,-26.97,57.634,231.83,51
2015-08-15 13:42:00,0.0,-4.1113,119.93,38.949,13.485,36.532,0.00072,243.97,-0.00115,242.4,-4.1113,-0.10335,16.128,-26.97,-26.97,55.619,208.58,51
2015-08-15 13:43:00,0.0,-5.3976,119.8,38.878,13.483,36.532,0.0,244.58,-0.00172,243.12,-5.3976,-0.4188,15.01,-26.97,-26.97,54.268,194.69,51
2015-08-15 13:44:00,0.0,-4.2951,119.77,38.865,13.484,36.544,0.0004299999999999,245.21,-0.00172,243.72,-4.2951,-0.3143199999999999,14.553,-26.97,-26.97,53.062,186.44,51
2015-08-15 13:45:00,0.0,-4.0884,120.43,38.791,13.483,36.553,0.0001399999999999,246.03,-0.00115,244.59,-4.0884,-0.24551,14.034,-26.97,-26.97,51.84,179.78,51
2015-08-15 13:46:00,0.0,-3.9276,120.71,38.703,13.483,36.553,-0.0001399999999999,246.59,-0.0008599999999999,245.24,-3.9276,-0.24656,14.608,-26.97,-26.97,50.869,172.73,51
2015-08-15 13:47:00,0.0,-3.652,120.35,38.613,13.483,36.555,0.0004299999999999,247.16,-0.0012899999999999,245.73,-3.652,-0.2109399999999999,14.794,-26.97,-26.97,49.665,166.69,51
2015-08-15 13:48:00,0.0,-5.3287,120.48,38.588,13.483,36.567,0.0,247.44,-0.00144,246.15,-5.3287,-0.35335,14.217,-26.97,-26.97,49.016,160.24,51
2015-08-15 13:49:00,0.0,-3.9276,120.42,38.675,13.483,36.574,-0.0001399999999999,247.51,-0.0008599999999999,246.24,-3.9276,-0.24765,15.032,-26.97,-26.97,48.516,154.16,51
2015-08-15 13:50:00,0.0,-4.341,120.48,38.675,13.482,36.574,0.001,247.68,-0.001,246.48,-4.341,0.00125,14.357,-26.97,-26.97,48.014,150.52,51
2015-08-15 13:51:00,0.0,-4.5707,120.49,38.677,13.482,36.581,0.0004299999999999,248.16,-0.0008599999999999,246.99,-4.5707,-0.10596,15.128,-26.97,-26.97,47.564,149.96,51
2015-08-15 13:52:00,0.0,-4.7315,120.4,38.728,13.483,36.593,0.0008599999999999,248.84,-0.0008599999999999,247.72,-4.7315,0.00096,14.664,-26.97,-26.97,47.202,152.58,51
2015-08-15 13:53:00,0.0,-4.7545,120.32,38.703,13.483,36.594,0.0001399999999999,249.54,-0.0012899999999999,248.47,-4.7545,-0.2851699999999999,14.803,-26.97,-26.97,46.762,155.48,51
2015-08-15 13:54:00,0.0,-4.6167,120.23,38.69,13.483,36.595,0.0004299999999999,250.32,-0.0012899999999999,249.27,-4.6167,-0.21412,14.856,-26.97,-26.97,46.449,159.78,51
2015-08-15 13:55:00,0.0,-5.122,120.46,38.53,13.482,36.594,0.0,250.92,-0.00115,249.92,-5.122,-0.28702,13.955,-26.97,-26.97,46.052,163.58,51
2015-08-15 13:56:00,0.0,-4.4559,120.28,38.42,13.483,36.598,0.0005699999999999,251.45,-0.0008599999999999,250.49,-4.4559,-0.07141,14.446,-26.97,-26.97,45.791,167.12,51
2015-08-15 13:57:00,0.0,-4.7085,120.38,38.202,13.482,36.622,-0.00029,252.12,-0.0008599999999999,251.2,-4.7085,-0.2888399999999999,14.378,-26.97,-26.97,45.547,171.53,51
2015-08-15 13:58:00,0.0,-4.387,120.23,37.965,13.482,36.632,0.0,252.55,-0.0005699999999999,251.75,-4.387,-0.14451,14.873,-26.97,-26.97,45.287,168.4,51
2015-08-15 13:59:00,0.0,-4.6625,120.32,37.03,13.482,36.636,0.0,253.24,-0.001,252.71,-4.6625,-0.2539699999999999,14.944,-26.97,-26.97,45.046,160.78,51
2015-08-15 14:00:00,0.0,-4.1573,120.31,36.008,13.482,36.636,0.0005699999999999,253.78,-0.0008599999999999,253.4,-4.1573,-0.0725299999999999,15.578,-26.97,-26.97,44.761,157.68,51
2015-08-15 14:01:00,0.0,-4.7315,120.34,35.434,13.482,36.636,0.0001399999999999,253.87,-0.00072,253.65,-4.7315,-0.1456,15.866,-26.97,-26.97,44.652,170.59,51
2015-08-15 14:02:00,0.0,-4.5247,120.13,35.234,13.482,36.636,0.00029,254.01,-0.0008599999999999,253.72,-4.5247,-0.1456099999999999,14.612,-26.97,-26.97,44.467,171.58,51
2015-08-15 14:03:00,0.0,-4.341,120.35,35.127,13.482,36.636,0.0001399999999999,253.96,-0.0012899999999999,253.77,-4.341,-0.2913999999999999,15.189,-26.97,-26.97,44.356,163.09,51
2015-08-15 14:04:00,0.0,-4.6625,120.48,34.858,13.482,36.636,0.0008599999999999,253.81,-0.0008599999999999,253.74,-4.6625,4e-05,14.566,-26.97,-26.97,44.203,156.65,51
2015-08-15 14:05:00,0.0,-4.2721,120.14,34.688,13.482,36.636,0.0004299999999999,253.58,-0.001,253.49,-4.2721,-0.1454699999999999,14.693,-26.97,-26.97,44.019,153.95,51
2015-08-15 14:06:00,0.0,-4.4788,120.42,34.57,13.482,36.638,-0.00072,253.35,-0.0008599999999999,253.27,-4.4788,-0.39999,14.726,-26.97,-26.97,43.97,154.12,51
2015-08-15 14:07:00,0.0,-4.5707,120.17,34.521,13.482,36.65,0.00072,253.25,-0.0008599999999999,253.15,-4.5707,-0.0362699999999999,14.916,-26.97,-26.97,43.775,143.01,51
2015-08-15 14:08:00,0.0,-4.4329,120.32,34.409,13.482,36.653,0.0,253.02,-0.0005699999999999,252.93,-4.4329,-0.1452199999999999,14.883,-26.97,-26.97,43.581,140.31,51
2015-08-15 14:09:00,0.0,-4.5247,120.19,34.237,13.482,36.657,0.0005699999999999,252.9,-0.001,252.88,-4.5247,-0.10893,15.158,-26.97,-26.97,43.332,134.79,51
2015-08-15 14:10:00,0.0,-4.3869,120.23,34.076,13.481,36.657,0.00029,252.77,-0.0008599999999999,252.77,-4.3869,-0.14515,15.201,-26.97,-26.97,43.061,132.21,51
2015-08-15 14:11:00,0.0,-4.6396,120.15,33.958,13.482,36.657,0.0001399999999999,252.48,-0.001,252.52,-4.6396,-0.21751,15.266,-26.97,-26.97,42.873,133.5,51
2015-08-15 14:12:00,0.0,-4.1112,120.21,33.826,13.482,36.656,0.0001399999999999,252.86,-0.00144,252.91,-4.1112,-0.32682,14.313,-26.97,-26.97,42.452,125.36,51
2015-08-15 14:13:00,0.0,-4.3638,120.38,33.69,13.481,36.657,0.0,253.17,-0.001,253.29,-4.3638,-0.2545799999999999,14.973,-26.97,-26.97,42.181,127.75,51
2015-08-15 14:14:00,0.0,-4.7313,120.43,33.567,13.482,36.656,0.0,253.46,-0.0005699999999999,253.68,-4.7313,-0.1456899999999999,14.859,-26.97,-26.97,41.97,130.01,51
2015-08-15 14:15:00,0.0,-4.3638,120.59,33.602,13.482,36.657,0.0,253.5,-0.0004299999999999,253.78,-4.3638,-0.10931,14.848,-26.97,-26.97,41.956,139.68,51
2015-08-15 14:16:00,0.0,-4.1341,120.52,33.675,13.482,36.657,0.001,253.41,-0.0008599999999999,253.66,-4.1341,0.03619,15.596,-26.97,-26.97,41.889,138.72,51
2015-08-15 14:17:00,0.0,-4.6854,120.67,33.749,13.482,36.657,0.0005699999999999,253.33,-0.001,253.52,-4.6854,-0.10928,15.107,-26.97,-26.97,41.793,136.44,51
2015-08-15 14:18:00,0.0,-4.6853,120.58,33.892,13.482,36.657,0.00072,253.36,-0.001,253.48,-4.6853,-0.0728599999999999,15.186,-26.97,-26.97,41.518,135.05,51
2015-08-15 14:19:00,0.0,-5.1677,120.13,34.024,13.482,36.657,0.0005699999999999,253.5,-0.0012899999999999,253.58,-5.1677,-0.18206,15.236,-26.97,-26.97,41.393,134.27,51
2015-08-15 14:20:00,0.0,-5.0297,120.06,34.14,13.482,36.657,-0.0001399999999999,253.86,-0.00172,253.86,-5.0297,-0.47364,15.05,-26.97,-26.97,41.338,136.84,51
2015-08-15 14:21:00,0.0,-5.0758,120.69,34.257,13.481,36.657,0.00029,254.79,-0.00144,254.76,-5.0758,-0.2923799999999999,15.366,-26.97,-26.97,41.155,144.39,51
2015-08-15 14:22:00,0.0,-5.0299,120.69,34.38,13.482,36.657,0.00029,255.92,-0.0008599999999999,255.91,-5.0299,-0.14709,15.204,-26.97,-26.97,41.146,155.33,51
2015-08-15 14:23:00,0.0,-5.3283,120.52,34.488,13.482,36.655,0.0,257.32,-0.001,257.3,-5.3283,-0.2586,14.979,-26.97,-26.97,41.229,171.71,51
2015-08-15 14:24:00,0.0,-4.3408,120.14,34.602,13.482,36.657,0.0004299999999999,260.97,-0.00144,260.98,-4.3408,-0.26222,15.969,-26.97,-26.97,41.503,222.71,51
2015-08-15 14:25:00,0.0,-3.9046,120.85,34.76,13.482,36.653,0.00029,268.13,-0.00072,268.39,-3.9046,-0.11577,16.848,-26.97,-26.97,42.84,425.45,51
2015-08-15 14:26:00,0.0,-4.2949,120.46,34.903,13.482,36.644,0.00029,262.94,-0.0012899999999999,262.93,-4.2949,-0.26516,16.416,-26.97,-26.97,43.732,315.43,51
2015-08-15 14:27:00,0.0,-4.5935,120.04,35.054,13.482,36.643,0.0001399999999999,259.0,-0.00115,258.85,-4.5935,-0.2600799999999999,14.655,-26.97,-26.97,44.007,248.43,51
2015-08-15 14:28:00,0.0,-4.1111,120.69,35.234,13.482,36.643,0.00029,258.19,-0.00115,257.97,-4.1111,-0.22212,15.467,-26.97,-26.97,44.087,225.46,51
2015-08-15 14:29:00,0.0,-4.1112,120.35,35.388,13.482,36.636,0.0005699999999999,261.95,-0.0012899999999999,261.46,-4.1112,-0.18861,15.266,-26.97,-26.97,44.328,303.91,51
2015-08-15 14:30:00,0.0,-4.4786,120.8,35.528,13.482,36.636,0.0004299999999999,260.98,-0.0012899999999999,261.07,-4.4786,-0.22719,15.095,-26.97,-26.97,45.426,359.24,51
2015-08-15 14:31:00,0.0,-4.4326,120.57,35.696,13.482,36.636,0.00072,267.77,-0.001,267.45,-4.4326,-0.08093,14.832,-26.97,-26.97,46.276,561.88,51
2015-08-15 14:32:00,0.0,-4.203,120.8,35.932,13.482,36.636,0.0001399999999999,268.95,-0.00115,268.73,-4.203,-0.26978,15.071,-26.97,-26.97,48.808,740.5299999999999,51
2015-08-15 14:33:00,0.0,-4.4556,120.56,36.114,13.482,36.636,0.00029,267.14,-0.0012899999999999,266.78,-4.4556,-0.26795,15.146,-26.97,-26.97,50.526,751.83,51
2015-08-15 14:34:00,0.0,-4.3867,120.87,36.32,13.482,36.636,0.00029,257.54,-0.00072,257.23,-4.3867,-0.11956,15.22,-26.97,-26.97,51.241,486.43,51
2015-08-15 14:35:00,0.0,-4.7541,120.29,36.48,13.482,36.636,0.0001399999999999,263.75,-0.00115,263.14,-4.7541,-0.26407,14.955,-26.97,-26.97,51.606,623.9,51
2015-08-15 14:36:00,0.0,-4.5016,120.65,36.623,13.481,36.636,0.0001399999999999,264.09,-0.00115,263.56,-4.5016,-0.2647999999999999,15.299,-26.97,-26.97,53.141,733.0299999999999,51
2015-08-15 14:37:00,0.0,-3.6287,120.56,36.691,13.482,36.636,0.0005699999999999,262.24,-0.00115,261.65,-3.6287,-0.1503299999999999,15.087,-26.97,-26.97,54.057,675.13,51
2015-08-15 14:38:00,0.0,-4.846,120.14,36.645,13.482,36.638,0.0,261.78,-0.00172,261.03,-4.846,-0.4496499999999999,15.092,-26.97,-26.97,54.879,712.23,51
2015-08-15 14:39:00,0.0,-5.2134,120.17,36.734,13.482,36.639,0.0001399999999999,260.24,-0.00172,259.3,-5.2134,-0.4091099999999999,14.795,-26.97,-26.97,55.02,651.33,51
2015-08-15 14:40:00,0.0,-4.7082,120.38,36.891,13.482,36.643,0.0,259.88,-0.00172,258.73,-4.7082,-0.44574,15.096,-26.97,-26.97,54.418,605.67,51
2015-08-15 14:41:00,0.0,-3.8355,120.7,37.021,13.482,36.651,0.0,261.85,-0.0012899999999999,261.03,-3.8355,-0.3370699999999999,15.815,-26.97,-26.97,55.142,714.86,51
2015-08-15 14:42:00,0.0,-3.491,120.5,37.03,13.482,36.653,0.0005699999999999,255.4,-0.00158,254.86,-3.491,-0.2573099999999999,15.582,-26.97,-26.97,54.949,473.46,51
2015-08-15 14:43:00,0.0,-3.3992,120.46,37.121,13.482,36.656,0.00115,261.76,-0.00115,260.74,-3.3992,0.00124,15.611,-26.97,-26.97,54.775,689.79,51
2015-08-15 14:44:00,0.0,-4.3866,120.58,37.157,13.482,36.655,0.0001399999999999,253.92,-0.001,253.06,-4.3866,-0.22774,15.376,-26.97,-26.97,55.13,509.38,51
2015-08-15 14:45:00,0.0,-3.8814,120.12,37.229,13.482,36.655,0.0012899999999999,245.57,-0.0012899999999999,244.17,-3.8814,0.0018799999999999,15.379,-26.97,-26.97,53.255,197.86,51
2015-08-15 14:46:00,0.0,-4.8919,120.63,37.265,13.482,36.657,0.00029,246.58,-0.00158,245.29,-4.8919,-0.3160999999999999,15.543,-26.97,-26.97,51.791,189.09,51
2015-08-15 14:47:00,0.0,-4.0652,120.09,37.367,13.482,36.655,0.00072,251.03,-0.00144,249.65,-4.0652,-0.17818,15.678,-26.97,-26.97,50.786,233.74,51
2015-08-15 14:48:00,0.0,-5.1215,120.74,37.437,13.482,36.653,0.0001399999999999,261.41,-0.00115,260.64,-5.1215,-0.2614,15.187,-26.97,-26.97,51.351,511.88,51
2015-08-15 14:49:00,0.0,-4.5704,120.56,37.521,13.482,36.657,0.00072,262.71,-0.0012899999999999,261.81,-4.5704,-0.14932,15.232,-26.97,-26.97,53.114,651.7,51
2015-08-15 14:50:00,0.0,-4.0651,120.91,37.609,13.482,36.653,0.00029,261.0,-0.0008599999999999,260.13,-4.0651,-0.1491899999999999,15.448,-26.97,-26.97,54.561,650.36,51
2015-08-15 14:51:00,0.0,-4.7771,120.38,37.764,13.482,36.651,-0.0005699999999999,258.99,-0.00172,257.98,-4.7771,-0.59304,15.035,-26.97,-26.97,55.789,618.3,51
2015-08-15 14:52:00,0.0,-4.0421,120.75,37.949,13.482,36.651,0.00029,247.53,-0.001,246.57,-4.0421,-0.17852,15.487,-26.97,-26.97,55.644,315.87,51
2015-08-15 14:53:00,0.0,-3.4221,120.3,38.054,13.482,36.651,0.0004299999999999,243.76,-0.00144,242.55,-3.4221,-0.24309,15.64,-26.97,-26.97,54.378,189.57,51
2015-08-15 14:54:00,0.0,-4.5244,120.45,38.132,13.482,36.653,-0.0001399999999999,244.05,-0.00158,242.98,-4.5244,-0.41869,14.571,-26.97,-26.97,53.139,179.36,51
2015-08-15 14:55:00,0.0,-4.2029,120.42,38.199,13.482,36.653,0.001,244.26,-0.001,243.14,-4.2029,0.00115,15.657,-26.97,-26.97,51.344,164.53,51
2015-08-15 14:56:00,0.0,-4.7312,120.52,38.12,13.482,36.653,0.00072,244.75,-0.001,243.63,-4.7312,-0.06912,15.276,-26.97,-26.97,50.047,152.51,51
2015-08-15 14:57:00,0.0,-4.2258,120.27,38.109,13.482,36.655,0.0004299999999999,245.01,-0.001,243.9,-4.2258,-0.13958,14.519,-26.97,-26.97,48.965,141.65,51
2015-08-15 14:58:00,0.0,-4.3406,120.35,38.008,13.482,36.656,0.0004299999999999,245.24,-0.00072,244.18,-4.3406,-0.0695899999999999,15.18,-26.97,-26.97,48.039,132.55,51
2015-08-15 14:59:00,0.0,-4.5933,120.36,37.912,13.482,36.657,0.0004299999999999,245.95,-0.00072,244.83,-4.5933,-0.06969,15.255,-26.97,-26.97,46.867,128.28,51
2015-08-15 15:00:00,0.0,-4.5933,120.58,37.732,13.482,36.657,0.00029,247.14,-0.001,246.04,-4.5933,-0.17619,15.097,-26.97,-26.97,45.688,126.8,51
2015-08-15 15:01:00,0.0,-4.3406,120.32,37.469,13.482,36.657,0.0005699999999999,248.5,-0.0008599999999999,247.35,-4.3406,-0.0704199999999999,14.986,-26.97,-26.97,44.665,128.39,51
2015-08-15 15:02:00,0.0,-4.5933,120.34,37.331,13.482,36.657,0.0,249.76,-0.0008599999999999,248.68,-4.5933,-0.21428,15.08,-26.97,-26.97,44.091,131.28,51
2015-08-15 15:03:00,0.0,-4.7081,120.36,37.269,13.482,36.657,0.0005699999999999,250.77,-0.0008599999999999,249.74,-4.7081,-0.07112,15.197,-26.97,-26.97,43.717,135.21,51
2015-08-15 15:04:00,0.0,-4.0192,120.18,37.201,13.482,36.656,0.0008599999999999,251.29,-0.00115,250.29,-4.0192,-0.07093,16.53,-26.97,-26.97,43.508,137.32,51
2015-08-15 15:05:00,0.0,-4.7081,120.07,37.054,13.482,36.655,0.00029,251.78,-0.0012899999999999,250.84,-4.7081,-0.2516999999999999,15.486,-26.97,-26.97,42.977,138.13,51
2015-08-15 15:06:00,0.0,-4.2947,120.3,36.888,13.482,36.657,0.00072,252.3,-0.0008599999999999,251.34,-4.2947,-0.0354599999999999,17.085,-26.97,-26.97,42.612,138.31,51
2015-08-15 15:07:00,0.0,-4.5244,120.33,36.75,13.482,36.655,0.0004299999999999,252.9,-0.001,251.94,-4.5244,-0.14419,16.852,-26.97,-26.97,42.164,139.28,51
2015-08-15 15:08:00,0.0,-4.731,120.19,36.621,13.482,36.655,0.0,253.48,-0.00144,252.47,-4.731,-0.3623799999999999,16.654,-26.97,-26.97,41.745,140.22,51
2015-08-15 15:09:00,0.0,-4.4095,120.41,36.516,13.482,36.643,-0.00029,253.65,-0.00072,252.66,-4.4095,-0.25413,15.874,-26.97,-26.97,41.423,137.99,51
2015-08-15 15:10:00,0.0,-4.5015,120.18,36.489,13.482,36.639,0.0005699999999999,253.44,-0.001,252.47,-4.5015,-0.1081899999999999,15.313,-26.97,-26.97,41.215,133.22,51
2015-08-15 15:11:00,0.0,-4.5244,120.52,36.473,13.482,36.636,0.00029,252.97,-0.0008599999999999,252.03,-4.5244,-0.1445299999999999,15.753,-26.97,-26.97,41.048,127.32,51
2015-08-15 15:12:00,0.0,-4.754,120.3,36.454,13.482,36.636,0.0005699999999999,252.52,-0.0005699999999999,251.57,-4.754,0.0005599999999999,15.475,-26.97,-26.97,40.842,122.05,51
2015-08-15 15:13:00,0.0,-4.3636,120.51,36.41,13.482,36.636,0.00072,251.99,-0.0008599999999999,251.05,-4.3636,-0.0353899999999999,15.693,-26.97,-26.97,40.588,116.47,51
2015-08-15 15:14:00,0.0,-4.3636,120.38,36.408,13.482,36.636,0.0008599999999999,251.4,-0.001,250.47,-4.3636,-0.03509,15.238,-26.97,-26.97,40.329,110.36,51
2015-08-15 15:15:00,0.0,-3.8584,120.49,36.389,13.482,36.636,0.0008599999999999,250.94,-0.0012899999999999,250.02,-3.8584,-0.10692,15.68,-26.97,-26.97,40.048,105.55,51
2015-08-15 15:16:00,0.0,-4.7771,120.37,36.294,13.482,36.636,0.0,250.69,-0.0005699999999999,249.85,-4.7771,-0.14346,15.714,-26.97,-26.97,39.761,102.98,51
2015-08-15 15:17:00,0.0,-3.8584,120.47,36.239,13.482,36.636,0.001,250.67,-0.0004299999999999,249.77,-3.8584,0.1443099999999999,15.592,-26.97,-26.97,39.447,101.69,51
2015-08-15 15:18:00,0.0,-4.9148,120.71,36.161,13.482,36.636,0.0001399999999999,250.71,0.0,249.87,-4.9148,0.0359799999999999,15.455,-26.97,-26.97,39.273,100.93,51
2015-08-15 15:19:00,0.0,-4.5704,120.96,36.167,13.482,36.636,0.0001399999999999,251.01,-0.00072,250.2,-4.5704,-0.14349,15.552,-26.97,-26.97,39.124,101.97,51
2015-08-15 15:20:00,0.0,-4.2717,120.16,36.116,13.482,36.634,-0.00029,251.55,-0.001,250.71,-4.2717,-0.32421,15.766,-26.97,-26.97,38.942,105.18,51
2015-08-15 15:21:00,0.0,-3.7206,120.8,36.086,13.482,36.629,0.0004299999999999,257.49,-0.0005699999999999,256.54,-3.7206,-0.0325999999999999,15.307,-26.97,-26.97,38.977,167.95,51
2015-08-15 15:22:00,0.0,-4.0192,121.06,36.066,13.481,36.615,0.0004299999999999,269.81,-0.0008599999999999,269.4,-4.0192,-0.11606,15.815,-26.97,-26.97,40.399,469.6,51
2015-08-15 15:23:00,0.0,-5.0756,120.78,36.097,13.482,36.596,0.00029,268.47,-0.0004299999999999,267.94,-5.0756,-0.03812,15.192,-26.97,-26.97,41.872,485.57,51
2015-08-15 15:24:00,0.0,-4.1799,120.55,36.216,13.482,36.595,-0.0001399999999999,267.09,-0.00115,266.43,-4.1799,-0.34409,15.804,-26.97,-26.97,43.051,485.15,51
2015-08-15 15:25:00,0.0,-4.5933,120.68,36.306,13.482,36.594,-0.0001399999999999,266.03,-0.0008599999999999,265.29,-4.5933,-0.2666799999999999,15.846,-26.97,-26.97,44.256,484.48,51
2015-08-15 15:26:00,0.0,-4.3865,120.54,36.496,13.482,36.594,0.0008599999999999,265.02,-0.0008599999999999,264.21,-4.3865,0.0007699999999999,15.226,-26.97,-26.97,45.318,487.83,51
2015-08-15 15:27:00,0.0,-4.3636,120.47,36.659,13.482,36.594,0.0005699999999999,264.03,-0.0012899999999999,263.14,-4.3636,-0.18834,15.24,-26.97,-26.97,46.037,485.69,51
2015-08-15 15:28:00,0.0,-4.3177,120.58,36.814,13.482,36.594,0.0005699999999999,263.2,-0.001,262.27,-4.3177,-0.1123099999999999,15.556,-26.97,-26.97,46.76,484.84,51
2015-08-15 15:29:00,0.0,-4.5474,120.58,36.955,13.482,36.594,0.0001399999999999,262.59,-0.001,261.51,-4.5474,-0.2250699999999999,15.12,-26.97,-26.97,47.257,483.2,51
2015-08-15 15:30:00,0.0,-4.4554,120.4,37.077,13.481,36.594,0.00072,262.17,-0.0012899999999999,260.96,-4.4554,-0.14892,15.524,-26.97,-26.97,47.395,476.54,51
2015-08-15 15:31:00,0.0,-4.111,120.89,37.012,13.482,36.594,0.0001399999999999,261.9,-0.0005699999999999,260.8,-4.111,-0.11215,15.273,-26.97,-26.97,47.381,480.19,51
2015-08-15 15:32:00,0.0,-4.0881,120.48,36.972,13.482,36.595,0.0005699999999999,261.58,-0.001,260.52,-4.0881,-0.1116,15.384,-26.97,-26.97,47.706,476.1,51
2015-08-15 15:33:00,0.0,-5.0527,120.45,36.947,13.482,36.594,0.00029,261.09,-0.00115,260.04,-5.0527,-0.22362,15.171,-26.97,-26.97,48.139,472.61,51
2015-08-15 15:34:00,0.0,-4.1111,120.72,37.08,13.482,36.594,0.00029,260.65,-0.00072,259.53,-4.1111,-0.11142,15.73,-26.97,-26.97,47.95,468.78,51
2015-08-15 15:35:00,0.0,-5.4662,120.36,37.207,13.482,36.594,0.0,260.19,-0.001,259.08,-5.4662,-0.26023,15.133,-26.97,-26.97,47.712,464.84,51
2015-08-15 15:36:00,0.0,-5.2824,120.5,37.339,13.482,36.594,0.00029,259.69,-0.00158,258.55,-5.2824,-0.33366,14.953,-26.97,-26.97,47.675,461.41,51
2015-08-15 15:37:00,0.0,-3.7895,120.92,37.498,13.482,36.594,0.0008599999999999,259.15,-0.001,257.99,-3.7895,-0.0361199999999999,15.521,-26.97,-26.97,48.178,456.23,51
2015-08-15 15:38:00,0.0,-5.2824,120.35,37.49,13.482,36.594,0.0001399999999999,258.66,-0.00144,257.5,-5.2824,-0.3324599999999999,15.437,-26.97,-26.97,48.556,448.38,51
2015-08-15 15:39:00,0.0,-5.3742,120.16,37.488,13.482,36.594,0.0001399999999999,258.33,-0.00158,257.22,-5.3742,-0.36907,14.713,-26.97,-26.97,48.58,443.56,51
2015-08-15 15:40:00,0.0,-5.3052,120.6,37.567,13.482,36.594,0.0,258.13,-0.00115,257.03,-5.3052,-0.29519,15.245,-26.97,-26.97,48.625,435.78,51
2015-08-15 15:41:00,0.0,-5.0986,120.98,37.547,13.482,36.594,0.0001399999999999,257.89,-0.00072,256.78,-5.0986,-0.14727,15.173,-26.97,-26.97,48.689,429.86,51
2015-08-15 15:42:00,0.0,-4.6394,120.59,37.476,13.482,36.594,0.0001399999999999,258.01,-0.0008599999999999,256.96,-4.6394,-0.18432,15.04,-26.97,-26.97,48.443,428.88,51
2015-08-15 15:43:00,0.0,-3.3301,120.73,37.177,13.482,36.594,0.001,258.16,-0.00115,257.05,-3.3301,-0.03588,15.906,-26.97,-26.97,48.393,414.74,51
2015-08-15 15:44:00,0.0,-3.9043,120.25,36.951,13.482,36.594,-0.0005699999999999,257.01,-0.00158,255.94,-3.9043,-0.55084,15.529,-26.97,-26.97,48.319,393.71,51
2015-08-15 15:45:00,0.0,-5.3512,120.21,36.7,13.481,36.595,0.0004299999999999,255.7,-0.00172,254.77,-5.3512,-0.32794,15.432,-26.97,-26.97,48.068,361.58,51
2015-08-15 15:46:00,0.0,-4.892,120.65,36.476,13.48,36.594,0.00029,243.8,-0.0012899999999999,242.62,-4.892,-0.24346,15.155,-26.97,-26.97,46.953,125.95,51
2015-08-15 15:47:00,0.0,-4.2949,120.3,36.319,13.482,36.594,0.0004299999999999,244.8,-0.00144,243.56,-4.2949,-0.2445,15.477,-26.97,-26.97,45.719,120.42,51
2015-08-15 15:48:00,0.0,-5.0297,120.45,36.177,13.481,36.594,0.0001399999999999,253.25,-0.0012899999999999,252.09,-5.0297,-0.2862199999999999,14.939,-26.97,-26.97,44.389,218.22,51
2015-08-15 15:49:00,0.0,-4.203,120.37,35.948,13.482,36.594,0.0008599999999999,252.23,-0.0012899999999999,251.26,-4.203,-0.10699,15.967,-26.97,-26.97,43.58,202.08,51
2015-08-15 15:50:00,0.0,-3.8814,120.26,35.78,13.482,36.594,0.00115,249.37,-0.0012899999999999,248.23,-3.8814,-0.03357,15.763,-26.97,-26.97,42.769,138.02,51
2015-08-15 15:51:00,0.0,-5.4661,120.38,35.645,13.482,36.594,0.0001399999999999,249.11,-0.00144,248.18,-5.4661,-0.3205,15.856,-26.97,-26.97,42.212,120.66,51
2015-08-15 15:52:00,0.0,-4.2259,120.18,35.583,13.482,36.594,0.0,250.23,-0.001,249.32,-4.2259,-0.2505,15.933,-26.97,-26.97,41.817,125.07,51
2015-08-15 15:53:00,0.0,-3.9963,120.74,35.372,13.482,36.594,0.0005699999999999,251.14,-0.00115,250.28,-3.9963,-0.14324,16.117,-26.97,-26.97,41.531,129.89,51
2015-08-15 15:54:00,0.0,-4.4555,120.26,35.278,13.482,36.594,0.0,251.58,-0.00115,250.74,-4.4555,-0.28798,16.514,-26.97,-26.97,41.135,129.74,51
2015-08-15 15:55:00,0.0,-4.4785,120.57,35.16,13.482,36.594,0.0005699999999999,251.62,-0.0008599999999999,250.85,-4.4785,-0.0715999999999999,16.353,-26.97,-26.97,40.729,126.32,51
2015-08-15 15:56:00,0.0,-4.4555,120.55,35.114,13.482,36.594,0.00029,251.46,-0.00115,250.73,-4.4555,-0.21571,16.29,-26.97,-26.97,40.386,122.22,51
2015-08-15 15:57:00,0.0,-5.3054,120.58,35.074,13.482,36.594,0.00072,251.35,-0.001,250.57,-5.3054,-0.0713899999999999,15.973,-26.97,-26.97,40.066,116.97,51
2015-08-15 15:58:00,0.0,-3.5599,120.47,35.087,13.482,36.594,0.0004299999999999,251.41,-0.00072,250.64,-3.5599,-0.07162,16.149,-26.97,-26.97,39.779,113.3,51
2015-08-15 15:59:00,0.0,-3.9503,120.92,35.044,13.482,36.593,0.0005699999999999,251.6,-0.0012899999999999,250.9,-3.9503,-0.1797,15.839,-26.97,-26.97,39.569,112.38,51
2015-08-15 16:00:00,0.0,-5.3972,120.59,35.041,13.482,36.589,0.0001399999999999,251.81,-0.0012899999999999,251.11,-5.3972,-0.28827,15.558,-26.97,-26.97,39.321,111.86,51
2015-08-15 16:01:00,0.0,-5.5579,120.26,35.053,13.482,36.577,0.0,252.13,-0.00144,251.46,-5.5579,-0.3609499999999999,15.524,-26.97,-26.97,39.037,111.42,51
2015-08-15 16:02:00,0.0,-4.869,120.37,35.062,13.482,36.577,0.0004299999999999,252.4,-0.00158,251.68,-4.869,-0.28869,15.717,-26.97,-26.97,38.812,110.26,51
2015-08-15 16:03:00,0.0,-4.8689,120.84,35.043,13.481,36.574,0.00072,252.48,-0.00115,251.8,-4.8689,-0.10797,15.707,-26.97,-26.97,38.605,107.91,51
2015-08-15 16:04:00,0.0,-3.7665,120.63,35.066,13.482,36.574,0.00029,252.37,-0.00115,251.63,-3.7665,-0.21653,15.913,-26.97,-26.97,38.354,104.81,51
2015-08-15 16:05:00,0.0,-4.4556,120.71,35.046,13.482,36.574,0.00072,252.18,-0.001,251.48,-4.4556,-0.07173,15.869,-26.97,-26.97,38.283,101.71,51
2015-08-15 16:06:00,0.0,-4.7081,120.52,35.029,13.482,36.574,0.00072,252.0,-0.0012899999999999,251.31,-4.7081,-0.1438,15.641,-26.97,-26.97,38.061,99.088,51
2015-08-15 16:07:00,0.0,-4.3178,120.62,35.023,13.482,36.574,0.0008599999999999,251.91,-0.00115,251.23,-4.3178,-0.07152,15.752,-26.97,-26.97,37.867,96.35400000000001,51
2015-08-15 16:08:00,0.0,-4.4785,120.55,35.003,13.482,36.569,0.0005699999999999,251.75,-0.00115,251.03,-4.4785,-0.14371,16.072,-26.97,-26.97,37.695,93.739,51
2015-08-15 16:09:00,0.0,-4.18,120.46,34.996,13.482,36.553,0.0,251.5,-0.00144,250.81,-4.18,-0.35996,16.153,-26.97,-26.97,37.583,90.904,51
2015-08-15 16:10:00,0.0,-4.7082,120.42,34.97,13.482,36.553,0.00072,251.22,-0.001,250.6,-4.7082,-0.07144,15.898,-26.97,-26.97,37.489,88.284,51
2015-08-15 16:11:00,0.0,-4.249,120.54,34.986,13.482,36.553,0.0004299999999999,250.96,-0.0008599999999999,250.32,-4.249,-0.10747,16.496,-26.97,-26.97,37.369,86.057,51
2015-08-15 16:12:00,0.0,-4.4096,121.11,34.969,13.482,36.553,0.001,250.79,-0.0008599999999999,250.17,-4.4096,0.0365199999999999,16.09,-26.97,-26.97,37.327,84.11,51
2015-08-15 16:13:00,0.0,-4.5935,121.22,34.945,13.482,36.553,0.0004299999999999,250.66,-0.00144,250.07,-4.5935,-0.251,15.588,-26.97,-26.97,37.252,82.735,51
2015-08-15 16:14:00,0.0,-4.7541,120.78,34.928,13.482,36.545,0.0004299999999999,250.49,-0.00115,249.89,-4.7541,-0.1791,16.008,-26.97,-26.97,37.194,81.527,51
2015-08-15 16:15:00,0.0,-4.2719,120.76,34.972,13.482,36.532,0.00072,250.23,-0.001,249.63,-4.2719,-0.0712499999999999,16.219,-26.97,-26.97,37.127,80.03499999999998,51
2015-08-15 16:16:00,0.0,-4.6624,120.76,34.939,13.482,36.532,0.0004299999999999,249.96,-0.001,249.41,-4.6624,-0.14299,15.899,-26.97,-26.97,37.063,78.20699999999998,51
2015-08-15 16:17:00,0.0,-4.7771,120.61,34.955,13.482,36.533,0.0008599999999999,249.76,-0.0008599999999999,249.21,-4.7771,0.0004699999999999,16.115,-26.97,-26.97,37.009,77.11499999999998,51
2015-08-15 16:18:00,0.0,-4.2259,120.65,35.007,13.482,36.522,0.0004299999999999,249.61,-0.00072,249.05,-4.2259,-0.07126,15.839,-26.97,-26.97,36.972,76.226,51
2015-08-15 16:19:00,0.0,-3.4681,120.84,35.03,13.483,36.512,-0.0008599999999999,249.38,-0.001,248.75,-3.4681,-0.4647299999999999,16.542,-26.97,-26.97,36.913,74.918,51
2015-08-15 16:20:00,0.0,-4.7772,121.14,35.018,13.481,36.512,0.00144,249.01,-0.0008599999999999,248.49,-4.7772,0.14344,15.876,-26.97,-26.97,36.867,73.14,51
2015-08-15 16:21:00,0.0,-4.5704,120.56,35.04,13.482,36.512,0.00072,248.7,-0.0008599999999999,248.16,-4.5704,-0.03527,16.264,-26.97,-26.97,36.788,71.378,51
2015-08-15 16:22:00,0.0,-3.8815,121.16,35.01,13.482,36.507,0.00029,248.33,-0.00072,247.89,-3.8815,-0.1065799999999999,16.207,-26.97,-26.97,36.718,69.751,51
2015-08-15 16:23:00,0.0,-4.938,120.99,34.854,13.482,36.493,0.0,247.9,-0.00115,247.44,-4.938,-0.28416,15.88,-26.97,-26.97,36.579,67.989,51
2015-08-15 16:24:00,0.0,-4.6853,121.0,34.709,13.482,36.491,0.0001399999999999,247.42,-0.00144,246.98,-4.6853,-0.3190399999999999,15.218,-26.97,-26.97,36.484,65.908,51
2015-08-15 16:25:00,0.0,-5.0757,121.05,34.509,13.483,36.491,0.0005699999999999,247.08,-0.00072,246.66,-5.0757,-0.0352299999999999,16.019,-26.97,-26.97,36.393,64.284,51
2015-08-15 16:26:00,0.0,-4.6853,120.55,34.412,13.483,36.491,0.00029,247.06,-0.00072,246.63,-4.6853,-0.1061499999999999,15.957,-26.97,-26.97,36.267,63.745,51
2015-08-15 16:27:00,0.0,-3.4911,120.53,34.288,13.484,36.49,0.0,247.59,-0.00172,247.09,-3.4911,-0.4257099999999999,16.521,-26.97,-26.97,36.156,65.423,51
2015-08-15 16:28:00,0.0,-3.4222,120.62,34.176,13.484,36.478,0.00072,248.47,-0.00172,248.01,-3.4222,-0.24875,16.82,-26.97,-26.97,36.035,68.879,51
2015-08-15 16:29:00,0.0,-3.7896,121.04,34.086,13.483,36.471,0.0,249.32,-0.00115,248.97,-3.7896,-0.2856,16.244,-26.97,-26.97,35.969,72.605,51
2015-08-15 16:30:00,0.0,-4.8463,121.3,34.008,13.484,36.471,0.00029,250.16,-0.0004299999999999,249.91,-4.8463,-0.0357299999999999,16.253,-26.97,-26.97,35.862,76.783,51
2015-08-15 16:31:00,0.0,-4.0653,120.95,33.922,13.483,36.471,0.00072,251.56,-0.001,251.36,-4.0653,-0.0714899999999999,15.866,-26.97,-26.97,35.698,82.235,51
2015-08-15 16:32:00,0.0,-5.0989,121.35,33.805,13.483,36.471,-0.0001399999999999,258.73,-0.0004299999999999,259.47,-5.0989,-0.15001,16.284,-26.97,-26.97,35.809,96.995,51
2015-08-15 16:33:00,0.0,-4.2031,120.73,33.715,13.483,36.471,-0.0005699999999999,260.4,-0.00144,261.53,-4.2031,-0.52476,16.22,-26.97,-26.97,36.036,105.94,51
2015-08-15 16:34:00,0.0,-3.4911,121.43,33.514,13.483,36.459,-0.0004299999999999,260.22,-0.0008599999999999,261.19,-3.4911,-0.33711,16.594,-26.97,-26.97,36.167,112.92,51
2015-08-15 16:35:00,0.0,-4.6396,121.17,33.368,13.483,36.45,0.0,260.33,-0.00072,261.12,-4.6396,-0.18761,15.803,-26.97,-26.97,36.402,121.44,51
2015-08-15 16:36:00,0.0,-4.5018,121.16,33.289,13.483,36.45,0.0004299999999999,259.88,-0.00072,260.72,-4.5018,-0.0752599999999999,16.108,-26.97,-26.97,36.75,126.26,51
2015-08-15 16:37:00,0.0,-4.2261,121.17,33.236,13.483,36.45,-0.00029,259.16,-0.0008599999999999,259.9,-4.2261,-0.2980999999999999,17.406,-26.97,-26.97,37.108,126.88,51
2015-08-15 16:38:00,0.0,-4.5707,121.16,33.247,13.483,36.445,0.0005699999999999,257.61,-0.00072,257.98,-4.5707,-0.0372499999999999,15.988,-26.97,-26.97,37.241,123.13,51
2015-08-15 16:39:00,0.0,-4.5477,121.01,33.27,13.484,36.431,0.0,256.63,-0.001,256.95,-4.5477,-0.2581899999999999,18.134,-26.97,-26.97,37.329,118.64,51
2015-08-15 16:40:00,0.0,-4.2721,120.92,33.257,13.483,36.429,0.00072,254.79,-0.00115,254.84,-4.2721,-0.11037,17.767,-26.97,-26.97,37.355,109.91,51
2015-08-15 16:41:00,0.0,-4.6396,120.96,33.181,13.484,36.429,0.0001399999999999,251.19,-0.001,250.75,-4.6396,-0.21542,17.931,-26.97,-26.97,37.253,94.85100000000001,51
2015-08-15 16:42:00,0.0,-4.364,120.77,33.11,13.483,36.429,0.0001399999999999,249.41,-0.00072,248.92,-4.364,-0.1429199999999999,15.909,-26.97,-26.97,37.0,85.742,51
2015-08-15 16:43:00,0.0,-4.6166,120.79,33.067,13.484,36.414,0.0004299999999999,248.89,-0.001,248.41,-4.6166,-0.14241,17.425,-26.97,-26.97,36.676,81.062,51
2015-08-15 16:44:00,0.0,-4.1573,120.81,33.003,13.484,36.409,0.0008599999999999,248.74,-0.001,248.31,-4.1573,-0.03526,17.125,-26.97,-26.97,36.464,76.283,51
2015-08-15 16:45:00,0.0,-4.4559,120.82,32.929,13.484,36.409,0.0005699999999999,248.86,-0.0008599999999999,248.44,-4.4559,-0.07115,16.563,-26.97,-26.97,36.222,69.99,51
2015-08-15 16:46:00,0.0,-4.387,120.74,32.721,13.484,36.409,0.0,248.76,-0.00115,248.39,-4.387,-0.2852299999999999,17.665,-26.97,-26.97,35.922,65.912,51
2015-08-15 16:47:00,0.0,-4.5248,120.68,32.486,13.484,36.388,0.0005699999999999,248.67,-0.0008599999999999,248.41,-4.5248,-0.07116,16.888,-26.97,-26.97,35.544,63.01,51
2015-08-15 16:48:00,0.0,-4.6856,120.84,32.164,13.485,36.388,-0.0001399999999999,248.52,-0.0008599999999999,248.33,-4.6856,-0.2495999999999999,17.406,-26.97,-26.97,35.216,61.435,51
2015-08-15 16:49:00,0.0,-3.6979,120.62,31.841,13.484,36.388,0.0001399999999999,248.31,-0.00158,248.03,-3.6979,-0.35602,17.283,-26.97,-26.97,34.869,58.566,51
2015-08-15 16:50:00,0.0,-3.3534,120.92,31.665,13.485,36.373,0.00072,248.15,-0.0012899999999999,247.94,-3.3534,-0.1421999999999999,17.642,-26.97,-26.97,34.584,59.053,51
2015-08-15 16:51:00,0.0,-3.3534,120.93,31.542,13.485,36.368,0.0001399999999999,247.86,-0.0012899999999999,247.63,-3.3534,-0.28437,18.231,-26.97,-26.97,34.336,57.139,51
2015-08-15 16:52:00,0.0,-3.4682,121.24,31.417,13.485,36.363,0.0,247.71,-0.0012899999999999,247.57,-3.4682,-0.31983,18.021,-26.97,-26.97,34.108,54.927,51
2015-08-15 16:53:00,0.0,-3.606,121.22,31.261,13.485,36.347,0.001,247.68,-0.00115,247.52,-3.606,-0.03536,18.146,-26.97,-26.97,33.871,55.093,51
2015-08-15 16:54:00,0.0,-4.9842,121.48,31.068,13.485,36.342,0.00072,247.63,-0.00072,247.59,-4.9842,2e-05,17.884,-26.97,-26.97,33.643,54.877,51
2015-08-15 16:55:00,0.0,-5.2828,121.35,30.961,13.484,36.327,0.0001399999999999,247.49,-0.001,247.48,-5.2828,-0.2131099999999999,18.347,-26.97,-26.97,33.516,53.786,51
2015-08-15 16:56:00,0.0,-4.6167,121.53,30.903,13.485,36.323,0.00072,247.03,-0.00158,247.08,-4.6167,-0.2128599999999999,18.099,-26.97,-26.97,33.359,51.84,51
2015-08-15 16:57:00,0.0,-3.3993,121.02,30.851,13.485,36.306,0.0,246.46,-0.001,246.41,-3.3993,-0.24745,18.252,-26.97,-26.97,33.192,49.508,51
2015-08-15 16:58:00,0.0,-4.5248,120.74,30.781,13.485,36.306,0.0001399999999999,245.72,-0.00158,245.72,-4.5248,-0.35271,18.318,-26.97,-26.97,33.048,46.857,51
2015-08-15 16:59:00,0.0,-3.9506,121.58,30.721,13.485,36.286,0.0005699999999999,244.75,-0.00029,244.82,-3.9506,0.07043,18.542,-26.97,-26.97,32.846,43.972,51
2015-08-15 17:00:00,0.0,-4.9153,121.48,30.624,13.485,36.279,0.0001399999999999,243.76,-0.00115,243.88,-4.9153,-0.24521,18.323,-26.97,-26.97,32.64,40.953,51
2015-08-15 17:01:00,0.0,-4.1343,121.34,30.553,13.485,36.265,0.0,242.84,-0.00115,242.95,-4.1343,-0.27909,18.56,-26.97,-26.97,32.488,38.268,51
2015-08-15 17:02:00,0.0,-4.8923,120.21,30.515,13.485,36.253,0.00029,242.04,-0.0012899999999999,242.14,-4.8923,-0.2432199999999999,18.665,-26.97,-26.97,32.322,36.406,51
2015-08-15 17:03:00,0.0,-3.6749,120.31,30.486,13.486,36.243,0.0004299999999999,241.3,-0.00115,241.34,-3.6749,-0.1733399999999999,18.975,-26.97,-26.97,32.175,34.56,51
2015-08-15 17:04:00,0.0,-4.5478,120.73,30.441,13.487,36.224,0.0004299999999999,240.68,-0.001,240.78,-4.5478,-0.1383399999999999,18.723,-26.97,-26.97,31.995,33.537,51
2015-08-15 17:05:00,0.0,-4.8923,119.88,30.432,13.486,36.219,0.0,240.08,-0.0008599999999999,240.13,-4.8923,-0.2066,19.164,-26.97,-26.97,31.865,31.541,51
2015-08-15 17:06:00,0.0,-4.5248,120.07,30.411,13.487,36.204,0.0,239.09,-0.0012899999999999,239.13,-4.5248,-0.30897,19.144,-26.97,-26.97,31.736,30.367,51
2015-08-15 17:07:00,0.0,-4.6856,120.04,30.387,13.487,36.187,0.0004299999999999,237.75,-0.00144,237.72,-4.6856,-0.23874,17.772,-26.97,-26.97,31.586,27.498,51
2015-08-15 17:08:00,0.0,-4.2492,120.07,30.358,13.488,36.18,0.0004299999999999,236.48,-0.0012899999999999,236.38,-4.2492,-0.20362,17.769,-26.97,-26.97,31.467,25.283,51
2015-08-15 17:09:00,0.0,-4.5707,120.0,30.318,13.489,36.165,0.0004299999999999,235.55,-0.00115,235.46,-4.5707,-0.16902,19.11,-26.97,-26.97,31.332,23.371,51
2015-08-15 17:10:00,0.0,-4.2951,120.04,30.277,13.488,36.155,0.0008599999999999,234.17,-0.00144,234.1,-4.2951,-0.1343399999999999,19.286,-26.97,-26.97,31.217,21.206,51
2015-08-15 17:11:00,0.0,-4.3181,120.18,30.226,13.49,36.143,-0.00029,231.66,-0.0012899999999999,231.57,-4.3181,-0.36647,17.687,-26.97,-26.97,31.094,18.287,51
2015-08-15 17:12:00,0.0,-4.5248,120.03,30.214,13.49,36.124,0.00072,228.28,-0.00115,228.08,-4.5248,-0.09811,18.1,-26.97,-26.97,30.987,15.267,51
2015-08-15 17:13:00,0.0,-4.7545,120.36,30.173,13.49,36.111,0.0004299999999999,225.11,-0.00144,224.82,-4.7545,-0.22531,17.918,-26.97,-26.97,30.853,12.667,51
2015-08-15 17:14:00,0.0,-4.3181,120.3,30.153,13.49,36.102,0.00029,222.1,-0.00115,221.71,-4.3181,-0.1905999999999999,18.296,-26.97,-26.97,30.725,10.805,51
2015-08-15 17:15:00,0.0,-4.3181,120.28,30.109,13.489,36.082,0.0004299999999999,219.37,-0.001,218.93,-4.3181,-0.12537,18.131,-26.97,-26.97,30.583,9.3616,51
2015-08-15 17:16:00,0.0,-4.0654,120.38,29.944,13.489,36.072,0.0,216.97,-0.00115,216.52,-4.0654,-0.2484,18.618,-26.97,-26.97,30.391,8.4893,51
2015-08-15 17:17:00,0.0,-4.0195,120.52,29.63,13.491,36.055,-0.0001399999999999,214.96,-0.001,214.44,-4.0195,-0.24615,19.397,-26.97,-26.97,30.18,7.5162,51
2015-08-15 17:18:00,0.0,-4.1573,119.96,29.18,13.491,36.036,0.0001399999999999,213.47,-0.00172,212.85,-4.1573,-0.33587,19.003,-26.97,-26.97,29.87,6.8619,51
2015-08-15 17:19:00,0.0,-5.3057,120.29,28.849,13.491,36.026,0.00029,212.41,-0.00144,211.9,-5.3057,-0.24328,18.856,-26.97,-26.97,29.651,6.2243,51
2015-08-15 17:20:00,0.0,-3.3993,120.55,28.571,13.492,36.004,0.001,211.57,-0.0005699999999999,210.92,-3.3993,0.0913899999999999,19.885,-26.97,-26.97,29.423,5.8217,51
2015-08-15 17:21:00,0.0,-4.0424,120.78,28.395,13.492,35.989,0.00072,210.72,-0.001,210.08,-4.0424,-0.05981,20.101,-26.97,-26.97,29.258,5.5029,51
2015-08-15 17:22:00,0.0,-4.4559,120.46,28.316,13.493,35.968,0.00029,210.33,-0.00115,209.68,-4.4559,-0.1804399999999999,20.059,-26.97,-26.97,29.067,5.1002,51
2015-08-15 17:23:00,0.0,-5.0531,120.39,28.098,13.493,35.941,-0.0001399999999999,210.02,-0.00115,209.39,-5.0531,-0.2706,19.584,-26.97,-26.97,28.868,5.1506,51
2015-08-15 17:24:00,0.0,-4.5018,120.96,27.936,13.493,35.918,0.0005699999999999,209.72,-0.00072,209.16,-4.5018,-0.02969,19.471,-26.97,-26.97,28.688,5.1506,51
2015-08-15 17:25:00,0.0,-3.9965,120.2,27.83,13.493,35.901,0.0005699999999999,209.87,-0.0012899999999999,209.33,-3.9965,-0.14992,18.761,-26.97,-26.97,28.518,5.3519,51
2015-08-15 17:26:00,0.0,-5.099,120.14,27.699,13.493,35.872,0.00072,210.59,-0.0008599999999999,210.07,-5.099,-0.0299299999999999,20.187,-26.97,-26.97,28.315,5.7545,51
2015-08-15 17:27:00,0.0,-3.8587,120.35,27.577,13.494,35.845,-0.0001399999999999,211.82,-0.00072,211.38,-3.8587,-0.18181,20.457,-26.97,-26.97,28.118,6.3585,51
2015-08-15 17:28:00,0.0,-4.2721,120.32,27.447,13.495,35.817,0.00072,213.61,-0.0008599999999999,213.07,-4.2721,-0.02976,21.078,-26.97,-26.97,27.966,6.7445,51
2015-08-15 17:29:00,0.0,-4.8004,120.72,27.266,13.496,35.787,0.0004299999999999,215.88,-0.0012899999999999,215.32,-4.8004,-0.18525,20.701,-26.97,-26.97,27.743,7.5664,51
2015-08-15 17:30:00,0.0,-4.364,120.3,27.041,13.497,35.755,0.0004299999999999,218.58,-0.00072,218.06,-4.364,-0.06253,21.179,-26.97,-26.97,27.428,8.3046,51
2015-08-15 17:31:00,0.0,-4.7545,120.47,26.498,13.497,35.726,0.0001399999999999,221.57,-0.0008599999999999,221.22,-4.7545,-0.1584899999999999,21.127,-26.97,-26.97,27.032,9.0428,51
2015-08-15 17:32:00,0.0,-4.4331,120.33,25.823,13.498,35.693,0.0004299999999999,224.55,-0.001,224.23,-4.4331,-0.12937,21.143,-26.97,-26.97,26.607,9.5462,51
2015-08-15 17:33:00,0.0,-4.4101,120.46,25.254,13.498,35.664,0.00072,227.34,-0.001,227.06,-4.4101,-0.0641499999999999,22.031,-26.97,-26.97,26.229,8.7744,51
2015-08-15 17:34:00,0.0,-4.3183,120.26,24.714,13.499,35.627,0.00072,229.62,-0.0008599999999999,229.37,-4.3183,-0.0326699999999999,21.096,-26.97,-26.97,25.856,10.402,51
2015-08-15 17:35:00,0.0,-4.4333,120.37,24.325,13.499,35.589,0.0004299999999999,231.37,-0.0008599999999999,231.21,-4.4333,-0.0997299999999999,22.173,-26.97,-26.97,25.529,10.838,51
2015-08-15 17:36:00,0.0,-4.6172,120.48,24.003,13.5,35.551,-0.0001399999999999,232.84,-0.0008599999999999,232.73,-4.6172,-0.23393,22.346,-26.97,-26.97,25.192,11.308,51
2015-08-15 17:37:00,0.0,-4.6863,120.45,23.751,13.501,35.511,0.00115,233.42,-0.00115,233.32,-4.6863,0.0001399999999999,22.102,-26.97,-26.97,24.911,9.9161,51
2015-08-15 17:38:00,0.0,-5.0079,119.99,23.613,13.501,35.471,0.0005699999999999,233.15,-0.00172,233.02,-5.0079,-0.2676399999999999,22.235,-26.97,-26.97,24.665,9.1275,51
2015-08-15 17:39:00,0.0,-5.3066,120.63,23.565,13.502,35.423,0.0004299999999999,232.62,-0.00172,232.44,-5.3066,-0.3003299999999999,22.08,-26.97,-26.97,24.451,9.446700000000002,51
2015-08-15 17:40:00,0.0,-4.3648,120.39,23.654,13.503,35.378,0.0,232.28,-0.00101,232.02,-4.3648,-0.23311,22.239,-26.97,-26.97,24.267,10.604,51
2015-08-15 17:41:00,0.0,-4.0891,120.76,23.918,13.502,35.33,0.0004299999999999,231.84,-0.0008599999999999,231.56,-4.0891,-0.0995899999999999,23.306,-26.97,-26.97,24.132,10.32,51
2015-08-15 17:42:00,0.0,-4.8472,120.56,23.881,13.504,35.279,0.0004299999999999,231.57,-0.00158,231.28,-4.8472,-0.2655899999999999,23.051,-26.97,-26.97,23.975,9.749,51
2015-08-15 17:43:00,0.0,-4.6634,120.6,24.005,13.505,35.227,0.00029,231.48,-0.0012899999999999,231.16,-4.6634,-0.2322599999999999,23.689,-26.97,-26.97,23.914,9.4975,51
2015-08-15 17:44:00,0.0,-4.4337,120.58,24.195,13.506,35.178,-0.0001399999999999,231.43,-0.00144,231.16,-4.4337,-0.3651099999999999,23.677,-26.97,-26.97,23.819,9.766,51
2015-08-15 17:45:00,0.0,-4.0891,120.7,24.183,13.506,35.122,0.0,231.46,-0.00144,231.18,-4.0891,-0.3318999999999999,24.09,-26.97,-26.97,23.705,10.739,51
2015-08-15 17:46:00,0.0,-4.5485,120.57,24.178,13.507,35.069,0.00029,231.64,-0.00158,231.33,-4.5485,-0.2988399999999999,24.575,-26.97,-26.97,23.64,11.108,51
2015-08-15 17:47:00,0.0,-4.2499,120.69,24.185,13.508,35.02,0.00029,231.8,-0.00101,231.42,-4.2499,-0.16603,24.249,-26.97,-26.97,23.571,11.796,51
2015-08-15 17:48:00,0.0,-4.2729,120.42,24.159,13.509,34.965,0.0,232.01,-0.00115,231.42,-4.2729,-0.2657999999999999,24.052,-26.97,-26.97,23.499,11.914,51
2015-08-15 17:49:00,0.0,-4.5486,120.57,24.19,13.51,34.919,0.00029,232.28,-0.00158,231.75,-4.5486,-0.2993,23.948,-26.97,-26.97,23.475,12.568,51
2015-08-15 17:50:00,0.0,-4.3648,120.63,24.257,13.51,34.88,0.0004299999999999,232.66,-0.00115,232.09,-4.3648,-0.16636,24.002,-26.97,-26.97,23.441,13.189,51
2015-08-15 17:51:00,0.0,-4.3189,120.7,24.221,13.512,34.826,0.0,232.95,-0.00172,232.38,-4.3189,-0.40038,24.446,-26.97,-26.97,23.386,13.995,51
2015-08-15 17:52:00,0.0,-4.6406,120.69,24.162,13.513,34.772,0.0,232.76,-0.0012899999999999,232.23,-4.6406,-0.3001099999999999,23.86,-26.97,-26.97,23.319,15.052,51
2015-08-15 17:53:00,0.0,-4.1813,120.77,24.093,13.514,34.723,0.00029,233.01,-0.0012899999999999,232.51,-4.1813,-0.2336999999999999,24.441,-26.97,-26.97,23.238,14.582,51
2015-08-15 17:54:00,0.0,-4.7328,120.59,24.052,13.515,34.671,0.0001399999999999,233.64,-0.0012899999999999,233.05,-4.7328,-0.2676399999999999,25.161,-26.97,-26.97,23.203,13.593,51
2015-08-15 17:55:00,0.0,-4.4572,120.67,24.102,13.516,34.621,0.0001399999999999,233.4,-0.00101,232.77,-4.4572,-0.2003699999999999,25.148,-26.97,-26.97,23.185,13.895,51
2015-08-15 17:56:00,0.0,-4.0208,121.02,24.128,13.517,34.573,0.00029,233.12,-0.0005699999999999,232.49,-4.0208,-0.06653,25.276,-26.97,-26.97,23.166,13.694,51
2015-08-15 17:57:00,0.0,-3.7911,120.27,24.197,13.519,34.52,0.0001399999999999,232.84,-0.00172,232.07,-3.7911,-0.3664899999999999,24.993,-26.97,-26.97,23.169,14.013,51
2015-08-15 17:58:00,0.0,-5.0089,120.58,24.266,13.518,34.473,0.00029,232.42,-0.00158,231.66,-5.0089,-0.29919,25.016,-26.97,-26.97,23.184,14.081,51
2015-08-15 17:59:00,0.0,-4.5034,120.84,24.328,13.519,34.421,0.00029,231.91,-0.0008599999999999,231.22,-4.5034,-0.13258,24.287,-26.97,-26.97,23.175,13.98,51
2015-08-15 18:00:00,0.0,-4.7331,120.83,24.413,13.52,34.375,0.0,231.4,-0.00101,230.63,-4.7331,-0.2316999999999999,24.891,-26.97,-26.97,23.233,13.98,51
2015-08-15 18:01:00,0.0,-4.1587,120.83,24.607,13.521,34.327,0.0004299999999999,230.71,-0.00101,230.04,-4.1587,-0.13184,25.588,-26.97,-26.97,23.277,13.745,51
2015-08-15 18:02:00,0.0,-4.6183,120.75,24.677,13.521,34.285,0.0001399999999999,229.67,-0.0012899999999999,228.9,-4.6183,-0.26288,24.904,-26.97,-26.97,23.288,14.182,51
2015-08-15 18:03:00,0.0,-4.4804,120.83,24.688,13.523,34.245,0.0004299999999999,228.59,-0.0008599999999999,227.78,-4.4804,-0.0977999999999999,24.801,-26.97,-26.97,23.29,12.873,51
2015-08-15 18:04:00,0.0,-4.2966,120.82,24.697,13.523,34.202,0.0001399999999999,227.77,-0.0008599999999999,226.97,-4.2966,-0.16284,22.761,-26.97,-26.97,23.295,12.57,51
2015-08-15 18:05:00,0.0,-4.7331,120.74,24.724,13.524,34.16,0.0005699999999999,226.83,-0.00115,225.95,-4.7331,-0.12937,24.005,-26.97,-26.97,23.294,12.487,51
2015-08-15 18:06:00,0.0,-4.3426,120.77,24.786,13.524,34.112,0.0004299999999999,225.6,-0.0012899999999999,224.73,-4.3426,-0.19311,24.537,-26.97,-26.97,23.298,11.933,51
2015-08-15 18:07:00,0.0,-4.9861,120.81,24.821,13.526,34.068,0.0004299999999999,225.22,-0.00115,224.27,-4.9861,-0.16051,23.712,-26.97,-26.97,23.319,11.53,51
2015-08-15 18:08:00,0.0,-3.7914,120.85,24.868,13.527,34.022,0.0004299999999999,224.0,-0.00101,223.07,-3.7914,-0.1281799999999999,24.796,-26.97,-26.97,23.314,11.06,51
2015-08-15 18:09:00,0.0,-4.4579,120.75,24.844,13.529,33.982,0.0005699999999999,223.25,-0.00072,222.25,-4.4579,-0.0313999999999999,24.351,-26.97,-26.97,23.319,11.279,51
2015-08-15 18:10:00,0.0,-4.4351,120.82,24.842,13.529,33.936,0.00029,222.82,-0.0008599999999999,221.92,-4.4351,-0.12731,24.397,-26.97,-26.97,23.349,11.078,51
2015-08-15 18:11:00,0.0,-4.573,120.88,24.853,13.531,33.894,0.00029,222.97,-0.0008599999999999,222.07,-4.573,-0.12728,24.387,-26.97,-26.97,23.332,10.994,51
2015-08-15 18:12:00,0.0,-4.2514,120.86,24.836,13.531,33.851,-0.0001399999999999,222.97,-0.0012899999999999,222.0,-4.2514,-0.31906,24.554,-26.97,-26.97,23.338,11.196,51
2015-08-15 18:13:00,0.0,-5.2395,120.58,24.817,13.53,33.81,0.00029,222.19,-0.00144,221.46,-5.2395,-0.25435,24.557,-26.97,-26.97,23.315,11.363,51
2015-08-15 18:14:00,0.0,-3.6768,120.67,24.807,13.532,33.766,0.00029,222.32,-0.0012899999999999,221.43,-3.6768,-0.22242,25.026,-26.97,-26.97,23.306,11.179,51
2015-08-15 18:15:00,0.0,-4.8948,120.75,24.739,13.534,33.725,0.0005699999999999,221.29,-0.00072,220.65,-4.8948,-0.03134,23.803,-26.97,-26.97,23.288,10.961,51
2015-08-15 18:16:00,0.0,-4.4812,120.76,24.672,13.534,33.684,0.0001399999999999,220.72,-0.00101,220.05,-4.4812,-0.18961,24.123,-26.97,-26.97,23.259,10.323,51
2015-08-15 18:17:00,0.0,-3.9986,120.5,24.614,13.535,33.65,0.00029,220.72,-0.0012899999999999,219.85,-3.9986,-0.22078,24.403,-26.97,-26.97,23.25,9.2321,51
2015-08-15 18:18:00,0.0,-5.0557,121.01,24.574,13.536,33.609,0.0,220.36,-0.0012899999999999,219.5,-5.0557,-0.28369,23.601,-26.97,-26.97,23.221,9.9037,51
2015-08-15 18:19:00,0.0,-4.5041,120.8,24.567,13.537,33.573,0.0005699999999999,220.07,-0.00101,219.18,-4.5041,-0.09381,23.971,-26.97,-26.97,23.211,9.5007,51
2015-08-15 18:20:00,0.0,-4.6191,120.82,24.545,13.538,33.545,0.0005699999999999,219.95,-0.00072,219.0,-4.6191,-0.03081,24.301,-26.97,-26.97,23.241,8.8964,51
2015-08-15 18:21:00,0.0,-4.3663,120.88,24.589,13.537,33.501,-0.00029,219.48,-0.00115,218.46,-4.3663,-0.3140399999999999,24.153,-26.97,-26.97,23.247,9.098,51
2015-08-15 18:22:00,0.0,-4.4353,120.96,24.592,13.54,33.462,0.0005699999999999,218.74,-0.00101,217.74,-4.4353,-0.09331,24.568,-26.97,-26.97,23.23,8.913399999999998,51
2015-08-15 18:23:00,0.0,-4.6193,120.9,24.578,13.541,33.423,0.0004299999999999,218.33,-0.00101,217.35,-4.6193,-0.1245,24.011,-26.97,-26.97,23.212,9.1818,51
2015-08-15 18:24:00,0.0,-4.8032,120.84,24.581,13.541,33.384,0.0001399999999999,217.64,-0.00144,216.72,-4.8032,-0.27998,24.662,-26.97,-26.97,23.214,9.2324,51
2015-08-15 18:25:00,0.0,-4.1139,120.95,24.584,13.543,33.347,0.00029,217.28,-0.00101,216.33,-4.1139,-0.15511,24.138,-26.97,-26.97,23.194,9.0812,51
2015-08-15 18:26:00,0.0,-4.8035,121.03,24.569,13.544,33.306,0.00029,217.08,-0.00101,216.16,-4.8035,-0.1549,24.193,-26.97,-26.97,23.164,8.8131,51
2015-08-15 18:27:00,0.0,-4.3898,120.81,24.574,13.545,33.271,-0.00029,216.88,-0.0012899999999999,215.92,-4.3898,-0.34148,23.67,-26.97,-26.97,23.151,8.7797,51
2015-08-15 18:28:00,0.0,-4.5967,120.81,24.58,13.544,33.234,0.0,216.98,-0.00115,215.99,-4.5967,-0.24817,23.772,-26.97,-26.97,23.143,8.7295,51
2015-08-15 18:29:00,0.0,-4.8727,121.01,24.568,13.545,33.197,0.0001399999999999,217.18,-0.00144,216.2,-4.8727,-0.27939,23.576,-26.97,-26.97,23.124,8.729599999999998,51
2015-08-15 18:30:00,0.0,-3.7694,121.21,24.601,13.546,33.158,0.0001399999999999,217.69,-0.00072,216.66,-3.7694,-0.12434,24.065,-26.97,-26.97,23.131,8.9648,51
2015-08-15 18:31:00,0.0,-4.8727,120.83,24.569,13.547,33.122,0.00029,218.13,-0.0008599999999999,217.19,-4.8727,-0.1245,23.857,-26.97,-26.97,23.106,9.0488,51
2015-08-15 18:32:00,0.0,-4.413,121.16,24.564,13.547,33.087,0.0,219.02,-0.00101,218.07,-4.413,-0.2192999999999999,23.925,-26.97,-26.97,23.074,9.3177,51
2015-08-15 18:33:00,0.0,-4.5049,120.39,24.564,13.548,33.055,0.0001399999999999,220.31,-0.00144,219.38,-4.5049,-0.28366,23.903,-26.97,-26.97,23.06,9.6702,51
2015-08-15 18:34:00,0.0,-3.8843,120.77,24.565,13.548,33.019,0.0,222.03,-0.0012899999999999,221.08,-3.8843,-0.28526,23.883,-26.97,-26.97,23.029,10.208,51
2015-08-15 18:35:00,0.0,-4.8037,120.83,24.538,13.55,32.987,0.00029,223.93,-0.00101,223.03,-4.8037,-0.1596499999999999,24.214,-26.97,-26.97,23.01,10.913,51
2015-08-15 18:36:00,0.0,-3.3787,120.98,24.556,13.55,32.961,0.0004299999999999,225.68,-0.00101,224.7,-3.3787,-0.12875,23.659,-26.97,-26.97,22.992,11.651,51
2015-08-15 18:37:00,0.0,-4.2751,121.42,24.574,13.55,32.931,0.0004299999999999,226.87,-0.00144,226.04,-4.2751,-0.2270399999999999,24.188,-26.97,-26.97,22.97,12.088,51
2015-08-15 18:38:00,0.0,-4.7577,121.19,24.576,13.552,32.896,0.0005699999999999,227.34,-0.00072,226.52,-4.7577,-0.0320799999999999,24.495,-26.97,-26.97,22.952,12.222,51
2015-08-15 18:39:00,0.0,-5.4473,120.61,24.603,13.552,32.864,0.0,226.48,-0.00144,225.66,-5.4473,-0.32429,24.582,-26.97,-26.97,22.927,11.752,51
2015-08-15 18:40:00,0.0,-5.4473,120.74,24.632,13.552,32.831,0.0,223.47,-0.00172,222.57,-5.4473,-0.38367,24.517,-26.97,-26.97,22.895,10.426,51
2015-08-15 18:41:00,0.0,-4.2291,121.57,24.673,13.553,32.794,0.0004299999999999,218.97,-0.0012899999999999,218.02,-4.2291,-0.1877099999999999,24.11,-26.97,-26.97,22.841,8.5791,51
2015-08-15 18:42:00,0.0,-4.5049,121.62,24.68,13.554,32.767,0.0,215.81,-0.00158,214.8,-4.5049,-0.33931,24.216,-26.97,-26.97,22.77,7.4375,51
2015-08-15 18:43:00,0.0,-4.2291,121.06,24.669,13.555,32.732,0.0008599999999999,215.14,-0.00115,214.08,-4.2291,-0.0605899999999999,23.64,-26.97,-26.97,22.663,7.018,51
2015-08-15 18:44:00,0.0,-5.1717,120.77,24.616,13.556,32.703,0.0,214.76,-0.00101,213.7,-5.1717,-0.21479,24.003,-26.97,-26.97,22.54,6.6487,51
2015-08-15 18:45:00,0.0,-4.7812,120.94,24.588,13.558,32.673,0.0004299999999999,213.04,-0.00115,211.93,-4.7812,-0.15142,23.834,-26.97,-26.97,22.417,5.7756,51
2015-08-15 18:46:00,0.0,-4.5056,121.13,24.521,13.557,32.641,0.0004299999999999,210.95,-0.00101,209.79,-4.5056,-0.12008,24.807,-26.97,-26.97,22.285,4.9194,51
2015-08-15 18:47:00,0.0,-4.8964,120.63,24.441,13.557,32.612,0.0,209.98,-0.00144,208.83,-4.8964,-0.3000499999999999,24.416,-26.97,-26.97,22.159,4.3486,51
2015-08-15 18:48:00,0.0,-3.4022,120.85,24.382,13.558,32.583,0.00072,210.47,-0.0008599999999999,209.31,-3.4022,-0.02929,24.683,-26.97,-26.97,22.034,4.1472,51
2015-08-15 18:49:00,0.0,-4.6206,120.98,24.297,13.559,32.552,0.00029,211.37,-0.00115,210.29,-4.6206,-0.18092,24.075,-26.97,-26.97,21.909,4.0297,51
2015-08-15 18:50:00,0.0,-4.2988,120.95,24.222,13.56,32.521,0.00072,211.66,-0.0008599999999999,210.58,-4.2988,-0.0294899999999999,24.174,-26.97,-26.97,21.794,3.8619,51
2015-08-15 18:51:00,0.0,-4.7356,121.08,24.085,13.561,32.488,0.0005699999999999,211.01,-0.00101,209.98,-4.7356,-0.0898599999999999,23.935,-26.97,-26.97,21.68,3.5094,51
2015-08-15 18:52:00,0.0,-4.4827,120.87,23.95,13.561,32.458,0.0004299999999999,209.44,-0.00115,208.35,-4.4827,-0.14924,24.229,-26.97,-26.97,21.568,3.0728,51
2015-08-15 18:53:00,0.0,-4.5747,120.93,23.856,13.562,32.426,0.0005699999999999,205.79,-0.00115,204.68,-4.5747,-0.11577,24.571,-26.97,-26.97,21.442,2.2668,51
2015-08-15 18:54:00,0.0,-4.5976,121.14,23.788,13.563,32.39,0.00029,197.55,-0.0012899999999999,196.42,-4.5976,-0.19574,24.368,-26.97,-26.97,21.312,0.85636,51
2015-08-15 18:55:00,0.0,-4.1609,120.57,23.724,13.563,32.357,0.0001399999999999,184.0,-0.00144,183.05,-4.1609,-0.23522,24.727,-26.97,-26.97,21.212,-0.70525,51
2015-08-15 18:56:00,0.0,-3.9999,120.49,23.636,13.563,32.322,0.0001399999999999,170.18,-0.00158,169.47,-3.9999,-0.24348,24.384,-26.97,-26.97,21.092,-1.8639,51
2015-08-15 18:57:00,0.0,-5.2184,120.76,23.494,13.562,32.285,0.00029,159.92,-0.00144,159.55,-5.2184,-0.1827199999999999,24.354,-26.97,-26.97,20.981,-2.5523,51
2015-08-15 18:58:00,0.0,-5.5173,120.9,23.413,13.566,32.252,0.0,150.48,-0.00158,150.28,-5.5173,-0.23791,24.184,-26.97,-26.97,20.871,-2.9553,51
2015-08-15 18:59:00,0.0,-5.0118,121.19,23.316,13.566,32.225,0.0,140.81,-0.00115,140.81,-5.0118,-0.16358,25.49,-26.97,-26.97,20.772,-3.3248,51
2015-08-15 19:00:00,0.0,-3.7703,121.19,23.236,13.566,32.19,0.0005699999999999,132.42,-0.0004299999999999,132.66,-3.7703,0.02049,26.655,-26.97,-26.97,20.68,-3.5263,51
2015-08-15 19:01:00,0.0,-4.1382,121.01,23.171,13.567,32.156,-0.0001399999999999,125.84,-0.00072,126.33,-4.1382,-0.10989,25.492,-26.97,-26.97,20.594,-3.6606,51
2015-08-15 19:02:00,0.0,-4.2991,120.95,23.113,13.568,32.123,0.00029,120.28,-0.0008599999999999,120.97,-4.2991,-0.0705199999999999,24.7,-26.97,-26.97,20.495,-3.7781,51
2015-08-15 19:03:00,0.0,-4.2992,120.9,23.06,13.569,32.089,0.0001399999999999,114.71,-0.00115,115.58,-4.2992,-0.1170699999999999,24.407,-26.97,-26.97,20.399,-3.8622,51
2015-08-15 19:04:00,0.0,-5.0579,120.91,22.995,13.569,32.054,0.0,108.76,-0.00144,109.82,-5.0579,-0.15839,24.632,-26.97,-26.97,20.308,-4.0638,51
2015-08-15 19:05:00,0.0,-5.3338,121.13,22.943,13.568,32.016,0.0,102.37,-0.00144,103.54,-5.3338,-0.14817,23.254,-26.97,-26.97,20.224,-4.1478,51
2015-08-15 19:06:00,0.0,-4.6902,120.52,22.888,13.569,31.983,0.0004299999999999,95.773,-0.00172,97.10100000000001,-4.6902,-0.1268199999999999,24.399,-26.97,-26.97,20.146,-4.3661,51
2015-08-15 19:07:00,0.0,-3.9776,120.69,22.861,13.572,31.949,0.00029,89.161,-0.00072,90.534,-3.9776,-0.04032,23.944,-26.97,-26.97,20.083,-4.4837,51
2015-08-15 19:08:00,0.0,-4.3685,121.17,22.804,13.572,31.916,0.0004299999999999,82.601,-0.0005699999999999,84.055,-4.3685,-0.01173,24.333,-26.97,-26.97,20.022,-4.5677,51
2015-08-15 19:09:00,0.0,-3.7017,120.67,22.775,13.573,31.882,0.0004299999999999,76.131,-0.00072,77.51099999999998,-3.7017,-0.0220099999999999,24.35,-26.97,-26.97,19.959,-4.6516,51
2015-08-15 19:10:00,0.0,-4.9433,121.26,22.686,13.574,31.854,0.0,69.512,-0.00072,70.911,-4.9433,-0.0495099999999999,24.206,-26.97,-26.97,19.902,-4.7524,51
2015-08-15 19:11:00,0.0,-5.4722,120.64,22.631,13.575,31.82,0.0,62.631,-0.00172,63.985,-5.4722,-0.1103399999999999,23.104,-26.97,-26.97,19.792,-4.8028,51
2015-08-15 19:12:00,0.0,-5.5871,120.85,22.57,13.576,31.786,0.0,55.617,-0.00144,56.853,-5.5871,-0.0811899999999999,23.143,-26.97,-26.97,19.715,-4.6686,51
2015-08-15 19:13:00,0.0,-4.0466,120.78,22.541,13.576,31.758,0.0001399999999999,48.637,-0.00072,49.754,-4.0466,-0.02988,24.244,-26.97,-26.97,19.644,-4.568,51
2015-08-15 19:14:00,0.0,-3.6098,121.44,22.479,13.575,31.732,0.00029,41.9,0.0,42.885,-3.6098,0.01182,24.28,-26.97,-26.97,19.559,-4.4168,51
2015-08-15 19:15:00,0.0,-5.0353,120.78,22.388,13.577,31.703,0.00029,35.727,-0.00101,36.532,-5.0353,-0.0263399999999999,24.276,-26.97,-26.97,19.508,-4.4169,51
2015-08-15 19:16:00,0.0,-3.9087,120.99,22.365,13.578,31.672,0.0001399999999999,30.229,-0.00029,30.839,-3.9087,-0.00483,24.725,-26.97,-26.97,19.487,-4.2657,51
2015-08-15 19:17:00,0.0,-3.9547,121.37,22.307,13.579,31.641,0.0001399999999999,25.429,0.0,25.834,-3.9547,0.00362,25.216,-26.97,-26.97,19.468,-3.997,51
2015-08-15 19:18:00,0.0,-3.4949,121.12,22.256,13.579,31.607,0.0,21.239,0.0,21.433,-3.4949,0.0,26.213,-26.97,-26.97,19.436,-3.7787,51
2015-08-15 19:19:00,0.0,-3.3799,121.19,22.194,13.58,31.574,0.0,17.726,0.0,17.774,-3.3799,0.0,25.202,-26.97,-26.97,19.426,-3.4764,51
2015-08-15 19:20:00,0.0,-3.8169,121.17,22.133,13.581,31.538,0.0005699999999999,14.753,-0.0001399999999999,14.604,-3.8169,0.0068199999999999,24.884,-26.97,-26.97,19.38,-3.2413,51
2015-08-15 19:21:00,0.0,-3.5181,120.94,22.078,13.581,31.503,0.0,12.211,-0.0001399999999999,11.913,-3.5181,-0.0018799999999999,24.822,-26.97,-26.97,19.348,-3.1742,51
2015-08-15 19:22:00,0.0,-4.2999,121.61,22.014,13.582,31.471,0.0001399999999999,10.055,0.0001399999999999,9.5685,-4.2999,0.00284,24.211,-26.97,-26.97,19.297,-3.1574,51
2015-08-15 19:23:00,0.0,-4.7138,121.09,21.978,13.582,31.436,0.0001399999999999,8.2299,-0.00029,7.5646,-4.7138,-0.0007799999999999,23.899,-26.97,-26.97,19.278,-3.0734,51
2015-08-15 19:24:00,0.0,-4.162,121.23,21.999,13.583,31.401,0.0004299999999999,6.7421,-0.0004299999999999,5.9235,-4.162,0.0004899999999999,23.817,-26.97,-26.97,19.259,-3.0231,51
2015-08-15 19:25:00,0.0,-4.369,121.21,22.049,13.584,31.371,0.0004299999999999,5.5572,-0.0005699999999999,4.5996,-4.369,-0.00031,24.381,-26.97,-26.97,19.256,-3.0567,51
2015-08-15 19:26:00,0.0,-4.553,121.1,22.146,13.585,31.334,0.0004299999999999,4.5086,0.0001399999999999,3.4531,-4.553,0.00239,24.376,-26.97,-26.97,19.243,-3.0736,51
2015-08-15 19:27:00,0.0,-4.5302,121.17,22.198,13.585,31.302,0.0004299999999999,3.6589,-0.0004299999999999,2.5634,-4.5302,0.0005599999999999,24.463,-26.97,-26.97,19.22,-3.04,51
2015-08-15 19:28:00,0.0,-3.5183,121.2,22.238,13.586,31.266,0.0004299999999999,3.0037,0.0001399999999999,1.8033,-3.5183,0.00161,24.761,-26.97,-26.97,19.178,-3.1576,51
2015-08-15 19:29:00,0.0,-4.4613,121.25,22.244,13.587,31.233,0.00029,2.4588,0.0,1.2094,-4.4613,0.00066,24.086,-26.97,-26.97,19.143,-3.2249,51
2015-08-15 19:30:00,0.0,-4.3922,121.13,22.238,13.588,31.201,0.0004299999999999,2.0306,-0.0001399999999999,0.71699,-4.3922,0.0008099999999999,23.745,-26.97,-26.97,19.08,-3.376,51
2015-08-15 19:31:00,0.0,-4.4383,121.14,22.235,13.589,31.166,0.0001399999999999,1.6846,-0.0001399999999999,0.32395,-4.4383,0.00022,25.277,-26.97,-26.97,19.017,-3.5775,51
2015-08-15 19:32:00,0.0,-4.6222,121.37,22.228,13.588,31.135,0.0001399999999999,1.4143,0.0004299999999999,0.0475099999999999,-4.6222,0.00023,24.424,-26.97,-26.97,18.96,-3.6447,51
2015-08-15 19:33:00,0.0,-4.0013,121.17,22.23,13.59,31.105,0.00029,1.1807,-0.0001399999999999,0.0,-4.0013,0.00034,24.6,-26.97,-26.97,18.901,-3.7791,51
2015-08-15 19:34:00,0.0,-4.6452,121.03,22.2,13.591,31.069,0.0,0.99692,-0.0004299999999999,0.0,-4.6452,0.0,24.671,-26.97,-26.97,18.894,-3.8128,51
2015-08-15 19:35:00,0.0,-3.4724,120.95,22.179,13.593,31.044,0.0,0.83906,-0.0001399999999999,0.0,-3.4724,0.0,24.982,-26.97,-26.97,18.895,-3.8295,51
2015-08-15 19:36:00,0.0,-4.6222,120.79,22.138,13.592,31.014,0.0001399999999999,0.71362,-0.0001399999999999,0.00432,-4.6222,0.00011,22.938,-26.97,-26.97,18.905,-3.9472,51
2015-08-15 19:37:00,0.0,-4.5302,120.89,22.091,13.594,30.981,0.0,0.6163199999999999,-0.00029,0.0,-4.5302,0.0,25.159,-26.97,-26.97,18.937,-3.9137,51
2015-08-15 19:38:00,0.0,-4.2774,120.77,22.08,13.595,30.95,0.00029,0.5211799999999999,-0.0001399999999999,0.0,-4.2774,0.0001499999999999,25.1,-26.97,-26.97,18.925,-3.8465,51
2015-08-15 19:39:00,0.0,-4.5075,121.04,22.056,13.595,30.923,0.0004299999999999,0.4584599999999999,0.0,-0.00216,-4.5075,0.00021,25.923,-26.97,-26.97,18.922,-3.7458,51
2015-08-15 19:40:00,0.0,-4.6224,120.82,22.114,13.595,30.891,0.0001399999999999,0.4152199999999999,0.0,0.0,-4.6224,5e-05,24.184,-26.97,-26.97,18.994,-3.5275,51
2015-08-15 19:41:00,0.0,-3.9326,120.61,22.218,13.596,30.86,0.0005699999999999,0.38495,-0.0005699999999999,0.00432,-3.9326,0.00022,24.581,-26.97,-26.97,19.055,-3.1244,51
2015-08-15 19:42:00,0.0,-4.3926,120.9,22.255,13.598,30.828,-0.0001399999999999,0.34386,-0.00029,0.0,-4.3926,-5e-05,24.868,-26.97,-26.97,19.081,-2.6877,51
2015-08-15 19:43:00,0.0,-4.7146,121.04,22.292,13.598,30.8,0.0,0.3071099999999999,0.0,-0.00432,-4.7146,0.0,25.027,-26.97,-26.97,19.107,-2.4189,51
2015-08-15 19:44:00,0.0,-3.7257,120.52,22.32,13.598,30.77,0.0004299999999999,0.28548,-0.00029,0.0,-3.7257,0.00012,24.645,-26.97,-26.97,19.136,-2.3182,51
2015-08-15 19:45:00,0.0,-4.5767,120.46,22.306,13.599,30.741,0.0001399999999999,0.28115,-0.00029,0.0,-4.5767,4e-05,24.596,-26.97,-26.97,19.169,-2.2006,51
2015-08-15 19:46:00,0.0,-4.7146,120.66,22.306,13.598,30.708,-0.0001399999999999,0.2551999999999999,-0.00029,0.00216,-4.7146,-4e-05,24.199,-26.97,-26.97,19.195,-2.0998,51
2015-08-15 19:47:00,0.0,-4.2548,120.7,22.333,13.601,30.683,0.0001399999999999,0.2595299999999999,-0.0001399999999999,0.0,-4.2548,4e-05,24.137,-26.97,-26.97,19.233,-1.9654,51
2015-08-15 19:48:00,0.0,-4.2318,120.67,22.438,13.601,30.653,0.00029,0.23574,-0.0004299999999999,-0.00432,-4.2318,7e-05,24.901,-26.97,-26.97,19.278,-1.8311,51
2015-08-15 19:49:00,0.0,-4.5769,120.76,22.526,13.601,30.622,0.0001399999999999,0.2033,0.0,0.00216,-4.5769,3e-05,23.852,-26.97,-26.97,19.334,-1.6295,51
2015-08-15 19:50:00,0.0,-4.5539,120.57,22.59,13.603,30.593,0.0004299999999999,0.18817,-0.0005699999999999,-0.00216,-4.5539,7e-05,24.471,-26.97,-26.97,19.342,-1.5623,51
2015-08-15 19:51:00,0.0,-4.324,120.6,22.653,13.604,30.566,0.0004299999999999,0.1925,-0.00029,0.0,-4.324,8e-05,25.28,-26.97,-26.97,19.363,-1.6295,51
2015-08-15 19:52:00,0.0,-3.634,120.75,22.735,13.605,30.537,0.0004299999999999,0.1968199999999999,0.0,0.00216,-3.634,8e-05,24.839,-26.97,-26.97,19.368,-1.6463,51
2015-08-15 19:53:00,0.0,-4.646,121.12,22.748,13.605,30.514,-0.00029,0.18168,0.0001399999999999,-0.0064799999999999,-4.646,-5e-05,24.461,-26.97,-26.97,19.341,-1.6967,51
2015-08-15 19:54:00,0.0,-5.359,120.39,22.765,13.606,30.495,0.0001399999999999,0.18168,-0.0012899999999999,-0.00216,-5.359,3e-05,24.561,-26.97,-26.97,19.329,-1.9991,51
2015-08-15 19:55:00,0.0,-3.887,120.35,22.792,13.607,30.464,0.0004299999999999,0.18168,-0.0004299999999999,0.0,-3.887,8e-05,24.982,-26.97,-26.97,19.285,-2.0663,51
2015-08-15 19:56:00,0.0,-4.899,120.74,22.757,13.608,30.441,0.00029,0.18168,-0.00058,-0.00216,-4.899,6e-05,23.457,-26.97,-26.97,19.249,-2.1671,51
2015-08-15 19:57:00,0.0,-3.933,120.84,22.747,13.608,30.416,0.00072,0.18168,0.0,0.00216,-3.933,0.0001299999999999,24.701,-26.97,-26.97,19.258,-2.2511,51
2015-08-15 19:58:00,0.0,-4.278,120.41,22.769,13.608,30.394,0.0,0.15789,-0.00058,0.0,-4.278,0.0,24.544,-26.97,-26.97,19.255,-2.2007,51
2015-08-15 19:59:00,0.0,-4.715,120.55,22.8,13.608,30.369,0.0008599999999999,0.1427499999999999,-0.00029,-0.00216,-4.715,0.0001299999999999,24.08,-26.97,-26.97,19.268,-2.3015,51
2015-08-15 20:00:00,0.0,-4.094,120.93,22.908,13.61,30.344,0.00029,0.1514,0.00029,0.0,-4.094,4e-05,24.478,-26.97,-26.97,19.266,-2.2512,51
2015-08-15 20:01:00,0.0,-5.1751,120.57,23.023,13.611,30.321,-0.0001399999999999,0.1427499999999999,-0.00029,-0.00216,-5.1751,-1e-05,23.845,-26.97,-26.97,19.288,-2.268,51
2015-08-15 20:02:00,0.0,-4.0251,120.42,23.137,13.611,30.299,0.0001399999999999,0.1405899999999999,-0.00072,0.0,-4.0251,3e-05,24.409,-26.97,-26.97,19.297,-2.3016,51
2015-08-15 20:03:00,0.0,-3.8871,120.39,23.223,13.611,30.277,0.00029,0.13627,-0.0001399999999999,0.0,-3.8871,4e-05,25.103,-26.97,-26.97,19.298,-2.2009,51
2015-08-15 20:04:00,0.0,-4.6922,120.46,23.246,13.612,30.255,0.00029,0.12978,-0.00115,-0.00216,-4.6922,4e-05,24.831,-26.97,-26.97,19.291,-2.1505,51
2015-08-15 20:05:00,0.0,-3.5192,120.84,23.279,13.613,30.231,0.0004299999999999,0.12978,0.0,0.0,-3.5192,6e-05,24.985,-26.97,-26.97,19.314,-2.2177,51
2015-08-15 20:06:00,0.0,-3.6113,121.05,23.288,13.613,30.209,0.0004299999999999,0.13843,0.0,-0.00432,-3.6113,6e-05,24.863,-26.97,-26.97,19.285,-2.2177,51
2015-08-15 20:07:00,0.0,-3.7953,120.66,23.292,13.614,30.191,0.00058,0.13411,0.0,-0.00432,-3.7953,8e-05,24.67,-26.97,-26.97,19.262,-2.201,51
2015-08-15 20:08:00,0.0,-4.0944,120.45,23.262,13.613,30.165,0.0001399999999999,0.13195,-0.0001399999999999,0.0,-4.0944,2e-05,24.684,-26.97,-26.97,19.249,-2.3521,51
2015-08-15 20:09:00,0.0,-3.6343,120.74,23.192,13.613,30.149,0.00058,0.13411,0.0,0.0,-3.6343,7e-05,25.499,-26.97,-26.97,19.23,-2.5034,51
2015-08-15 20:10:00,0.0,-3.6573,120.81,23.121,13.614,30.129,-0.00029,0.14493,0.0,-0.00432,-3.6573,-4e-05,25.64,-26.97,-26.97,19.224,-2.453,51
2015-08-15 20:11:00,0.0,-4.9685,120.51,23.057,13.614,30.109,0.00029,0.13411,-0.0012899999999999,0.0,-4.9685,4e-05,24.615,-26.97,-26.97,19.241,-2.3858,51
2015-08-15 20:12:00,0.0,-4.9455,120.45,23.008,13.615,30.09,-0.00058,0.13411,-0.00173,0.0064799999999999,-4.9455,-9e-05,23.478,-26.97,-26.97,19.203,-2.4194,51
2015-08-15 20:13:00,0.0,-3.6344,120.7,23.015,13.615,30.072,0.00072,0.1297899999999999,0.0,0.0,-3.6344,9e-05,23.805,-26.97,-26.97,19.172,-2.2514,51
2015-08-15 20:14:00,0.0,-3.5196,120.83,22.992,13.615,30.05,-0.0001399999999999,0.1341199999999999,0.0,0.0,-3.5196,-2e-05,24.425,-26.97,-26.97,19.123,-2.4026,51
2015-08-15 20:15:00,0.0,-4.4167,121.29,22.955,13.616,30.032,0.00072,0.14061,0.0,0.0,-4.4167,0.0001,24.498,-26.97,-26.97,19.084,-2.4698,51
2015-08-15 20:16:00,0.0,-5.0149,120.75,22.919,13.616,30.014,0.0,0.1319599999999999,-0.00115,0.0,-5.0149,0.0,23.627,-26.97,-26.97,19.128,-2.5707,51
2015-08-15 20:17:00,0.0,-3.8877,121.22,22.83,13.617,29.998,0.00029,0.1384499999999999,0.0,0.0,-3.8877,5e-05,24.553,-26.97,-26.97,19.162,-2.4362,51
2015-08-15 20:18:00,0.0,-4.7619,121.02,22.774,13.617,29.977,0.0001399999999999,0.1341199999999999,-0.0001399999999999,0.0,-4.7619,2e-05,23.997,-26.97,-26.97,19.162,-2.3186,51
2015-08-15 20:19:00,0.0,-4.5548,121.23,22.7,13.616,29.961,0.00058,0.1341199999999999,0.0001399999999999,0.0,-4.5548,7e-05,24.036,-26.97,-26.97,19.173,-2.2514,51
2015-08-15 20:20:00,0.0,-3.9107,120.79,22.68,13.617,29.942,0.00029,0.1427799999999999,-0.00058,0.0,-3.9107,4e-05,24.957,-26.97,-26.97,19.187,-2.201,51
2015-08-15 20:21:00,0.0,-4.0257,121.45,22.654,13.618,29.925,0.0004299999999999,0.1427799999999999,0.0,-0.0064799999999999,-4.0257,6e-05,24.889,-26.97,-26.97,19.223,-2.201,51
2015-08-15 20:22:00,0.0,-3.5196,120.57,22.563,13.619,29.91,0.00029,0.1384499999999999,0.0,0.0,-3.5196,4e-05,24.884,-26.97,-26.97,19.243,-2.117,51
2015-08-15 20:23:00,0.0,-4.0487,120.17,22.482,13.619,29.89,0.0004299999999999,0.1298,-0.00058,0.0,-4.0487,6e-05,25.951,-26.97,-26.97,19.238,-2.0835,51
2015-08-15 20:24:00,0.0,-4.5548,120.18,22.422,13.619,29.878,0.0,0.1298,-0.00158,0.0,-4.5548,0.0,23.824,-26.97,-26.97,19.259,-2.033,51
2015-08-15 20:25:00,0.0,-4.9229,121.03,22.369,13.619,29.855,0.0,0.1362899999999999,-0.00029,0.0,-4.9229,0.0,24.154,-26.97,-26.97,19.234,-1.8483,51
2015-08-15 20:26:00,0.0,-3.9797,121.23,22.339,13.621,29.837,0.0004299999999999,0.14927,0.0,0.0,-3.9797,6e-05,24.357,-26.97,-26.97,19.222,-1.8314,51
2015-08-15 20:27:00,0.0,-4.0947,121.18,22.32,13.621,29.826,0.00058,0.1384499999999999,0.0004299999999999,0.0,-4.0947,7e-05,24.613,-26.97,-26.97,19.235,-1.8482,51
2015-08-15 20:28:00,0.0,-4.8539,120.73,22.32,13.622,29.806,0.0001399999999999,0.15576,0.0001399999999999,-0.00216,-4.8539,3e-05,24.431,-26.97,-26.97,19.23,-1.7642,51
2015-08-15 20:29:00,0.0,-4.7389,120.95,22.263,13.623,29.783,0.0,0.1298,0.0008599999999999,0.00216,-4.7389,0.0,24.661,-26.97,-26.97,19.207,-1.6971,51
2015-08-15 20:30:00,0.0,-4.5088,120.36,22.216,13.623,29.766,-0.00029,0.1471,-0.00058,0.0,-4.5088,-4e-05,25.186,-26.97,-26.97,19.197,-1.7642,51
2015-08-15 20:31:00,0.0,-4.0488,120.41,22.126,13.623,29.747,0.0004299999999999,0.1384499999999999,-0.00072,0.0,-4.0488,6e-05,25.159,-26.97,-26.97,19.173,-1.8987,51
2015-08-15 20:32:00,0.0,-4.877,121.12,21.991,13.623,29.728,0.00029,0.16009,0.00029,0.0,-4.877,4e-05,24.147,-26.97,-26.97,19.132,-1.9155,51
2015-08-15 20:33:00,0.0,-5.038,120.61,21.868,13.624,29.71,-0.00029,0.15576,-0.00029,0.0,-5.038,-4e-05,25.429,-26.97,-26.97,19.084,-1.9995,51
2015-08-15 20:34:00,0.0,-3.3818,120.86,21.785,13.624,29.686,-0.0001399999999999,0.14494,0.0,0.0,-3.3818,-2e-05,24.877,-26.97,-26.97,18.995,-2.134,51
2015-08-15 20:35:00,0.0,-4.8082,120.45,21.697,13.624,29.665,0.0001399999999999,0.21418,-0.00115,0.0,-4.8082,4e-05,24.331,-26.97,-26.97,18.927,-2.134,51
2015-08-15 20:36:00,0.0,-5.4984,120.84,21.618,13.625,29.645,0.0,0.1535999999999999,-0.00115,0.0,-5.4984,0.0,24.53,-26.97,-26.97,18.88,-2.218,51
2015-08-15 20:37:00,0.0,-5.4754,120.96,21.541,13.626,29.625,0.0,0.13846,-0.0001399999999999,0.0,-5.4754,0.0,24.216,-26.97,-26.97,18.834,-2.2517,51
2015-08-15 20:38:00,0.0,-4.9693,121.21,21.484,13.627,29.601,0.0001399999999999,0.1363,0.00029,0.0,-4.9693,2e-05,24.322,-26.97,-26.97,18.786,-2.1677,51
2015-08-15 20:39:00,0.0,-3.957,120.57,21.468,13.627,29.58,0.00058,0.13846,-0.00072,0.0,-3.957,8e-05,24.767,-26.97,-26.97,18.789,-2.1509,51
2015-08-15 20:40:00,0.0,-4.5092,121.39,21.472,13.627,29.56,0.00029,0.1363,0.0,0.0,-4.5092,4e-05,24.313,-26.97,-26.97,18.787,-1.9157,51
2015-08-15 20:41:00,0.0,-4.1181,120.72,21.479,13.628,29.536,0.00058,0.1557699999999999,-0.0004299999999999,0.0,-4.1181,0.0001,24.422,-26.97,-26.97,18.782,-1.7308,51
2015-08-15 20:42:00,0.0,-3.75,121.18,21.456,13.628,29.514,0.0001399999999999,0.1514399999999999,0.0,0.0,-3.75,3e-05,24.071,-26.97,-26.97,18.8,-1.6132,51
2015-08-15 20:43:00,0.0,-5.3374,121.21,21.451,13.629,29.494,0.0,0.14712,0.00058,0.0,-5.3374,0.0,24.117,-26.97,-26.97,18.829,-1.6132,51
2015-08-15 20:44:00,0.0,-4.6702,120.69,21.489,13.629,29.469,0.0001399999999999,0.14495,-0.0008599999999999,0.00216,-4.6702,2e-05,24.64,-26.97,-26.97,18.855,-1.63,51
2015-08-15 20:45:00,0.0,-4.4402,121.24,21.526,13.629,29.447,0.0,0.13197,0.0,0.0,-4.4402,0.0,24.515,-26.97,-26.97,18.881,-1.5628,51
2015-08-15 20:46:00,0.0,-3.773,120.92,21.57,13.63,29.427,0.0001399999999999,0.13413,0.0,0.0,-3.773,2e-05,24.864,-26.97,-26.97,18.915,-1.4788,51
2015-08-15 20:47:00,0.0,-5.3145,121.19,21.537,13.63,29.401,-0.0001399999999999,0.13846,0.0,0.0,-5.3145,-2e-05,23.966,-26.97,-26.97,18.915,-1.546,51
2015-08-15 20:48:00,0.0,-4.1872,121.07,21.535,13.631,29.379,0.0004299999999999,0.1363,-0.00058,-0.00216,-4.1872,6e-05,24.374,-26.97,-26.97,18.9,-1.5628,51
2015-08-15 20:49:00,0.0,-4.6244,121.39,21.437,13.632,29.358,0.00058,0.13414,-0.00029,0.0,-4.6244,7e-05,24.458,-26.97,-26.97,18.881,-1.546,51
2015-08-15 20:50:00,0.0,-4.3944,121.18,21.353,13.631,29.334,0.0001399999999999,0.1319799999999999,-0.0001399999999999,-0.00216,-4.3944,2e-05,24.512,-26.97,-26.97,18.87,-1.5964,51
2015-08-15 20:51:00,0.0,-4.3484,121.16,21.313,13.632,29.315,0.00029,0.14712,0.0001399999999999,0.0,-4.3484,4e-05,24.484,-26.97,-26.97,18.849,-1.7477,51
2015-08-15 20:52:00,0.0,-4.5555,121.24,21.306,13.632,29.295,0.0,0.15794,-0.0001399999999999,-0.00216,-4.5555,0.0,23.753,-26.97,-26.97,18.851,-1.7981,51
2015-08-15 20:53:00,0.0,-4.7626,121.13,21.293,13.632,29.268,0.0004299999999999,0.15578,0.0,0.0,-4.7626,7e-05,25.988,-26.97,-26.97,18.819,-1.8317,51
2015-08-15 20:54:00,0.0,-4.5556,121.24,21.283,13.632,29.252,-0.0001399999999999,0.1687599999999999,-0.0001399999999999,0.0,-4.5556,-3e-05,25.26,-26.97,-26.97,18.809,-1.9157,51
2015-08-15 20:55:00,0.0,-4.2565,121.3,21.341,13.633,29.231,0.00058,0.15362,0.0,-0.00432,-4.2565,0.0001,25.146,-26.97,-26.97,18.832,-1.9661,51
2015-08-15 20:56:00,0.0,-4.4176,121.08,21.366,13.633,29.212,0.00058,0.1319799999999999,-0.00101,0.00216,-4.4176,7e-05,25.066,-26.97,-26.97,18.809,-1.9829,51
2015-08-15 20:57:00,0.0,-4.5326,120.86,21.366,13.633,29.193,0.0,0.1298199999999999,-0.0001399999999999,0.0,-4.5326,0.0,24.978,-26.97,-26.97,18.817,-1.8821,51
2015-08-15 20:58:00,0.0,-4.5096,120.77,21.407,13.636,29.174,-0.0001399999999999,0.1298199999999999,-0.0004299999999999,0.0,-4.5096,-2e-05,24.602,-26.97,-26.97,18.804,-1.7981,51
2015-08-15 20:59:00,0.0,-4.6016,120.9,21.437,13.635,29.151,0.0001399999999999,0.1319799999999999,0.0,-0.00216,-4.6016,2e-05,24.587,-26.97,-26.97,18.8,-1.7645,51
2015-08-15 21:00:00,0.0,-3.7963,120.54,21.485,13.636,29.131,0.00058,0.1298199999999999,-0.00029,0.0,-3.7963,7e-05,24.594,-26.97,-26.97,18.814,-1.6132,51
2015-08-15 21:01:00,0.0,-4.6937,121.02,21.47,13.638,29.11,0.00029,0.1298199999999999,0.0001399999999999,0.0,-4.6937,4e-05,25.221,-26.97,-26.97,18.795,-1.6301,51
2015-08-15 21:02:00,0.0,-3.5433,120.98,21.48,13.638,29.089,0.00029,0.1341499999999999,-0.00029,-0.00216,-3.5433,4e-05,24.887,-26.97,-26.97,18.777,-1.6637,51
2015-08-15 21:03:00,0.0,-4.4636,121.46,21.47,13.639,29.069,0.0001399999999999,0.1298199999999999,0.0004299999999999,0.0,-4.4636,2e-05,24.155,-26.97,-26.97,18.749,-1.6301,51
2015-08-15 21:04:00,0.0,-5.43,120.83,21.507,13.639,29.049,0.0,0.1384799999999999,-0.00072,0.0,-5.43,0.0,24.245,-26.97,-26.97,18.719,-1.7813,51
2015-08-15 21:05:00,0.0,-3.3822,121.15,21.544,13.639,29.025,0.00029,0.1298199999999999,-0.00029,0.0,-3.3822,4e-05,24.988,-26.97,-26.97,18.694,-1.9326,51
2015-08-15 21:06:00,0.0,-4.9699,121.47,21.541,13.64,29.006,0.0001399999999999,0.1298199999999999,0.0004299999999999,0.0,-4.9699,2e-05,24.545,-26.97,-26.97,18.675,-2.0167,51
2015-08-15 21:07:00,0.0,-4.7398,120.79,21.545,13.64,28.987,0.00029,0.13199,-0.00058,0.0,-4.7398,4e-05,24.847,-26.97,-26.97,18.642,-2.1848,51
2015-08-15 21:08:00,0.0,-3.9346,120.77,21.565,13.64,28.969,0.00029,0.13199,-0.00058,0.0,-3.9346,4e-05,26.03,-26.97,-26.97,18.582,-2.2688,51
2015-08-15 21:09:00,0.0,-3.3133,121.24,21.518,13.64,28.948,0.0,0.12983,0.0,0.0,-3.3133,0.0,25.563,-26.97,-26.97,18.488,-2.4705,51
2015-08-15 21:10:00,0.0,-4.7401,121.05,21.48,13.641,28.929,0.0,0.13199,-0.0001399999999999,0.0,-4.7401,0.0,25.751,-26.97,-26.97,18.415,-2.7731,51
2015-08-15 21:11:00,0.0,-3.7276,120.84,21.446,13.642,28.91,0.0,0.12983,-0.0004299999999999,0.0,-3.7276,0.0,24.596,-26.97,-26.97,18.333,-2.9076,51
2015-08-15 21:12:00,0.0,-3.4055,121.0,21.393,13.643,28.89,0.0,0.12983,0.0,0.0,-3.4055,0.0,25.049,-26.97,-26.97,18.272,-3.2437,51
2015-08-15 21:13:00,0.0,-4.3949,120.99,21.327,13.643,28.872,0.0001399999999999,0.12983,-0.0004299999999999,-0.00216,-4.3949,2e-05,24.448,-26.97,-26.97,18.198,-3.2606,51
2015-08-15 21:14:00,0.0,-4.1418,121.51,21.248,13.642,28.856,0.0001399999999999,0.14065,0.0001399999999999,0.0,-4.1418,2e-05,24.634,-26.97,-26.97,18.133,-3.2438,51
2015-08-15 21:15:00,0.0,-5.5454,121.05,21.141,13.643,28.837,0.0,0.18176,0.0,0.0,-5.5454,0.0,23.983,-26.97,-26.97,18.075,-3.2438,51
2015-08-15 21:16:00,0.0,-5.4304,120.99,21.074,13.643,28.817,0.0,0.18393,-0.00072,0.0,-5.4304,0.0,24.439,-26.97,-26.97,18.078,-3.227,51
2015-08-15 21:17:00,0.0,-4.3949,120.9,21.046,13.643,28.8,0.0001399999999999,0.20124,-0.0008599999999999,0.0,-4.3949,3e-05,24.629,-26.97,-26.97,18.085,-3.1934,51
2015-08-15 21:18:00,0.0,-3.6816,121.44,21.026,13.644,28.78,0.0001399999999999,0.22072,0.0,-0.00432,-3.6816,3e-05,24.648,-26.97,-26.97,18.073,-3.0758,51
2015-08-15 21:19:00,0.0,-3.3135,121.16,20.984,13.645,28.761,0.0,0.25533,0.0,0.0,-3.3135,0.0,24.809,-26.97,-26.97,18.09,-3.0253,51
2015-08-15 21:20:00,0.0,-4.3719,121.19,20.949,13.645,28.744,0.0001399999999999,0.28563,0.0001399999999999,0.0,-4.3719,4e-05,24.402,-26.97,-26.97,18.117,-2.8573,51
2015-08-15 21:21:00,0.0,-4.142,121.08,20.937,13.645,28.725,0.00029,0.29429,-0.0004299999999999,0.0,-4.142,9e-05,24.797,-26.97,-26.97,18.153,-2.7732,51
2015-08-15 21:22:00,0.0,-4.188,121.37,20.911,13.646,28.706,0.0001399999999999,0.3245899999999999,0.0,0.0,-4.188,4e-05,24.345,-26.97,-26.97,18.187,-2.5715,51
2015-08-15 21:23:00,0.0,-4.5101,121.41,20.919,13.645,28.686,0.0001399999999999,0.3375699999999999,0.00029,-0.00216,-4.5101,5e-05,24.99,-26.97,-26.97,18.254,-2.4371,51
2015-08-15 21:24:00,0.0,-4.6023,121.25,20.958,13.645,28.665,0.0001399999999999,0.3548799999999999,-0.00029,-0.00216,-4.6023,5e-05,24.439,-26.97,-26.97,18.33,-2.3194,51
2015-08-15 21:25:00,0.0,-4.3032,121.2,21.03,13.646,28.647,0.0,0.3700399999999999,-0.0001399999999999,0.0,-4.3032,0.0,24.607,-26.97,-26.97,18.414,-2.1177,51
2015-08-15 21:26:00,0.0,-4.4412,121.29,21.111,13.646,28.63,0.00058,0.38302,-0.0001399999999999,0.0,-4.4412,0.00022,25.267,-26.97,-26.97,18.514,-1.916,51
2015-08-15 21:27:00,0.0,-4.2802,121.1,21.2,13.647,28.611,0.00029,0.38735,-0.0001399999999999,-0.00216,-4.2802,0.00011,25.426,-26.97,-26.97,18.605,-1.7144,51
2015-08-15 21:28:00,0.0,-4.4413,121.32,21.273,13.646,28.593,0.00029,0.3895199999999999,-0.00058,-0.00216,-4.4413,0.00011,25.538,-26.97,-26.97,18.713,-1.5127,51
2015-08-15 21:29:00,0.0,-4.2342,121.03,21.368,13.648,28.579,0.0001399999999999,0.3916799999999999,-0.00072,0.0,-4.2342,6e-05,24.763,-26.97,-26.97,18.813,-1.2774,51
2015-08-15 21:30:00,0.0,-4.3723,121.15,21.489,13.648,28.568,0.00029,0.4025,-0.0001399999999999,-0.00216,-4.3723,0.00011,25.067,-26.97,-26.97,18.928,-1.1597,51
2015-08-15 21:31:00,0.0,-4.3953,121.03,21.615,13.648,28.544,0.0,0.41116,-0.00029,-0.0064799999999999,-4.3953,0.0,23.66,-26.97,-26.97,19.029,-1.0421,51
2015-08-15 21:32:00,0.0,-4.6024,121.23,21.727,13.649,28.533,0.00029,0.41765,-0.00029,0.0,-4.6024,0.00012,23.596,-26.97,-26.97,19.114,-0.9244,51
2015-08-15 21:33:00,0.0,-4.3263,121.2,21.838,13.65,28.519,0.00029,0.42631,-0.00029,0.0,-4.3263,0.00012,24.65,-26.97,-26.97,19.229,-0.8235599999999998,51
2015-08-15 21:34:00,0.0,-4.4643,121.32,21.99,13.649,28.507,0.0001399999999999,0.41981,0.0001399999999999,0.0,-4.4643,6e-05,23.943,-26.97,-26.97,19.339,-0.57145,51
2015-08-15 21:35:00,0.0,-4.3263,121.15,22.105,13.65,28.49,0.0,0.4328,-0.0001399999999999,0.00216,-4.3263,0.0,24.098,-26.97,-26.97,19.464,-0.33615,51
2015-08-15 21:36:00,0.0,-4.9016,121.27,22.198,13.651,28.475,0.0,0.43063,0.0,-0.00432,-4.9016,0.0,24.247,-26.97,-26.97,19.598,-0.16807,51
2015-08-15 21:37:00,0.0,-4.2803,121.24,22.305,13.651,28.463,0.0004299999999999,0.4371399999999999,-0.00058,0.0,-4.2803,0.00019,24.103,-26.97,-26.97,19.701,0.08404,51
2015-08-15 21:38:00,0.0,-4.4874,121.39,22.337,13.651,28.449,0.0004299999999999,0.43929,-0.0001399999999999,-0.00216,-4.4874,0.00019,24.359,-26.97,-26.97,19.763,0.25212,51
2015-08-15 21:39:00,0.0,-4.2573,121.28,22.369,13.651,28.436,0.00029,0.4328,-0.0001399999999999,-0.00432,-4.2573,0.0001299999999999,24.194,-26.97,-26.97,19.842,0.33616,51
2015-08-15 21:40:00,0.0,-4.6255,121.18,22.399,13.651,28.424,0.00029,0.43497,0.0,-0.00216,-4.6255,0.0001299999999999,23.988,-26.97,-26.97,19.889,0.3865799999999999,51
2015-08-15 21:41:00,0.0,-3.866,121.07,22.47,13.652,28.411,0.00029,0.4133299999999999,-0.0004299999999999,0.0,-3.866,0.00012,24.529,-26.97,-26.97,19.957,0.4706299999999999,51
2015-08-15 21:42:00,0.0,-5.0168,121.39,22.546,13.653,28.4,0.0,0.4198299999999999,0.0001399999999999,0.0,-5.0168,0.0,24.263,-26.97,-26.97,20.024,0.58828,51
2015-08-15 21:43:00,0.0,-4.5106,120.74,22.626,13.652,28.386,0.0,0.4198399999999999,-0.0004299999999999,0.00216,-4.5106,0.0,24.293,-26.97,-26.97,20.089,0.75638,51
2015-08-15 21:44:00,0.0,-4.2115,120.75,22.689,13.653,28.38,0.00058,0.4090199999999999,-0.00029,-0.00432,-4.2115,0.00024,24.804,-26.97,-26.97,20.142,0.84042,51
2015-08-15 21:45:00,0.0,-4.0273,120.92,22.717,13.655,28.37,0.0001399999999999,0.42201,0.0,0.0,-4.0273,6e-05,24.281,-26.97,-26.97,20.171,0.8236299999999999,51
2015-08-15 21:46:00,0.0,-4.971,120.91,22.719,13.655,28.358,0.0001399999999999,0.4241699999999999,0.00029,0.0,-4.971,6e-05,23.642,-26.97,-26.97,20.211,0.85724,51
2015-08-15 21:47:00,0.0,-3.9814,120.51,22.778,13.655,28.354,0.0001399999999999,0.4198399999999999,-0.00115,-0.00216,-3.9814,6e-05,24.187,-26.97,-26.97,20.262,0.80683,51
2015-08-15 21:48:00,0.0,-4.8559,121.15,22.788,13.655,28.342,0.0001399999999999,0.42851,0.0,-0.00432,-4.8559,6e-05,24.204,-26.97,-26.97,20.307,0.79002,51
2015-08-15 21:49:00,0.0,-4.7179,120.52,22.825,13.655,28.338,0.00029,0.4328299999999999,-0.00115,0.0,-4.7179,0.00012,23.583,-26.97,-26.97,20.368,0.8236499999999999,51
2015-08-15 21:50:00,0.0,-4.0275,121.12,22.842,13.655,28.322,0.0001399999999999,0.43284,0.0,0.0,-4.0275,6e-05,23.915,-26.97,-26.97,20.425,0.7900399999999999,51
2015-08-15 21:51:00,0.0,-5.0861,120.59,22.844,13.655,28.322,0.0001399999999999,0.43284,0.0,0.0,-5.0861,6e-05,24.294,-26.97,-26.97,20.485,0.6723599999999998,51
2015-08-15 21:52:00,0.0,-5.4543,120.24,22.861,13.657,28.312,0.0,0.43067,-0.00101,0.00432,-5.4543,0.0,24.225,-26.97,-26.97,20.524,0.68917,51
2015-08-15 21:53:00,0.0,-4.7639,120.24,22.881,13.656,28.306,0.0001399999999999,0.44366,-0.0004299999999999,-0.00216,-4.7639,6e-05,24.799,-26.97,-26.97,20.58,0.6555499999999999,51
2015-08-15 21:54:00,0.0,-3.6132,120.47,22.886,13.658,28.296,0.0,0.4501499999999999,0.0001399999999999,0.0,-3.6132,0.0,25.134,-26.97,-26.97,20.67,0.58833,51
2015-08-15 21:55:00,0.0,-3.7743,120.77,22.909,13.658,28.29,0.0,0.4674599999999999,0.0,-0.00216,-3.7743,0.0,24.197,-26.97,-26.97,20.748,0.55471,51
2015-08-15 21:56:00,0.0,-4.5108,120.81,22.916,13.658,28.287,0.0,0.4523099999999999,-0.00029,0.0,-4.5108,0.0,23.986,-26.97,-26.97,20.813,0.57155,51
2015-08-15 21:57:00,0.0,-4.4417,120.61,22.922,13.658,28.275,0.00029,0.4566399999999999,-0.00101,-0.00432,-4.4417,0.0001299999999999,23.986,-26.97,-26.97,20.884,0.5042999999999999,51
2015-08-15 21:58:00,0.0,-4.2116,121.44,22.91,13.658,28.275,0.0001399999999999,0.4458199999999999,0.0,0.00216,-4.2116,6e-05,24.011,-26.97,-26.97,20.941,0.40344,51
2015-08-15 21:59:00,0.0,-4.4647,121.17,22.857,13.658,28.263,0.0001399999999999,0.44366,0.00029,0.0,-4.4647,6e-05,24.081,-26.97,-26.97,20.988,0.36981,51
2015-08-15 22:00:00,0.0,-3.8894,121.13,22.852,13.658,28.259,0.0001399999999999,0.44366,-0.0001399999999999,0.00216,-3.8894,6e-05,24.199,-26.97,-26.97,21.042,0.2353399999999999,51
2015-08-15 22:01:00,0.0,-4.6949,120.65,22.845,13.659,28.255,0.0001399999999999,0.4523099999999999,-0.00029,-0.00216,-4.6949,6e-05,23.549,-26.97,-26.97,21.093,0.20172,51
2015-08-15 22:02:00,0.0,-5.5234,120.7,22.819,13.659,28.244,0.0,0.4523099999999999,-0.00058,0.0,-5.5234,0.0,23.661,-26.97,-26.97,21.132,0.11767,51
2015-08-15 22:03:00,0.0,-4.4417,121.01,22.797,13.658,28.243,0.0,0.4674599999999999,-0.00058,-0.00216,-4.4417,0.0,24.153,-26.97,-26.97,21.182,0.05043,51
2015-08-15 22:04:00,0.0,-4.2576,120.89,22.778,13.659,28.233,0.0004299999999999,0.4566399999999999,0.0,0.00216,-4.2576,0.00018,23.888,-26.97,-26.97,21.212,0.0336199999999999,51
2015-08-15 22:05:00,0.0,-4.948,120.85,22.76,13.658,28.227,0.0001399999999999,0.4717899999999999,-0.00072,0.00216,-4.948,6e-05,23.605,-26.97,-26.97,21.27,0.0,51
2015-08-15 22:06:00,0.0,-4.6488,120.93,22.8,13.659,28.226,0.0,0.4804499999999999,-0.00072,-0.00432,-4.6488,0.0,22.305,-26.97,-26.97,21.343,-0.0168099999999999,51
2015-08-15 22:07:00,0.0,-4.2346,120.97,22.841,13.659,28.213,0.0,0.4739599999999999,-0.00029,-0.00432,-4.2346,0.0,23.683,-26.97,-26.97,21.354,0.0,51
2015-08-15 22:08:00,0.0,-4.5568,120.8,22.837,13.659,28.212,0.0001399999999999,0.4761199999999999,-0.00029,0.0,-4.5568,7e-05,23.381,-26.97,-26.97,21.41,-0.10086,51
2015-08-15 22:09:00,0.0,-3.9124,120.86,22.856,13.66,28.205,0.0004299999999999,0.4847799999999999,-0.0004299999999999,-0.01081,-3.9124,0.00021,24.254,-26.97,-26.97,21.424,-0.0336199999999999,51
2015-08-15 22:10:00,0.0,-4.0045,120.88,22.867,13.66,28.196,0.0,0.4783,-0.00029,0.0,-4.0045,0.0,23.868,-26.97,-26.97,21.42,-0.10086,51
2015-08-15 22:11:00,0.0,-5.1322,120.11,22.871,13.66,28.197,0.0,0.4717899999999999,-0.00058,0.0,-5.1322,0.0,23.491,-26.97,-26.97,21.457,-0.10086,51
2015-08-15 22:12:00,0.0,-4.3267,120.45,22.931,13.661,28.193,0.0,0.4782899999999999,0.0004299999999999,-0.00216,-4.3267,0.0,24.054,-26.97,-26.97,21.515,-0.10086,51
2015-08-15 22:13:00,0.0,-4.0965,120.47,22.992,13.661,28.18,0.0,0.46531,0.0,0.0,-4.0965,0.0,24.267,-26.97,-26.97,21.524,-0.11767,51
2015-08-15 22:14:00,0.0,-4.0966,120.49,22.977,13.661,28.181,0.0,0.4739599999999999,0.0001399999999999,-0.00216,-4.0966,0.0,23.913,-26.97,-26.97,21.531,-0.15129,51
2015-08-15 22:15:00,0.0,-3.9354,120.49,22.979,13.661,28.171,0.00029,0.4696299999999999,0.0001399999999999,-0.00432,-3.9354,0.0001399999999999,23.851,-26.97,-26.97,21.543,-0.1849099999999999,51
2015-08-15 22:16:00,0.0,-4.626,120.54,22.979,13.662,28.164,0.0001399999999999,0.46098,0.0008599999999999,0.00216,-4.626,6e-05,24.249,-26.97,-26.97,21.556,-0.15129,51
2015-08-15 22:17:00,0.0,-5.4545,119.96,22.993,13.662,28.164,0.0,0.45666,0.0,0.0,-5.4545,0.0,24.379,-26.97,-26.97,21.572,-0.15129,51
2015-08-15 22:18:00,0.0,-5.1784,119.87,23.009,13.663,28.159,0.0001399999999999,0.43285,0.0,0.0,-5.1784,6e-05,23.837,-26.97,-26.97,21.596,-0.1849099999999999,51
2015-08-15 22:19:00,0.0,-4.3729,119.5,23.028,13.663,28.148,0.0,0.41554,-0.0012899999999999,0.0,-4.3729,0.0,23.79,-26.97,-26.97,21.594,-0.05043,51
2015-08-15 22:20:00,0.0,-3.9126,119.73,23.05,13.664,28.15,0.0,0.40688,-0.0004299999999999,-0.00216,-3.9126,0.0,23.941,-26.97,-26.97,21.627,-0.1849099999999999,51
2015-08-15 22:21:00,0.0,-5.3164,119.92,23.03,13.664,28.148,0.0001399999999999,0.42636,-0.00101,0.00216,-5.3164,6e-05,23.453,-26.97,-26.97,21.658,-0.2689699999999999,51
2015-08-15 22:22:00,0.0,-4.1888,120.51,23.031,13.663,28.134,0.0001399999999999,0.42419,0.0001399999999999,0.0,-4.1888,6e-05,23.915,-26.97,-26.97,21.66,-0.2689699999999999,51
2015-08-15 22:23:00,0.0,-3.4753,120.17,23.034,13.663,28.133,0.0,0.42637,0.0001399999999999,0.0,-3.4753,0.0,23.89,-26.97,-26.97,21.68,-0.2521499999999999,51
2015-08-15 22:24:00,0.0,-5.3396,120.34,23.0,13.664,28.134,0.0001399999999999,0.44152,0.00058,-0.00216,-5.3396,6e-05,23.376,-26.97,-26.97,21.691,-0.21853,51
2015-08-15 22:25:00,0.0,-5.2015,120.54,22.979,13.664,28.131,0.0,0.4328699999999999,0.00115,0.0,-5.2015,0.0,23.269,-26.97,-26.97,21.697,-0.3866299999999999,51
2015-08-15 22:26:00,0.0,-4.2579,120.6,22.991,13.664,28.122,0.0,0.44585,0.00058,0.0,-4.2579,0.0,23.84,-26.97,-26.97,21.708,-0.3194,51
2015-08-15 22:27:00,0.0,-4.6722,119.81,22.998,13.664,28.119,0.0,0.4458599999999999,-0.00101,0.00216,-4.6722,0.0,23.425,-26.97,-26.97,21.727,-0.2689699999999999,51
2015-08-15 22:28:00,0.0,-4.8103,119.78,22.963,13.664,28.119,-0.0001399999999999,0.45018,-0.00158,0.0,-4.8103,-6e-05,23.497,-26.97,-26.97,21.739,-0.3698199999999999,51
2015-08-15 22:29:00,0.0,-5.0865,120.49,22.947,13.664,28.109,0.0,0.4523499999999999,-0.0001399999999999,0.0,-5.0865,0.0,23.282,-26.97,-26.97,21.747,-0.3362,51
2015-08-15 22:30:00,0.0,-4.4421,120.26,22.941,13.664,28.103,0.0001399999999999,0.44585,-0.0004299999999999,0.00216,-4.4421,7e-05,23.883,-26.97,-26.97,21.74,-0.3866299999999999,51
2015-08-15 22:31:00,0.0,-4.35,120.2,22.928,13.664,28.106,0.0001399999999999,0.45884,-0.00072,-0.00216,-4.35,6e-05,23.573,-26.97,-26.97,21.755,-0.42025,51
2015-08-15 22:32:00,0.0,-4.3961,120.17,22.915,13.664,28.105,0.0001399999999999,0.47616,-0.00058,0.0,-4.3961,7e-05,23.727,-26.97,-26.97,21.764,-0.42025,51
2015-08-15 22:33:00,0.0,-4.373,120.07,22.887,13.663,28.101,0.0001399999999999,0.47183,-0.00058,0.00432,-4.373,6e-05,23.449,-26.97,-26.97,21.775,-0.43706,51
2015-08-15 22:34:00,0.0,-4.4651,120.43,22.873,13.664,28.099,0.0,0.4848199999999999,-0.00029,-0.00216,-4.4651,0.0,23.954,-26.97,-26.97,21.777,-0.42026,51
2015-08-15 22:35:00,0.0,-4.6032,120.12,22.859,13.664,28.089,0.0001399999999999,0.47616,-0.0012899999999999,0.0,-4.6032,7e-05,24.569,-26.97,-26.97,21.768,-0.42025,51
2015-08-15 22:36:00,0.0,-4.5342,120.47,22.863,13.664,28.088,0.0001399999999999,0.47399,-0.00029,0.0,-4.5342,6e-05,23.585,-26.97,-26.97,21.777,-0.42025,51
2015-08-15 22:37:00,0.0,-4.0968,120.41,22.857,13.664,28.091,0.0,0.4848199999999999,-0.00029,0.0,-4.0968,0.0,23.849,-26.97,-26.97,21.798,-0.45387,51
2015-08-15 22:38:00,0.0,-4.7643,120.51,22.854,13.664,28.088,0.0,0.47616,0.0001399999999999,-0.00216,-4.7643,0.0,23.621,-26.97,-26.97,21.797,-0.4706799999999999,51
2015-08-15 22:39:00,0.0,-4.4421,120.55,22.849,13.664,28.077,0.00029,0.4934799999999999,-0.0001399999999999,-0.00216,-4.4421,0.0001499999999999,23.849,-26.97,-26.97,21.804,-0.5211099999999999,51
2015-08-15 22:40:00,0.0,-4.35,120.48,22.867,13.664,28.072,0.00029,0.4804899999999999,-0.00072,0.00216,-4.35,0.0001399999999999,23.492,-26.97,-26.97,21.794,-0.55474,51
2015-08-15 22:41:00,0.0,-4.0968,120.31,22.841,13.664,28.077,0.0001399999999999,0.48265,-0.00058,-0.00216,-4.0968,7e-05,24.817,-26.97,-26.97,21.798,-0.57155,51
2015-08-15 22:42:00,0.0,-4.304,120.5,22.803,13.664,28.077,0.0,0.48265,-0.00029,0.00432,-4.304,0.0,22.87,-26.97,-26.97,21.797,-0.5883599999999999,51
2015-08-15 22:43:00,0.0,-3.6826,120.8,22.804,13.664,28.078,0.0001399999999999,0.4804899999999999,0.0,0.00216,-3.6826,7e-05,25.639,-26.97,-26.97,21.828,-0.5883599999999999,51
2015-08-15 22:44:00,0.0,-4.7183,121.05,22.794,13.664,28.064,0.0,0.4934799999999999,0.0012899999999999,0.0,-4.7183,0.0,24.942,-26.97,-26.97,21.813,-0.5042999999999999,51
2015-08-15 22:45:00,0.0,-3.5214,120.71,22.768,13.663,28.068,0.0,0.5129599999999999,0.0,-0.00432,-3.5214,0.0,25.497,-26.97,-26.97,21.777,-0.55474,51
2015-08-15 22:46:00,0.0,-3.7746,120.15,22.61,13.664,28.067,0.0,0.52378,-0.0008599999999999,0.0,-3.7746,0.0,23.7,-26.97,-26.97,21.702,-0.5883599999999999,51
2015-08-15 22:47:00,0.0,-4.9945,120.4,22.356,13.664,28.064,0.00029,0.5497499999999998,-0.00101,0.00216,-4.9945,0.0001499999999999,25.301,-26.97,-26.97,21.582,-0.6555999999999998,51
2015-08-15 22:48:00,0.0,-4.8564,120.92,22.192,13.665,28.061,0.0,0.52161,0.00072,0.0,-4.8564,0.0,24.214,-26.97,-26.97,21.475,-0.90775,51
2015-08-15 22:49:00,0.0,-5.4318,120.6,22.221,13.665,28.053,0.0,0.51512,0.0004299999999999,0.0,-5.4318,0.0,23.577,-26.97,-26.97,21.388,-1.0591,51
2015-08-15 22:50:00,0.0,-4.1659,120.33,22.145,13.663,28.053,0.0001399999999999,0.4934799999999999,0.0,-0.00216,-4.1659,7e-05,23.725,-26.97,-26.97,21.279,-1.1935,51
2015-08-15 22:51:00,0.0,-3.5905,120.38,21.92,13.665,28.052,0.0,0.53027,0.0,-0.00216,-3.5905,0.0,24.221,-26.97,-26.97,21.142,-1.4961,51
2015-08-15 22:52:00,0.0,-4.0048,120.15,21.692,13.666,28.041,0.0,0.51512,-0.0004299999999999,0.0,-4.0048,0.0,23.921,-26.97,-26.97,20.966,-2.1013,51
2015-08-15 22:53:00,0.0,-3.9127,120.38,21.465,13.664,28.036,0.0001399999999999,0.5345999999999999,-0.0008599999999999,0.0,-3.9127,7e-05,23.798,-26.97,-26.97,20.817,-2.4207,51
2015-08-15 22:54:00,0.0,-3.5445,120.53,21.319,13.665,28.032,0.0,0.5194499999999999,0.0,0.0,-3.5445,0.0,24.255,-26.97,-26.97,20.699,-2.3366,51
2015-08-15 22:55:00,0.0,-4.8564,120.47,20.973,13.665,28.025,0.0001399999999999,0.51512,-0.0008599999999999,-0.00432,-4.8564,8e-05,23.928,-26.97,-26.97,20.51,-2.4711,51
2015-08-15 22:56:00,0.0,-3.7976,120.77,20.619,13.665,28.02,0.0001399999999999,0.5281099999999999,-0.0001399999999999,-0.00216,-3.7976,8e-05,24.606,-26.97,-26.97,20.329,-2.7401,51
2015-08-15 22:57:00,0.0,-4.0508,120.34,20.466,13.665,28.008,0.0,0.53893,-0.00072,0.0,-4.0508,0.0,24.518,-26.97,-26.97,20.169,-2.1685,51
2015-08-15 22:58:00,0.0,-4.9024,120.93,20.418,13.665,28.004,0.0,0.4978099999999999,-0.0004299999999999,0.0,-4.9024,0.0,24.16,-26.97,-26.97,20.06,-1.8828,51
2015-08-15 22:59:00,0.0,-4.0968,120.57,20.558,13.666,27.99,0.0,0.5042999999999999,-0.0001399999999999,0.0,-4.0968,0.0,24.739,-26.97,-26.97,19.984,-1.5297,51
2015-08-15 23:00:00,0.0,-4.9254,120.44,20.637,13.665,27.982,0.0,0.4848199999999999,-0.00058,0.00432,-4.9254,0.0,25.32,-26.97,-26.97,19.889,-1.244,51
2015-08-15 23:01:00,0.0,-4.5342,120.44,20.542,13.666,27.97,0.00029,0.4848199999999999,-0.00072,0.00432,-4.5342,0.0001399999999999,26.207,-26.97,-26.97,19.777,-0.82371,51
2015-08-15 23:02:00,0.0,-4.6953,120.18,20.35,13.666,27.959,0.0,0.4804899999999999,-0.00058,0.0,-4.6953,0.0,25.279,-26.97,-26.97,19.67,-0.5883599999999999,51
2015-08-15 23:03:00,0.0,-4.5111,120.54,20.214,13.667,27.948,0.0001399999999999,0.4545199999999999,-0.0004299999999999,-0.00216,-4.5111,6e-05,24.465,-26.97,-26.97,19.552,-0.42026,51
2015-08-15 23:04:00,0.0,-4.1659,120.44,20.025,13.667,27.931,0.0001399999999999,0.47183,-0.00072,0.00432,-4.1659,7e-05,24.49,-26.97,-26.97,19.423,-0.15129,51
2015-08-15 23:05:00,0.0,-4.281,120.35,19.801,13.667,27.919,0.0001399999999999,0.4588499999999999,-0.00029,-0.0064799999999999,-4.281,6e-05,24.737,-26.97,-26.97,19.264,0.08405,51
2015-08-15 23:06:00,0.0,-4.6032,120.43,19.519,13.667,27.904,0.0001399999999999,0.47616,-0.00072,-0.00432,-4.6032,7e-05,24.235,-26.97,-26.97,19.125,0.13449,51
2015-08-15 23:07:00,0.0,-4.258,120.4,19.371,13.667,27.887,0.0,0.4848199999999999,0.0,0.00216,-4.258,0.0,24.062,-26.97,-26.97,19.022,-0.08405,51
2015-08-15 23:08:00,0.0,-4.6723,120.4,19.317,13.669,27.87,0.0001399999999999,0.47616,-0.0004299999999999,0.00216,-4.6723,6e-05,23.846,-26.97,-26.97,18.955,-0.2017299999999999,51
2015-08-15 23:09:00,0.0,-4.327,120.67,19.336,13.669,27.854,0.0,0.4848199999999999,-0.0004299999999999,-0.00216,-4.327,0.0,24.936,-26.97,-26.97,18.887,-0.2185499999999999,51
2015-08-15 23:10:00,0.0,-4.5342,120.26,19.376,13.67,27.833,0.00029,0.4371999999999999,-0.0004299999999999,0.00432,-4.5342,0.00012,24.279,-26.97,-26.97,18.824,-0.23535,51
2015-08-15 23:11:00,0.0,-4.1659,120.57,19.38,13.67,27.814,0.0,0.4242199999999999,0.0004299999999999,-0.00216,-4.1659,0.0,24.13,-26.97,-26.97,18.741,-0.3866499999999999,51
2015-08-15 23:12:00,0.0,-4.9255,120.21,19.361,13.67,27.796,0.0001399999999999,0.4198899999999999,-0.00058,0.0,-4.9255,6e-05,23.547,-26.97,-26.97,18.652,-0.58837,51
2015-08-15 23:13:00,0.0,-4.2119,120.25,19.369,13.67,27.776,0.0001399999999999,0.4285499999999999,-0.00058,0.00432,-4.2119,6e-05,24.621,-26.97,-26.97,18.544,-0.72286,51
2015-08-15 23:14:00,0.0,-4.3961,120.37,19.34,13.671,27.759,0.0,0.4004099999999999,-0.0004299999999999,-0.00216,-4.3961,0.0,24.701,-26.97,-26.97,18.444,-0.95823,51
2015-08-15 23:15:00,0.0,-4.8334,120.38,19.312,13.671,27.737,0.00029,0.4090699999999999,-0.00029,0.00216,-4.8334,0.00012,24.819,-26.97,-26.97,18.344,-1.1264,51
2015-08-15 23:16:00,0.0,-4.7875,120.14,19.28,13.671,27.718,0.00029,0.42856,-0.00115,-0.00432,-4.7875,0.0001299999999999,25.468,-26.97,-26.97,18.249,-1.2104,51
2015-08-15 23:17:00,0.0,-4.2811,120.57,19.209,13.672,27.702,0.0001399999999999,0.40042,-0.00058,-0.00216,-4.2811,6e-05,24.731,-26.97,-26.97,18.178,-1.16,51
2015-08-15 23:18:00,0.0,-4.0969,120.48,19.125,13.673,27.674,0.0001399999999999,0.3896,-0.0004299999999999,-0.00216,-4.0969,6e-05,24.774,-26.97,-26.97,18.131,-0.92465,51
2015-08-15 23:19:00,0.0,-4.5344,120.32,19.179,13.673,27.654,0.00029,0.38961,-0.00072,0.0,-4.5344,0.00011,24.709,-26.97,-26.97,18.123,-0.63885,51
2015-08-15 23:20:00,0.0,-4.2582,120.59,19.308,13.673,27.636,0.00029,0.3896,-0.0004299999999999,-0.00432,-4.2582,0.00011,24.382,-26.97,-26.97,18.106,-0.23537,51
2015-08-15 23:21:00,0.0,-4.2353,120.33,19.376,13.673,27.616,0.0,0.40693,-0.00072,-0.00216,-4.2353,0.0,24.679,-26.97,-26.97,18.093,0.05043,51
2015-08-15 23:22:00,0.0,-4.0512,120.28,19.387,13.675,27.594,0.0,0.43508,-0.00029,0.0,-4.0512,0.0,24.22,-26.97,-26.97,18.088,0.3194299999999999,51
2015-08-15 23:23:00,0.0,-4.2583,120.94,19.303,13.676,27.575,0.0,0.44372,0.0004299999999999,0.0,-4.2583,0.0,23.728,-26.97,-26.97,18.06,0.55483,51
2015-08-15 23:24:00,0.0,-4.7647,120.89,19.148,13.674,27.557,0.0,0.43724,0.0004299999999999,0.0,-4.7647,0.0,24.519,-26.97,-26.97,17.998,0.6388599999999999,51
2015-08-15 23:25:00,0.0,-3.9131,120.48,19.087,13.676,27.536,0.0001399999999999,0.4459,0.0001399999999999,0.0,-3.9131,6e-05,24.595,-26.97,-26.97,18.019,0.5043699999999999,51
2015-08-15 23:26:00,0.0,-4.5575,120.54,19.145,13.677,27.516,0.0,0.42642,0.0001399999999999,0.00649,-4.5575,0.0,24.247,-26.97,-26.97,18.029,0.2185699999999999,51
2015-08-15 23:27:00,0.0,-4.5115,120.64,19.094,13.677,27.495,0.0001399999999999,0.42208,0.00029,0.00216,-4.5115,7e-05,24.823,-26.97,-26.97,17.997,-0.2185699999999999,51
2015-08-15 23:28:00,0.0,-4.2583,120.44,19.039,13.677,27.473,-0.0001399999999999,0.41776,-0.0001399999999999,0.0,-4.2583,-6e-05,24.989,-26.97,-26.97,17.944,-0.48757,51
2015-08-15 23:29:00,0.0,-4.5116,120.6,18.943,13.677,27.456,0.00029,0.41559,0.00029,0.01946,-4.5116,0.00012,25.048,-26.97,-26.97,17.936,-0.55483,51
2015-08-15 23:30:00,0.0,-4.5115,120.62,18.852,13.677,27.434,0.0001399999999999,0.39828,0.0001399999999999,-0.00432,-4.5115,6e-05,25.433,-26.97,-26.97,17.89,-0.4035099999999999,51
2015-08-15 23:31:00,0.0,-4.4426,120.57,18.777,13.678,27.413,0.0001399999999999,0.4004499999999999,0.00029,-0.00432,-4.4426,6e-05,26.298,-26.97,-26.97,17.844,-0.5212,51
2015-08-15 23:32:00,0.0,-4.2123,120.6,18.712,13.679,27.395,0.00058,0.40044,-0.00029,0.0,-4.2123,0.00023,24.97,-26.97,-26.97,17.806,-0.48757,51
2015-08-15 23:33:00,0.0,-4.4196,120.62,18.697,13.679,27.375,0.00029,0.38962,-0.0001399999999999,-0.0086499999999999,-4.4196,0.00011,25.705,-26.97,-26.97,17.758,-0.48758,51
2015-08-15 23:34:00,0.0,-4.5348,120.5,18.679,13.679,27.357,0.00029,0.38962,0.00029,0.00432,-4.5348,0.00011,24.373,-26.97,-26.97,17.713,-0.48758,51
2015-08-15 23:35:00,0.0,-4.3275,120.64,18.667,13.679,27.339,0.0001399999999999,0.3939599999999999,0.0001399999999999,-0.00216,-4.3275,6e-05,24.706,-26.97,-26.97,17.66,-0.6052699999999999,51
2015-08-15 23:36:00,0.0,-4.5809,120.7,18.62,13.68,27.317,0.0004299999999999,0.3896399999999999,0.00029,0.0,-4.5809,0.00017,24.004,-26.97,-26.97,17.589,-0.55483,51
2015-08-15 23:37:00,0.0,-4.2356,120.61,18.576,13.68,27.298,0.0,0.6147799999999999,0.0004299999999999,0.00216,-4.2356,0.0,24.525,-26.97,-26.97,17.539,-0.6220799999999999,51
2015-08-15 23:38:00,0.0,-4.7421,120.39,18.507,13.681,27.28,0.0001399999999999,0.3896399999999999,0.0001399999999999,-0.00216,-4.7421,6e-05,24.325,-26.97,-26.97,17.48,-0.72297,51
2015-08-15 23:39:00,0.0,-4.4198,120.48,18.441,13.682,27.265,0.00029,0.4069599999999999,0.0,0.00649,-4.4198,0.00011,24.031,-26.97,-26.97,17.431,-0.79022,51
2015-08-15 23:40:00,0.0,-4.4428,120.59,18.383,13.682,27.245,0.0004299999999999,0.39831,0.0,-0.00649,-4.4428,0.00017,24.534,-26.97,-26.97,17.375,-0.8238499999999999,51
2015-08-15 23:41:00,0.0,-4.1666,120.52,18.345,13.682,27.23,0.00058,0.39615,-0.00029,-0.00432,-4.1666,0.00022,24.49,-26.97,-26.97,17.332,-0.84065,51
2015-08-15 23:42:00,0.0,-4.7881,120.45,18.333,13.682,27.213,0.00029,0.38965,0.00029,-0.00432,-4.7881,0.00011,24.795,-26.97,-26.97,17.288,-0.84065,51
2015-08-15 23:43:00,0.0,-3.9594,120.41,18.32,13.682,27.194,0.0,0.40048,0.0001399999999999,-0.00216,-3.9594,0.0,25.043,-26.97,-26.97,17.242,-0.8070399999999999,51
2015-08-15 23:44:00,0.0,-4.1436,120.04,18.287,13.682,27.181,-0.0001399999999999,0.38965,-0.0004299999999999,0.0,-4.1436,-6e-05,23.197,-26.97,-26.97,17.211,-0.85746,51
2015-08-15 23:45:00,0.0,-4.2817,120.73,18.263,13.683,27.17,0.0001399999999999,0.39831,0.00029,0.00432,-4.2817,6e-05,24.817,-26.97,-26.97,17.178,-0.85746,51
2015-08-15 23:46:00,0.0,-4.8112,120.77,18.24,13.683,27.155,0.0,0.39831,0.0008599999999999,0.0,-4.8112,0.0,24.238,-26.97,-26.97,17.149,-0.87428,51
2015-08-15 23:47:00,0.0,-3.453,120.63,18.248,13.684,27.136,-0.00029,0.38965,0.00029,-0.0086499999999999,-3.453,-0.00012,25.077,-26.97,-26.97,17.125,-0.84067,51
2015-08-15 23:48:00,0.0,-4.3278,120.95,18.234,13.685,27.119,0.00058,0.38965,0.0004299999999999,-0.00216,-4.3278,0.00022,24.994,-26.97,-26.97,17.1,-0.99197,51
2015-08-15 23:49:00,0.0,-4.9724,120.18,18.237,13.685,27.105,0.0,0.63211,0.0001399999999999,0.05405,-4.9724,0.00031,24.502,-26.97,-26.97,17.077,-0.99197,51
2015-08-15 23:50:00,0.0,-3.8214,120.5,18.25,13.685,27.089,0.0004299999999999,0.41563,0.0001399999999999,0.40427,-3.8214,0.00087,26.33,-26.97,-26.97,17.047,-1.0929,51
2015-08-15 23:51:00,0.0,-4.581,120.64,18.24,13.685,27.071,0.0,0.38966,0.0,0.00216,-4.581,0.0,24.511,-26.97,-26.97,17.016,-1.2274,51
2015-08-15 23:52:00,0.0,-4.0516,120.59,18.215,13.686,27.056,0.0001399999999999,0.39399,0.0,0.0,-4.0516,6e-05,24.521,-26.97,-26.97,16.979,-1.2778,51
2015-08-15 23:53:00,0.0,-5.0646,120.67,18.128,13.685,27.042,0.00101,0.7663299999999998,0.00432,0.00216,-5.0646,0.0045799999999999,24.162,-26.97,-26.97,16.944,-1.3619,51
2015-08-15 23:54:00,0.0,-4.1668,120.6,18.103,13.686,27.025,0.0004299999999999,0.37235,-0.00058,-0.00216,-4.1668,0.00016,24.461,-26.97,-26.97,16.912,-1.3451,51
2015-08-15 23:55:00,0.0,-4.0978,120.44,18.081,13.687,27.011,0.0,0.36802,-0.0004299999999999,0.0,-4.0978,0.0,25.174,-26.97,-26.97,16.906,-1.4124,51
2015-08-15 23:56:00,0.0,-4.259,120.51,18.083,13.688,26.993,0.00029,0.35721,-0.00072,-0.00216,-4.259,0.0001,25.778,-26.97,-26.97,16.891,-1.3115,51
2015-08-15 23:57:00,0.0,-4.351,120.57,18.072,13.688,26.981,0.0,0.35937,-0.0001399999999999,0.0,-4.351,0.0,24.286,-26.97,-26.97,16.863,-1.2443,51
2015-08-15 23:58:00,0.0,-4.1209,120.47,18.059,13.688,26.963,0.0,0.35071,-0.00058,0.0,-4.1209,0.0,24.4,-26.97,-27.176,16.836,-1.2106,51
2015-08-15 23:59:00,0.0,-4.3281,120.6,18.051,13.688,26.945,0.0004299999999999,0.34205,-0.00029,0.00216,-4.3281,0.0001499999999999,24.326,-26.97,-26.97,16.818,-1.2443,51
