measured_on,ac_current__319,ac_power__315,ac_voltage__318,ambient_temp__320,das_battery_voltage__326,das_temp__325,dc_pos_current__317,dc_pos_voltage__316,dc_power__314,inverter_temp__324,module_temp_1__321,module_temp_2__322,module_temp_3__323,poa_irradiance__313,power_factor__327,system_id
2010-10-24 00:00:00,0.187,3.2039,122.664,9.5828,13.5742,8.538999999999998,0.0023,2.5177,0.0051999999999999,8.3208,5.9531,-7999.0,-7999.0,-3.3819,-0.1270999999999999,4
2010-10-24 00:01:00,0.1872,3.2039,122.6162,9.4585,13.5742,8.5164,-0.0005,2.3525,-0.0023,8.2953,5.8228,-7999.0,-7999.0,-3.5027,-0.1272,4
2010-10-24 00:02:00,0.1865999999999999,3.2254,122.6469,9.3346,13.5742,8.495699999999998,-0.0016,2.4322,-0.0030999999999999,8.2689,5.6923,-7999.0,-7999.0,-3.3819,-0.1274,4
2010-10-24 00:03:00,0.1867999999999999,3.2254,122.6674,9.2671,13.5746,8.4787,0.0027,2.5746,0.0071999999999999,8.254799999999998,5.6745,-7999.0,-7999.0,-3.3215,-0.1285,4
2010-10-24 00:04:00,0.187,3.1179,122.6948,9.1935,13.576,8.4528,0.0020999999999999,2.2955,0.0044,8.2352,5.6383,-7999.0,-7999.0,-3.3819,-0.1283,4
2010-10-24 00:05:00,0.1874,3.1609,122.7375,9.2571,13.5788,8.4358,-0.0018,2.3923,-0.005,8.2218,5.6255,-7999.0,-7999.0,-3.5631,-0.1280999999999999,4
2010-10-24 00:06:00,0.1875999999999999,3.1394,122.7033,9.4068,13.5797,8.4132,0.0038999999999999,2.4949,0.0111,8.2169,5.6877,-7999.0,-7999.0,-3.5631,-0.1288,4
2010-10-24 00:07:00,0.1872,3.1609,122.6623,9.4732,13.5797,8.3906,0.0064,2.3753,0.016,8.2092,5.7919,-7999.0,-7999.0,-3.5631,-0.1282,4
2010-10-24 00:08:00,0.187,3.1824,122.6538,9.4997,13.5797,8.3793,0.0014,2.5461,0.0043,8.1894,5.7948,-7999.0,-7999.0,-3.5027,-0.1277,4
2010-10-24 00:09:00,0.1865999999999999,3.1394,122.6384,9.3272,13.5797,8.3549,-0.0014,2.5006,-0.0038,8.1515,5.7688,-7999.0,-7999.0,-3.5631,-0.1272,4
2010-10-24 00:10:00,0.187,3.1179,122.6401,9.0733,13.5797,8.3353,0.0006999999999999,2.5746,0.0028999999999999,8.1319,5.7976,-7999.0,-7999.0,-3.5027,-0.1283,4
2010-10-24 00:11:00,0.187,3.2039,122.6452,8.8703,13.5801,8.3176,0.0016,2.5006,0.0041,8.1035,5.7719,-7999.0,-7999.0,-3.3819,-0.1277,4
2010-10-24 00:12:00,0.1865999999999999,3.2469,122.7563,8.710599999999998,13.5806,8.3025,0.0018,2.6771,0.0058999999999999,8.0743,5.8195,-7999.0,-7999.0,-3.5027,-0.1283999999999999,4
2010-10-24 00:13:00,0.187,3.2254,122.7409,8.8031,13.5829,8.2931,0.0058999999999999,2.6885,0.0152999999999999,8.0549,5.867,-7999.0,-7999.0,-2.8988,-0.128,4
2010-10-24 00:14:00,0.1867999999999999,3.2684,122.6384,8.9115,13.5833,8.2667,-0.0002,2.6487,-0.0006999999999999,8.0363,5.8896,-7999.0,-7999.0,-3.3819,-0.1283999999999999,4
2010-10-24 00:15:00,0.1872,3.1609,122.5136,9.0109,13.5847,8.2536,0.0018,2.3297,0.0032,8.0189,5.8458,-7999.0,-7999.0,-3.2611,-0.1280999999999999,4
2010-10-24 00:16:00,0.187,3.2039,122.5119,9.0367,13.5843,8.2331,0.0033999999999999,2.5404,0.0077,7.9955,5.8337,-7999.0,-7999.0,-3.2007,-0.1270999999999999,4
2010-10-24 00:17:00,0.1857,3.0964,122.6093,9.0516,13.5852,8.214399999999998,0.0025,2.7113,0.0086999999999999,7.9833,5.8378,-7999.0,-7999.0,-3.4423,-0.1288,4
2010-10-24 00:18:00,0.1872,3.2469,122.623,9.0094,13.5847,8.205,0.0043,2.5689,0.0099,7.9874,5.8405,-7999.0,-7999.0,-3.0196,-0.128,4
2010-10-24 00:19:00,0.187,3.2039,122.6196,9.003299999999998,13.5852,8.182399999999998,0.0045999999999999,2.4835,0.012,7.9733,5.8292,-7999.0,-7999.0,-3.0799,-0.1280999999999999,4
2010-10-24 00:20:00,0.1865999999999999,3.2684,122.6264,9.0263,13.5852,8.1655,-0.0025,2.5063,-0.0064,7.9513,5.8279,-7999.0,-7999.0,-3.2007,-0.1283999999999999,4
2010-10-24 00:21:00,0.1874,3.1824,122.6042,9.0507,13.5852,8.1485,-0.0008999999999999,2.5974,-0.0033999999999999,7.9507,5.917,-7999.0,-7999.0,-2.8384,-0.1280999999999999,4
2010-10-24 00:22:00,0.1875999999999999,3.2039,122.5683,8.8141,13.5852,8.131399999999998,0.0033999999999999,2.5746,0.0076,7.944899999999999,5.9339,-7999.0,-7999.0,-2.778,-0.1283999999999999,4
2010-10-24 00:23:00,0.1874,3.1394,122.5974,9.0042,13.5852,8.1263,0.0088999999999999,2.6145,0.0239,7.9569,6.0655,-7999.0,-7999.0,-2.8384,-0.1292,4
2010-10-24 00:24:00,0.1874,3.2254,122.5752,9.609800000000002,13.5852,8.088599999999998,0.0041,2.4094,0.0083,8.0405,6.2363,-7999.0,-7999.0,-2.7176,-0.1283999999999999,4
2010-10-24 00:25:00,0.1877999999999999,3.2469,122.5752,9.3252,13.5852,8.0717,-0.0005,2.6145,-0.0016,8.0555,6.314,-7999.0,-7999.0,-2.2949,-0.128,4
2010-10-24 00:26:00,0.187,3.2039,122.6196,9.1475,13.5852,8.0585,0.0057,2.7512,0.0156999999999999,8.0466,6.3776,-7999.0,-7999.0,-2.3553,-0.1275999999999999,4
2010-10-24 00:27:00,0.1872,3.1824,122.6251,9.753,13.5852,8.0517,-0.0014,2.6715,-0.0033,8.1022,6.5821,-7999.0,-7999.0,-2.5364,-0.1280999999999999,4
2010-10-24 00:28:00,0.1867999999999999,3.1825,122.6221,9.9515,13.5852,8.0382,0.005,2.4722,0.0135999999999999,8.122,6.7151,-7999.0,-7999.0,-2.2345,-0.1278,4
2010-10-24 00:29:00,0.1874,3.2255,122.6289,9.859800000000002,13.5852,8.0325,0.0005,2.4266,0.0012999999999999,8.110699999999998,6.7279,-7999.0,-7999.0,-2.2345,-0.1287,4
2010-10-24 00:30:00,0.1867999999999999,3.2041,122.622,9.9671,13.5852,8.0175,0.0074999999999999,2.4608,0.0166,8.1148,6.7804,-7999.0,-7999.0,-2.2949,-0.1288999999999999,4
2010-10-24 00:31:00,0.1874,3.2686,122.6006,10.01,13.5852,8.0156,0.0002,2.2444,-0.001,8.140499999999998,6.8759,-7999.0,-7999.0,-2.1741,-0.1283999999999999,4
2010-10-24 00:32:00,0.1872,3.204,122.6239,10.1437,13.5852,8.0156,0.0092999999999999,2.552,0.0241999999999999,8.1788,7.0003,-7999.0,-7999.0,-2.2345,-0.1273,4
2010-10-24 00:33:00,0.187,3.1611,122.6225,9.855,13.5852,8.0156,0.0016,2.4552,0.0016999999999999,8.1647,6.927,-7999.0,-7999.0,-2.1741,-0.1283,4
2010-10-24 00:34:00,0.1874,3.2041,122.6252,9.5192,13.5852,8.0156,0.0018,2.5634,0.004,8.1469,6.799,-7999.0,-7999.0,-2.2949,-0.1279,4
2010-10-24 00:35:00,0.1864,3.1612,122.6236,9.2806,13.5852,8.0156,0.0008999999999999,2.6033,0.0019,8.1285,6.7009,-7999.0,-7999.0,-2.2949,-0.1279,4
2010-10-24 00:36:00,0.1867999999999999,3.1827,122.6208,9.0819,13.5852,8.01,0.0058999999999999,2.478,0.0154,8.102299999999998,6.5964,-7999.0,-7999.0,-2.5968,-0.1278,4
2010-10-24 00:37:00,0.1872,3.2687,122.6326,8.8862,13.5852,7.993,0.0005,2.4382,0.003,8.0662,6.4877,-7999.0,-7999.0,-2.5364,-0.1285,4
2010-10-24 00:38:00,0.187,3.1612,122.6466,8.8548,13.5852,7.993,0.0005,2.6831,-0.0001,8.050599999999998,6.4436,-7999.0,-7999.0,-2.778,-0.1288999999999999,4
2010-10-24 00:39:00,0.1864,3.1397,122.6341,8.8102,13.5856,8.0118,-0.0016,2.3755,-0.0054999999999999,8.0744,6.4938,-7999.0,-7999.0,-3.0196,-0.128,4
2010-10-24 00:40:00,0.1864,3.1182,122.6081,8.8709,13.5856,8.0156,0.0043,2.4609,0.0121,8.0959,6.617,-7999.0,-7999.0,-3.0196,-0.1288,4
2010-10-24 00:41:00,0.1880999999999999,3.2042,122.5518,8.8931,13.5856,7.9892,0.0027,2.5065,0.0064,8.0624,6.6297,-7999.0,-7999.0,-3.08,-0.1287,4
2010-10-24 00:42:00,0.1864,3.1397,122.6016,8.9565,13.5856,7.974199999999998,0.0067999999999999,2.4553,0.0152,8.0317,6.5485,-7999.0,-7999.0,-2.8988,-0.1285999999999999,4
2010-10-24 00:43:00,0.1875999999999999,3.1827,122.6315,8.9406,13.5855,7.970399999999999,0.0041,2.6204,0.0118,7.9989,6.5055,-7999.0,-7999.0,-3.08,-0.1288,4
2010-10-24 00:44:00,0.1867999999999999,3.2472,122.5975,9.0304,13.5855,7.970399999999999,0.0067999999999999,2.2444,0.0195,8.002399999999998,6.5283,-7999.0,-7999.0,-3.0196,-0.1280999999999999,4
2010-10-24 00:45:00,0.187,3.1397,122.5585,9.0211,13.5854,7.970399999999999,-0.0022,2.5065,-0.0044,7.989,6.4764,-7999.0,-7999.0,-2.8988,-0.1283999999999999,4
2010-10-24 00:46:00,0.1879,3.2257,122.5512,8.826499999999998,13.5859,7.970399999999999,0.0047999999999999,2.6147,0.0125,7.9946,6.4807,-7999.0,-7999.0,-2.8384,-0.1283,4
2010-10-24 00:47:00,0.1862999999999999,3.1611,122.5987,8.8116,13.5854,7.970399999999999,0.0005,2.4324,0.0030999999999999,7.9968,6.5511,-7999.0,-7999.0,-2.9592,-0.1283,4
2010-10-24 00:48:00,0.1865999999999999,3.1827,122.6288,9.0745,13.5854,7.970399999999999,0.0073,2.7059,0.0195,8.0259,6.6891,-7999.0,-7999.0,-2.8384,-0.129,4
2010-10-24 00:49:00,0.187,3.2043,122.6171,9.1778,13.5853,7.970399999999999,-0.0006999999999999,2.5123,-0.0025999999999999,8.0415,6.7965,-7999.0,-7999.0,-2.7176,-0.1283,4
2010-10-24 00:50:00,0.1865999999999999,3.1828,122.63,8.7132,13.5853,7.970399999999999,0.0071,2.592,0.0178999999999999,8.0067,6.65,-7999.0,-7999.0,-2.4156,-0.1279,4
2010-10-24 00:51:00,0.1860999999999999,3.1612,122.6275,8.7046,13.5853,7.970399999999999,0.0032,2.535,0.0074,7.9776,6.5603,-7999.0,-7999.0,-2.476,-0.1282,4
2010-10-24 00:52:00,0.1857,3.1397,122.6198,8.699,13.5867,7.9569,0.003,2.6375,0.0092999999999999,7.9499,6.5055,-7999.0,-7999.0,-2.2949,-0.1283999999999999,4
2010-10-24 00:53:00,0.1875999999999999,3.2042,122.6642,8.661799999999998,13.5876,7.9518,0.0027,2.5691,0.0067999999999999,7.9398,6.5074,-7999.0,-7999.0,-2.778,-0.1288,4
2010-10-24 00:54:00,0.1845999999999999,3.1397,122.6292,8.1924,13.5863,7.9518,0.003,2.5122,0.0083999999999999,7.9086,6.4228,-7999.0,-7999.0,-2.7176,-0.1277,4
2010-10-24 00:55:00,0.1879,3.2687,122.68,7.6252,13.5898,7.9501,0.0064,2.5635,0.0154,7.848,6.33,-7999.0,-7999.0,-2.8384,-0.1295999999999999,4
2010-10-24 00:56:00,0.1883,3.4193,122.6808,7.4516,13.5889,7.9501,0.0074999999999999,2.4553,0.0201,7.7877,6.2838,-7999.0,-7999.0,-2.8988,-0.1295,4
2010-10-24 00:57:00,0.1864,3.2043,122.7432,7.6246,13.5902,7.9444,0.0083999999999999,2.4838,0.0207999999999999,7.7572,6.2646,-7999.0,-7999.0,-3.2007,-0.1287,4
2010-10-24 00:58:00,0.1867999999999999,3.2472,122.6991,7.9733,13.5902,7.9275,0.0020999999999999,2.478,0.0051999999999999,7.7324,6.2867,-7999.0,-7999.0,-3.3819,-0.1283,4
2010-10-24 00:59:00,0.1879,3.2902,122.7062,8.1967,13.5906,7.9275,0.0033999999999999,2.4837,0.0061,7.7388,6.2846,-7999.0,-7999.0,-3.0196,-0.1293999999999999,4
2010-10-24 01:00:00,0.187,3.1827,122.6697,8.317299999999998,13.591,7.9275,0.0073,2.7401,0.0185999999999999,7.736,6.3337,-7999.0,-7999.0,-3.1403,-0.1287,4
2010-10-24 01:01:00,0.1859,3.1612,122.7474,8.4714,13.591,7.9275,0.005,2.3812,0.0112999999999999,7.7339,6.3586,-7999.0,-7999.0,-2.8988,-0.128,4
2010-10-24 01:02:00,0.1865999999999999,3.2472,122.6875,8.5836,13.5914,7.9256,0.005,2.4438,0.0124,7.7213,6.3852,-7999.0,-7999.0,-2.8384,-0.129,4
2010-10-24 01:03:00,0.1872,3.2042,122.6849,8.71,13.5914,7.908699999999999,0.005,2.6888,0.0145,7.7051,6.3909,-7999.0,-7999.0,-2.5364,-0.129,4
2010-10-24 01:04:00,0.1874,3.2686,122.6833,8.8253,13.5913,7.904899999999999,0.0027,2.5691,0.0061999999999999,7.706299999999999,6.4398,-7999.0,-7999.0,-2.5364,-0.1282,4
2010-10-24 01:05:00,0.1874,3.2041,122.7119,9.012,13.5913,7.904899999999999,-0.0005,2.3469,-0.0005999999999999,7.7262,6.5466,-7999.0,-7999.0,-2.1741,-0.1290999999999999,4
2010-10-24 01:06:00,0.1874,3.2257,122.6592,9.1132,13.5913,7.904899999999999,-0.0002,2.2444,0.0011999999999999,7.7503,6.6113,-7999.0,-7999.0,-2.2949,-0.1290999999999999,4
2010-10-24 01:07:00,0.187,3.2257,122.6374,9.1096,13.5908,7.904899999999999,0.0047999999999999,2.4381,0.0126,7.7659,6.6917,-7999.0,-7999.0,-2.2345,-0.1288999999999999,4
2010-10-24 01:08:00,0.1865999999999999,3.1828,122.6341,9.3902,13.5912,7.904899999999999,0.0077,2.4838,0.0199,7.8156,6.8694,-7999.0,-7999.0,-2.1741,-0.1282,4
2010-10-24 01:09:00,0.187,3.2258,122.5941,9.4807,13.5913,7.904899999999999,0.0054999999999999,2.4952,0.0151,7.9029,7.0578,-7999.0,-7999.0,-2.1741,-0.129,4
2010-10-24 01:10:00,0.1867999999999999,3.1614,122.6687,9.465000000000002,13.5916,7.904899999999999,0.0033999999999999,2.256,0.0064,7.9625,7.2127,-7999.0,-7999.0,-1.8721,-0.1285999999999999,4
2010-10-24 01:11:00,0.1874,3.2905,122.6759,9.5127,13.5911,7.9256,-0.0035999999999999,2.2845,-0.0086999999999999,8.0016,7.271099999999999,-7999.0,-7999.0,-1.8117,-0.1288,4
2010-10-24 01:12:00,0.1865999999999999,3.1828,122.6595,9.3025,13.5911,7.9275,0.0033999999999999,2.1705,0.0064999999999999,7.9837,7.2495,-7999.0,-7999.0,-1.5702,-0.1283999999999999,4
2010-10-24 01:13:00,0.1864,3.2474,122.6883,9.274,13.5911,7.9275,-0.0027,2.2787,-0.0058999999999999,7.9638,7.2289,-7999.0,-7999.0,-1.7513,-0.1278,4
2010-10-24 01:14:00,0.1874,3.1182,122.6697,9.3473,13.591,7.9275,0.0033999999999999,2.3357,0.0095999999999999,7.9652,7.2396,-7999.0,-7999.0,-1.691,-0.1279,4
2010-10-24 01:15:00,0.1867999999999999,3.2258,122.6364,9.3606,13.5905,7.9444,0.0038999999999999,2.1591,0.0067999999999999,8.002,7.2708,-7999.0,-7999.0,-1.5702,-0.1287,4
2010-10-24 01:16:00,0.187,3.2689,122.6376,9.3185,13.5905,7.9501,0.0027,2.2503,0.008,8.0183,7.2949,-7999.0,-7999.0,-1.691,-0.1285999999999999,4
2010-10-24 01:17:00,0.1879,3.2905,122.6589,9.276,13.5905,7.9602,0.0011,2.2845,-0.0005999999999999,8.0278,7.3228,-7999.0,-7999.0,-1.5702,-0.128,4
2010-10-24 01:18:00,0.187,3.2045,122.6609,9.3139,13.5895,7.970399999999999,-0.0014,2.2333,-0.0041999999999999,8.0408,7.3543,-7999.0,-7999.0,-1.691,-0.1293999999999999,4
2010-10-24 01:19:00,0.187,3.2045,122.6579,9.2833,13.5881,7.9855,0.008,2.2504,0.0195999999999999,8.0587,7.3737,-7999.0,-7999.0,-1.7513,-0.1297,4
2010-10-24 01:20:00,0.1864,3.1829,122.7022,9.2727,13.5872,8.0062,-0.0002,2.1648,-0.0002,8.058099999999998,7.370199999999999,-7999.0,-7999.0,-1.9325,-0.1293999999999999,4
2010-10-24 01:21:00,0.1864,3.269,122.7191,9.228,13.5867,8.0156,0.0067999999999999,2.2332,0.0162999999999999,8.054,7.3129,-7999.0,-7999.0,-1.8117,-0.1293,4
2010-10-24 01:22:00,0.1857,3.3551,122.7631,9.1168,13.5853,8.0156,0.0047999999999999,2.1877,0.0114,8.0427,7.256,-7999.0,-7999.0,-1.691,-0.1290999999999999,4
2010-10-24 01:23:00,0.1875,3.2261,122.7714,9.0489,13.5853,8.0382,0.0033999999999999,2.1479,0.0083999999999999,8.0539,7.2609,-7999.0,-7999.0,-1.691,-0.1288,4
2010-10-24 01:24:00,0.1872,3.2476,122.7855,8.9619,13.5853,8.0517,0.0035999999999999,1.8402,0.0041,8.0533,7.2454,-7999.0,-7999.0,-1.5098,-0.1283,4
2010-10-24 01:25:00,0.1867999999999999,3.2906,122.8088,8.8817,13.5853,8.0585,0.0038999999999999,2.1365,0.0071,8.045899999999998,7.2501,-7999.0,-7999.0,-1.7513,-0.1288,4
2010-10-24 01:26:00,0.1872,3.2476,122.8201,8.860699999999998,13.5853,8.0717,0.0041,2.3131,0.0086999999999999,8.0569,7.2995,-7999.0,-7999.0,-1.8117,-0.1287,4
2010-10-24 01:27:00,0.1875,3.2906,122.8217,8.9168,13.5857,8.088599999999998,0.0047999999999999,1.8118,0.0082,8.068899999999998,7.3662,-7999.0,-7999.0,-1.5702,-0.1285,4
2010-10-24 01:28:00,0.1867999999999999,3.3122,122.8575,9.0824,13.5852,8.1225,0.0018,1.9485,0.0016,8.0964,7.4747,-7999.0,-7999.0,-1.691,-0.1290999999999999,4
2010-10-24 01:29:00,0.1859,3.2046,122.8257,9.3718,13.5852,8.1263,-0.003,2.0795,-0.0041,8.1285,7.5899,-7999.0,-7999.0,-1.8721,-0.1285,4
2010-10-24 01:30:00,0.1862,3.2046,122.8472,9.6309,13.5852,8.1399,-0.0005,2.0112,-0.0011999999999999,8.1761,7.7142,-7999.0,-7999.0,-1.4494,-0.1293,4
2010-10-24 01:31:00,0.1872,3.1616,122.8481,9.8221,13.5852,8.156,0.0057,2.0624,0.0119,8.2264,7.8674,-7999.0,-7999.0,-0.8455,-0.1288999999999999,4
2010-10-24 01:32:00,0.1872,3.2691,122.8254,9.9889,13.5852,8.1692,0.0041,2.0225,0.0077,8.2714,8.0005,-7999.0,-7999.0,-0.8455,-0.1295,4
2010-10-24 01:33:00,0.1879,3.14,122.8434,10.1131,13.5852,8.1918,0.0014,2.0225,0.0016999999999999,8.3274,8.1494,-7999.0,-7999.0,-0.8455,-0.1298,4
2010-10-24 01:34:00,0.1875,3.2476,122.8448,10.3278,13.5852,8.2125,0.0058999999999999,1.9655,0.0122,8.4246,8.3098,-7999.0,-7999.0,-0.7247,-0.1285,4
2010-10-24 01:35:00,0.1867999999999999,3.2475,122.8287,10.199,13.5852,8.2246,0.0033999999999999,1.9883,0.0051999999999999,8.484199999999998,8.4055,-7999.0,-7999.0,-0.6643,-0.1292,4
2010-10-24 01:36:00,0.1867999999999999,3.2259,122.7834,10.3049,13.5848,8.251699999999998,0.0091,1.9655,0.0184999999999999,8.617499999999998,8.5389,-7999.0,-7999.0,-0.7247,-0.1293,4
2010-10-24 01:37:00,0.1879,3.1829,122.8331,10.5488,13.5852,8.276199999999998,0.005,2.0338,0.0082,8.752499999999998,8.704399999999998,-7999.0,-7999.0,-0.6038999999999999,-0.1293,4
2010-10-24 01:38:00,0.1872,3.2474,122.8348,10.5538,13.5847,8.3025,0.0033999999999999,1.6806,0.0063,8.8192,8.783799999999998,-7999.0,-7999.0,-0.6643,-0.1285999999999999,4
2010-10-24 01:39:00,0.1872,3.2043,122.761,10.4655,13.5847,8.330199999999998,0.0016,1.8515,0.0041999999999999,8.8688,8.8483,-7999.0,-7999.0,-0.6038999999999999,-0.13,4
2010-10-24 01:40:00,0.1865999999999999,3.2688,122.7726,10.4529,13.5811,8.3567,0.0027,1.7831,0.0030999999999999,8.9258,8.900299999999998,-7999.0,-7999.0,-0.4227,-0.1290999999999999,4
2010-10-24 01:41:00,0.1865999999999999,3.2042,122.8309,10.5459,13.5797,8.3887,0.0054999999999999,1.9938,0.0083,9.0137,8.9642,-7999.0,-7999.0,-0.4227,-0.1285,4
2010-10-24 01:42:00,0.1865999999999999,3.2902,122.8324,10.5975,13.5797,8.4113,0.0032,1.9312,0.0054999999999999,9.1007,9.0108,-7999.0,-7999.0,-0.6038999999999999,-0.1302,4
2010-10-24 01:43:00,0.1872,3.2687,122.8112,10.6154,13.5797,8.4443,0.0027,1.9197,0.0047999999999999,9.1407,9.0295,-7999.0,-7999.0,-0.6038999999999999,-0.1298,4
2010-10-24 01:44:00,0.187,3.2472,122.8303,10.7264,13.5788,8.4731,0.0067999999999999,1.8058,0.0144,9.1843,9.1227,-7999.0,-7999.0,-0.7247,-0.1292,4
2010-10-24 01:45:00,0.1867999999999999,3.3117,122.8184,11.046,13.5783,8.5089,0.0041,1.9596,0.0076,9.2972,9.2448,-7999.0,-7999.0,-0.6643,-0.1295,4
2010-10-24 01:46:00,0.1864,3.2687,122.7896,11.126,13.5742,8.5443,0.0051999999999999,1.9995,0.0112999999999999,9.3799,9.3113,-7999.0,-7999.0,-0.6038999999999999,-0.1290999999999999,4
2010-10-24 01:47:00,0.1867999999999999,3.3118,122.844,11.1443,13.5742,8.5763,-0.0023,2.1477,-0.0083,9.4402,9.3525,-7999.0,-7999.0,-0.6643,-0.1300999999999999,4
2010-10-24 01:48:00,0.187,3.3763,122.8262,11.1134,13.5742,8.6158,0.0071,1.7603,0.0131,9.5065,9.4146,-7999.0,-7999.0,-0.6038999999999999,-0.1298999999999999,4
2010-10-24 01:49:00,0.1864,3.4192,122.8463,11.1816,13.5737,8.6516,0.0027,1.8343,0.0073,9.5847,9.4772,-7999.0,-7999.0,-0.6038999999999999,-0.1300999999999999,4
2010-10-24 01:50:00,0.1865999999999999,3.2257,122.8558,11.1357,13.5742,8.6853,0.0071,1.9425,0.0145,9.6254,9.4797,-7999.0,-7999.0,-0.7247,-0.1295999999999999,4
2010-10-24 01:51:00,0.1875999999999999,3.2901,122.8799,11.0325,13.5728,8.7284,0.0023,2.0109,0.0054999999999999,9.643,9.4471,-7999.0,-7999.0,-0.5434999999999999,-0.1293999999999999,4
2010-10-24 01:52:00,0.1867999999999999,3.2686,122.8723,10.9727,13.5701,8.766,0.0023,1.914,0.0051999999999999,9.6431,9.4224,-7999.0,-7999.0,-0.7851,-0.129,4
2010-10-24 01:53:00,0.1872,3.3331,122.8986,11.0538,13.5687,8.8026,-0.0011,2.0564,0.0012999999999999,9.6548,9.4207,-7999.0,-7999.0,-0.7247,-0.1297,4
2010-10-24 01:54:00,0.1859,3.4191,122.9611,10.3486,13.5682,8.8391,0.0014,1.7431,0.0032,9.6474,9.2965,-7999.0,-7999.0,-0.6643,-0.1295999999999999,4
2010-10-24 01:55:00,0.1865999999999999,3.161,122.9382,9.6875,13.5687,8.869199999999998,0.0106999999999999,1.9595,0.0221,9.599,9.0945,-7999.0,-7999.0,-0.8455,-0.1298,4
2010-10-24 01:56:00,0.1865999999999999,3.2685,122.9,9.3464,13.5664,8.912499999999998,0.0002,1.988,0.0005,9.5552,8.9608,-7999.0,-7999.0,-1.0267,-0.1293,4
2010-10-24 01:57:00,0.1867999999999999,3.1825,122.843,9.331600000000002,13.5646,8.934,0.0073,1.8684,0.0106999999999999,9.5003,8.8696,-7999.0,-7999.0,-1.4494,-0.13,4
2010-10-24 01:58:00,0.1875999999999999,3.3545,122.8271,9.3527,13.5655,8.963,0.0032,2.0222,0.0071,9.479,8.791,-7999.0,-7999.0,-1.7513,-0.1288,4
2010-10-24 01:59:00,0.187,3.1825,122.8318,9.434,13.5646,8.998699999999998,0.0033999999999999,1.8968,0.0067,9.4659,8.7446,-7999.0,-7999.0,-1.9325,-0.1293,4
2010-10-24 02:00:00,0.1874,3.3115,122.8279,9.517,13.5636,9.0119,0.003,2.1304,0.0083999999999999,9.4381,8.6883,-7999.0,-7999.0,-1.8117,-0.1298,4
2010-10-24 02:01:00,0.1874,3.3975,122.8242,9.5984,13.5636,9.0364,0.0051999999999999,1.9367,0.0086999999999999,9.4279,8.6568,-7999.0,-7999.0,-1.8117,-0.1295999999999999,4
2010-10-24 02:02:00,0.187,3.2255,122.8272,10.388,13.5632,9.0609,0.0038999999999999,1.9481,0.0067,9.4799,8.7798,-7999.0,-7999.0,-1.8721,-0.1295999999999999,4
2010-10-24 02:03:00,0.1874,3.3115,122.8288,10.7179,13.5636,9.0882,0.0038999999999999,2.0506,0.0085,9.541200000000002,8.853899999999998,-7999.0,-7999.0,-1.0267,-0.1292,4
2010-10-24 02:04:00,0.1874,3.376,122.8369,10.6667,13.5632,9.1038,0.0041,2.1588,0.0086999999999999,9.5624,8.8575,-7999.0,-7999.0,-0.9059,-0.1300999999999999,4
2010-10-24 02:05:00,0.1872,3.3115,122.8095,10.5973,13.5632,9.1339,0.0047999999999999,2.1019,0.0106999999999999,9.5798,8.8557,-7999.0,-7999.0,-0.7851,-0.13,4
2010-10-24 02:06:00,0.187,3.2469,122.8109,10.6084,13.5632,9.1565,0.0043,1.8626,0.0112,9.5769,8.859899999999998,-7999.0,-7999.0,-0.7851,-0.1303999999999999,4
2010-10-24 02:07:00,0.1872,3.2899,122.7271,10.6801,13.5632,9.1885,0.0073,1.8911,0.0158,9.6025,8.880599999999998,-7999.0,-7999.0,-0.7851,-0.1293999999999999,4
2010-10-24 02:08:00,0.1875999999999999,3.2899,122.7063,10.7399,13.5632,9.2036,0.0008999999999999,1.8911,0.0018,9.6091,8.8914,-7999.0,-7999.0,-0.7851,-0.1300999999999999,4
2010-10-24 02:09:00,0.1872,3.3759,122.761,10.7655,13.5632,9.2299,0.0071999999999999,1.9082,0.0103,9.6354,8.9291,-7999.0,-7999.0,-0.9059,-0.1303999999999999,4
2010-10-24 02:10:00,0.1862999999999999,3.3329,122.8308,10.794,13.5632,9.2614,0.0027,1.9481,0.0047999999999999,9.6598,8.967,-7999.0,-7999.0,-0.9059,-0.1300999999999999,4
2010-10-24 02:11:00,0.1867999999999999,3.3544,122.8308,10.7739,13.5632,9.2804,0.0002,2.0107,0.0028999999999999,9.663900000000002,8.9768,-7999.0,-7999.0,-0.7851,-0.1302,4
2010-10-24 02:12:00,0.1865999999999999,3.2684,122.8528,10.6803,13.5632,9.3105,0.0043,1.9025,0.0074999999999999,9.6707,8.9999,-7999.0,-7999.0,-0.7247,-0.1302,4
2010-10-24 02:13:00,0.187,3.2469,122.8494,10.5452,13.5632,9.3331,-0.0011,1.8854,-0.0037,9.6657,8.9878,-7999.0,-7999.0,-1.087,-0.1295,4
2010-10-24 02:14:00,0.1877999999999999,3.3114,122.7962,10.4722,13.5632,9.3632,0.0073,2.0563,0.0135,9.6675,8.9818,-7999.0,-7999.0,-1.2078,-0.1298,4
2010-10-24 02:15:00,0.1874,3.2469,122.8372,10.4491,13.5627,9.3821,0.0074999999999999,2.0278,0.0173999999999999,9.6616,8.965899999999998,-7999.0,-7999.0,-0.9663,-0.1293,4
2010-10-24 02:16:00,0.187,3.3544,122.8388,10.478,13.5627,9.4047,0.0067999999999999,1.9538,0.0141,9.6629,8.9737,-7999.0,-7999.0,-1.2078,-0.1300999999999999,4
2010-10-24 02:17:00,0.1865999999999999,3.3329,122.8474,10.5091,13.5614,9.4273,0.0023,2.1816,0.0047999999999999,9.6763,9.037400000000002,-7999.0,-7999.0,-1.087,-0.1298,4
2010-10-24 02:18:00,0.1874,3.2254,122.8575,10.6613,13.5614,9.4574,0.0018,1.9993,0.0048999999999999,9.7107,9.1241,-7999.0,-7999.0,-1.0267,-0.1295,4
2010-10-24 02:19:00,0.1875999999999999,3.2469,122.8575,10.7255,13.56,9.471100000000002,0.008,1.9651,0.0183,9.7202,9.1542,-7999.0,-7999.0,-1.0267,-0.13,4
2010-10-24 02:20:00,0.187,3.4189,122.8404,10.7257,13.5604,9.4984,0.0064,2.0506,0.014,9.7262,9.1631,-7999.0,-7999.0,-1.2078,-0.1300999999999999,4
2010-10-24 02:21:00,0.1872,3.3974,122.8592,10.731,13.5586,9.5172,0.0008999999999999,2.005,0.0015,9.7281,9.1791,-7999.0,-7999.0,-1.2078,-0.1305999999999999,4
2010-10-24 02:22:00,0.1874,3.3759,122.8523,10.9218,13.5581,9.5398,0.0043,2.1303,0.0089999999999999,9.7499,9.235,-7999.0,-7999.0,-1.1474,-0.1298,4
2010-10-24 02:23:00,0.1867999999999999,3.2254,122.8591,10.9695,13.5577,9.554900000000002,0.0041,2.1075,0.0108,9.7608,9.2309,-7999.0,-7999.0,-1.0267,-0.1292,4
2010-10-24 02:24:00,0.1875999999999999,3.3114,122.8625,10.9293,13.5577,9.5794,0.0020999999999999,1.9822,0.0028999999999999,9.7605,9.2137,-7999.0,-7999.0,-1.1474,-0.1298,4
2010-10-24 02:25:00,0.1874,3.1824,122.8249,10.8683,13.5577,9.6001,0.0025,2.455,0.0079,9.7543,9.1841,-7999.0,-7999.0,-1.087,-0.1295,4
2010-10-24 02:31:00,0.187,3.3114,122.8794,10.8203,13.5554,9.7149,0.0041,2.1588,0.0095999999999999,9.7857,9.1695,-7999.0,-7999.0,-1.3286,-0.1303999999999999,4
2010-10-24 02:32:00,0.187,3.2899,122.8794,10.771,13.554,9.7281,0.0035999999999999,1.8284,0.0067,9.7748,9.1417,-7999.0,-7999.0,-1.2682,-0.1293,4
2010-10-24 02:33:00,0.1860999999999999,3.2469,122.8589,10.6702,13.554,9.743200000000002,0.0045999999999999,2.381,0.0126999999999999,9.7807,9.127,-7999.0,-7999.0,-1.087,-0.1295999999999999,4
2010-10-24 02:34:00,0.187,3.2899,122.8264,10.5176,13.5531,9.7575,0.005,2.0335,0.0106999999999999,9.7689,9.0847,-7999.0,-7999.0,-1.389,-0.1303999999999999,4
2010-10-24 02:35:00,0.1872,3.4404,122.8196,10.2952,13.5531,9.771,0.0025,2.2613,0.0041,9.769,9.0693,-7999.0,-7999.0,-1.389,-0.1303,4
2010-10-24 02:36:00,0.1865999999999999,3.3544,122.7649,10.092,13.5526,9.7917,0.0066,2.1303,0.0126,9.7642,9.0624,-7999.0,-7999.0,-1.4494,-0.1297,4
2010-10-24 02:37:00,0.1872,3.1824,122.8281,9.99,13.5522,9.8313,0.0073,2.0677,0.016,9.772,9.0659,-7999.0,-7999.0,-1.5098,-0.1292,4
2010-10-24 02:38:00,0.1875999999999999,3.2684,122.7922,10.0764,13.5526,9.8388,0.0086999999999999,1.874,0.014,9.7625,9.0224,-7999.0,-7999.0,-1.5098,-0.1303,4
2010-10-24 02:39:00,0.187,3.4404,122.8264,10.1882,13.5522,9.8482,0.0033999999999999,2.1987,0.0064999999999999,9.7557,8.985799999999998,-7999.0,-7999.0,-1.7513,-0.1305999999999999,4
2010-10-24 02:40:00,0.1874,3.2469,122.835,10.3741,13.5522,9.8614,0.0032,2.267,0.0064999999999999,9.7682,8.994099999999998,-7999.0,-7999.0,-1.8721,-0.1302,4
2010-10-24 02:41:00,0.1867999999999999,3.3544,122.7939,10.492,13.5522,9.8727,0.0023,1.9708,0.0055999999999999,9.783,9.0061,-7999.0,-7999.0,-1.8117,-0.1303,4
2010-10-24 02:42:00,0.1867999999999999,3.3544,122.8059,10.5082,13.5522,9.884,0.0045999999999999,2.4664,0.0147,9.7844,8.9679,-7999.0,-7999.0,-1.691,-0.1297,4
2010-10-24 02:43:00,0.1880999999999999,3.2684,122.7956,10.4784,13.5522,9.884,0.0038999999999999,2.1702,0.0104,9.7674,8.9112,-7999.0,-7999.0,-1.8721,-0.1300999999999999,4
2010-10-24 02:44:00,0.1872,3.2899,122.8059,10.4302,13.5522,9.9047,0.0092999999999999,2.2044,0.0187,9.774,8.875299999999998,-7999.0,-7999.0,-1.9325,-0.1298,4
2010-10-24 02:45:00,0.1867999999999999,3.3759,122.7563,10.3802,13.5522,9.9066,0.0023,2.1018,0.0063,9.7617,8.8007,-7999.0,-7999.0,-1.8721,-0.1298999999999999,4
2010-10-24 02:46:00,0.1874,3.3974,122.8179,10.3735,13.5517,9.9085,0.005,2.005,0.0111,9.7466,8.7572,-7999.0,-7999.0,-1.9929,-0.1303,4
2010-10-24 02:47:00,0.1865999999999999,3.2899,122.835,10.3708,13.5522,9.9292,0.0,2.1474,0.0005,9.7525,8.6859,-7999.0,-7999.0,-2.0533,-0.1298999999999999,4
2010-10-24 02:48:00,0.1867999999999999,3.2684,122.8332,10.336,13.5522,9.9292,0.0071,2.3297,0.0156999999999999,9.7334,8.6051,-7999.0,-7999.0,-2.1741,-0.1300999999999999,4
2010-10-24 02:49:00,0.1875999999999999,3.2254,122.811,10.3402,13.5522,9.9292,0.0057,2.2158,0.0121,9.724900000000002,8.5895,-7999.0,-7999.0,-2.1137,-0.1305999999999999,4
2010-10-24 02:50:00,0.1874,3.1824,122.8332,10.2912,13.5522,9.9292,0.0092999999999999,1.8455,0.0172,9.7172,8.564,-7999.0,-7999.0,-2.0533,-0.1303,4
2010-10-24 02:51:00,0.1874,3.2899,122.8315,10.2213,13.5522,9.9311,0.0097999999999999,2.3126,0.0225999999999999,9.7007,8.534,-7999.0,-7999.0,-2.1741,-0.1298999999999999,4
2010-10-24 02:52:00,0.187,3.3329,122.8435,10.1946,13.5522,9.9499,0.0088999999999999,2.2158,0.0201,9.7082,8.5217,-7999.0,-7999.0,-2.1137,-0.1303999999999999,4
2010-10-24 02:53:00,0.1872,3.3544,122.852,10.1865,13.5522,9.9518,0.0051999999999999,2.0107,0.0132,9.6938,8.500199999999998,-7999.0,-7999.0,-2.1137,-0.1305,4
2010-10-24 02:54:00,0.1874,3.2469,122.8298,10.2256,13.5522,9.9518,0.0071,2.1018,0.0152999999999999,9.6889,8.4867,-7999.0,-7999.0,-2.1137,-0.1295999999999999,4
2010-10-24 02:55:00,0.187,3.2469,122.8384,10.2377,13.5522,9.9518,0.0016,2.2784,0.006,9.679,8.4768,-7999.0,-7999.0,-2.1741,-0.1308,4
2010-10-24 02:56:00,0.1874,3.3114,122.8298,10.2654,13.5522,9.9518,0.0054999999999999,2.1417,0.0144,9.6797,8.503,-7999.0,-7999.0,-1.9929,-0.1295999999999999,4
2010-10-24 02:57:00,0.1874,3.2254,122.835,10.1382,13.5522,9.9518,0.0023,1.9708,0.0023999999999999,9.6613,8.481099999999998,-7999.0,-7999.0,-1.9325,-0.1302,4
2010-10-24 02:58:00,0.1875999999999999,3.2254,122.7888,10.0429,13.5522,9.9518,0.0027,2.1645,0.0057999999999999,9.6393,8.4236,-7999.0,-7999.0,-2.0533,-0.1303999999999999,4
2010-10-24 02:59:00,0.187,3.3329,122.7256,10.028,13.5522,9.9518,0.0051999999999999,2.193,0.0121,9.6259,8.386,-7999.0,-7999.0,-2.1741,-0.1303999999999999,4
2010-10-24 03:00:00,0.1874,3.4189,122.7546,10.0592,13.5522,9.9518,0.0144,2.0563,0.031,9.6153,8.3506,-7999.0,-7999.0,-2.1137,-0.1300999999999999,4
2010-10-24 03:01:00,0.1867999999999999,3.3329,122.7495,10.0663,13.5522,9.9518,0.0058999999999999,2.0221,0.0131,9.6033,8.3003,-7999.0,-7999.0,-2.1137,-0.1298,4
2010-10-24 03:02:00,0.1872,3.3329,122.7256,10.0855,13.5522,9.9574,0.0057,2.0962,0.0108,9.599,8.2811,-7999.0,-7999.0,-2.1741,-0.1303,4
2010-10-24 03:03:00,0.1872,3.2254,122.7068,10.0087,13.5522,9.9518,0.0045999999999999,2.3012,0.0106999999999999,9.5835,8.266199999999998,-7999.0,-7999.0,-2.1741,-0.1295,4
2010-10-24 03:04:00,0.1865999999999999,3.3544,122.7649,10.0735,13.5522,9.9518,0.0073,2.2215,0.0151,9.5806,8.287499999999998,-7999.0,-7999.0,-2.2345,-0.13,4
2010-10-24 03:05:00,0.1872,3.3329,122.8281,10.2512,13.5522,9.9518,0.005,1.8968,0.0103,9.577800000000002,8.279,-7999.0,-7999.0,-2.1741,-0.131,4
2010-10-24 03:06:00,0.1874,3.1824,122.7751,10.2,13.5522,9.9518,0.0114,2.2272,0.0258999999999999,9.5715,8.2195,-7999.0,-7999.0,-2.2345,-0.1302,4
2010-10-24 03:07:00,0.1877999999999999,3.2039,122.8162,10.077,13.5526,9.9518,-0.0016,1.9822,-0.0035999999999999,9.5509,8.1294,-7999.0,-7999.0,-2.2949,-0.1305999999999999,4
2010-10-24 03:08:00,0.1872,3.4189,122.8281,9.9296,13.5526,9.948,-0.0002,2.2499,-0.0012999999999999,9.5337,8.0617,-7999.0,-7999.0,-2.4156,-0.1303999999999999,4
2010-10-24 03:09:00,0.1872,3.2899,122.7512,9.9598,13.5531,9.9292,0.0083999999999999,2.1702,0.0193,9.5149,8.0804,-7999.0,-7999.0,-2.476,-0.13,4
2010-10-24 03:10:00,0.1875999999999999,3.4834,122.7974,9.9861,13.5549,9.9292,0.0045999999999999,1.9708,0.0089999999999999,9.5099,8.1181,-7999.0,-7999.0,-2.3552,-0.1303999999999999,4
2010-10-24 03:11:00,0.1872,3.2684,122.7837,10.2044,13.5545,9.9292,0.003,2.1474,0.0012999999999999,9.5241,8.1904,-7999.0,-7999.0,-2.4156,-0.1303,4
2010-10-24 03:12:00,0.1875999999999999,3.3114,122.8247,10.1689,13.5545,9.9292,0.0058999999999999,2.193,0.0135,9.5205,8.1592,-7999.0,-7999.0,-2.2344,-0.1302,4
2010-10-24 03:13:00,0.1867999999999999,3.3544,122.8059,10.0454,13.554,9.9273,0.0074999999999999,2.3069,0.0165,9.5088,8.0892,-7999.0,-7999.0,-2.2948,-0.1308999999999999,4
2010-10-24 03:14:00,0.187,3.3974,122.758,9.9856,13.5559,9.9122,0.0043,2.2442,0.0137,9.4866,7.9982,-7999.0,-7999.0,-2.2344,-0.1310999999999999,4
2010-10-24 03:15:00,0.1874,3.4189,122.7085,9.9415,13.5572,9.9066,0.0121,2.1474,0.0281,9.4718,7.9131,-7999.0,-7999.0,-2.2948,-0.1303999999999999,4
2010-10-24 03:16:00,0.187,3.1609,122.7205,9.9131,13.5563,9.9066,0.0038999999999999,2.2442,0.0076,9.4626,7.8421,-7999.0,-7999.0,-2.3552,-0.1308,4
2010-10-24 03:17:00,0.1867999999999999,3.4834,122.7358,9.8899,13.5568,9.8934,0.0097999999999999,2.2613,0.0214999999999999,9.4359,7.7245,-7999.0,-7999.0,-2.3552,-0.131,4
2010-10-24 03:18:00,0.1865999999999999,3.2899,122.7444,9.9075,13.5559,9.884,0.0118,2.0563,0.0218999999999999,9.4194,7.6653,-7999.0,-7999.0,-2.476,-0.1300999999999999,4
2010-10-24 03:19:00,0.1865999999999999,3.1824,122.7512,9.9488,13.5572,9.884,0.008,2.1417,0.0184,9.4145,7.6455,-7999.0,-7999.0,-2.5364,-0.13,4
2010-10-24 03:20:00,0.1874,3.3544,122.6675,10.1003,13.5572,9.8784,-0.0030999999999999,2.2898,0.0005,9.4088,7.7009,-7999.0,-7999.0,-2.476,-0.1305999999999999,4
2010-10-24 03:21:00,0.187,3.3329,122.6846,10.2917,13.5577,9.8614,0.0032,2.005,0.0063,9.4174,7.751299999999999,-7999.0,-7999.0,-2.2344,-0.1300999999999999,4
2010-10-24 03:22:00,0.1874,3.3114,122.6743,10.3381,13.5568,9.8595,0.0033999999999999,2.193,0.0057,9.4325,7.8055,-7999.0,-7999.0,-2.174,-0.1305999999999999,4
2010-10-24 03:23:00,0.187,3.3329,122.6709,10.2413,13.5577,9.8445,0.0011,2.324,0.0033999999999999,9.416,7.834399999999999,-7999.0,-7999.0,-2.174,-0.1308,4
2010-10-24 03:24:00,0.1874,3.2899,122.6743,10.2307,13.5577,9.8388,0.0083999999999999,2.2386,0.0190999999999999,9.4117,7.857199999999998,-7999.0,-7999.0,-2.174,-0.1308999999999999,4
2010-10-24 03:25:00,0.1867999999999999,3.4619,122.6743,10.3053,13.5577,9.8388,0.0018,2.0734,0.004,9.4131,7.872099999999999,-7999.0,-7999.0,-2.174,-0.1308,4
2010-10-24 03:26:00,0.1877999999999999,3.2684,122.6897,10.3395,13.5568,9.8388,0.0014,2.2215,0.0051,9.4252,7.922399999999999,-7999.0,-7999.0,-2.174,-0.131,4
2010-10-24 03:27:00,0.1875999999999999,3.5049,122.7153,10.3412,13.5572,9.8313,0.0057,2.2272,0.0105,9.4233,7.9318,-7999.0,-7999.0,-2.174,-0.1303999999999999,4
2010-10-24 03:28:00,0.1874,3.2899,122.77,10.3192,13.5563,9.7936,0.0020999999999999,2.4151,0.0057,9.3835,7.896099999999999,-7999.0,-7999.0,-2.174,-0.1308,4
2010-10-24 03:29:00,0.1867999999999999,3.3544,122.8264,10.3562,13.5577,9.7936,0.0023,2.1987,0.0030999999999999,9.3828,7.926,-7999.0,-7999.0,-2.1741,-0.1300999999999999,4
2010-10-24 03:30:00,0.187,3.3114,122.8367,10.3662,13.5577,9.788,0.0061999999999999,2.1588,0.0137,9.3906,7.9892,-7999.0,-7999.0,-2.1741,-0.1308,4
2010-10-24 03:31:00,0.1877999999999999,3.2469,122.8435,10.3414,13.5572,9.771,-0.0016,2.0962,-0.0038999999999999,9.3658,7.9885,-7999.0,-7999.0,-2.1741,-0.1308,4
2010-10-24 03:32:00,0.187,3.3544,122.8281,10.3421,13.5577,9.771,-0.0008999999999999,2.2329,-0.0008,9.3609,7.950199999999999,-7999.0,-7999.0,-1.9929,-0.1310999999999999,4
2010-10-24 03:33:00,0.1872,3.4189,122.7222,10.3976,13.5577,9.771,0.0091,2.2784,0.0179999999999999,9.3637,7.974999999999999,-7999.0,-7999.0,-2.1137,-0.1307,4
2010-10-24 03:34:00,0.1867999999999999,3.3114,122.7563,10.3617,13.5572,9.7558,0.01,2.2442,0.0211,9.369,8.0143,-7999.0,-7999.0,-2.1137,-0.1313,4
2010-10-24 03:35:00,0.1875999999999999,3.2684,122.7939,10.2422,13.5572,9.7507,0.0014,1.9594,0.0015,9.3653,8.0624,-7999.0,-7999.0,-2.1137,-0.1295999999999999,4
2010-10-24 03:36:00,0.1874,3.4834,122.8025,10.1811,13.5577,9.7507,0.005,2.0791,0.0104,9.3589,8.0603,-7999.0,-7999.0,-1.9929,-0.1310999999999999,4
2010-10-24 03:37:00,0.1862999999999999,3.3974,122.7786,10.1349,13.5559,9.7507,0.0035999999999999,2.062,0.0064999999999999,9.3561,8.0382,-7999.0,-7999.0,-2.0533,-0.1310999999999999,4
2010-10-24 03:38:00,0.1875999999999999,3.3329,122.7375,10.0933,13.5577,9.7319,0.0033999999999999,2.2272,0.0106999999999999,9.3401,8.0016,-7999.0,-7999.0,-2.0533,-0.1310999999999999,4
2010-10-24 03:39:00,0.1872,3.2039,122.741,10.1166,13.5572,9.7281,0.003,2.2727,0.0074,9.342,7.997099999999999,-7999.0,-7999.0,-2.1137,-0.1298,4
2010-10-24 03:40:00,0.1874,3.3974,122.7786,10.0604,13.5568,9.7281,0.0092999999999999,2.1588,0.0202999999999999,9.337700000000002,7.941799999999998,-7999.0,-7999.0,-2.1137,-0.1313999999999999,4
2010-10-24 03:41:00,0.1875999999999999,3.2469,122.7478,9.985,13.5577,9.7281,0.0061999999999999,2.4151,0.0155,9.3398,7.936099999999999,-7999.0,-7999.0,-2.1741,-0.1315,4
2010-10-24 03:42:00,0.1875999999999999,3.5049,122.7427,9.9644,13.5572,9.7281,-0.0011,2.2386,-0.0011,9.3356,7.8361,-7999.0,-7999.0,-2.1741,-0.1308999999999999,4
2010-10-24 03:43:00,0.1872,3.5049,122.7085,9.8331,13.5577,9.7206,0.0041,2.3468,0.0099,9.3097,7.7285,-7999.0,-7999.0,-2.3552,-0.1305999999999999,4
2010-10-24 03:44:00,0.1875999999999999,3.4619,122.6504,9.815600000000002,13.5577,9.7074,0.0033999999999999,2.2955,0.0074999999999999,9.2816,7.6158,-7999.0,-7999.0,-2.2345,-0.1308,4
2010-10-24 03:45:00,0.1872,3.3544,122.6829,9.9074,13.5577,9.7018,0.0064,2.3468,0.0137,9.2781,7.6357,-7999.0,-7999.0,-2.778,-0.1307,4
2010-10-24 03:46:00,0.187,3.2469,122.6675,9.9028,13.5577,9.6829,0.0061999999999999,2.2613,0.0137,9.2812,7.7141,-7999.0,-7999.0,-2.7176,-0.1312,4
2010-10-24 03:47:00,0.1880999999999999,3.3759,122.6333,10.2548,13.5577,9.6829,0.0114,2.2784,0.0242999999999999,9.3321,7.9063,-7999.0,-7999.0,-2.7176,-0.1312,4
2010-10-24 03:48:00,0.1872,3.4189,122.6401,10.1638,13.5577,9.6829,0.0047999999999999,2.4949,0.012,9.3604,7.949,-7999.0,-7999.0,-2.4156,-0.1310999999999999,4
2010-10-24 03:49:00,0.1875999999999999,3.2469,122.6624,10.0327,13.5572,9.6641,0.0043,2.1303,0.0106999999999999,9.3282,7.8343,-7999.0,-7999.0,-2.3553,-0.131,4
2010-10-24 03:50:00,0.1872,3.5694,122.6504,9.9379,13.5577,9.6603,0.0082,2.1702,0.0199,9.3145,7.8249,-7999.0,-7999.0,-2.3553,-0.1303999999999999,4
2010-10-24 03:51:00,0.1877999999999999,3.3114,122.6094,10.0299,13.5577,9.6472,0.0057,2.267,0.0132,9.3112,7.8606,-7999.0,-7999.0,-2.3553,-0.1312,4
2010-10-24 03:52:00,0.1877999999999999,3.1609,122.6265,10.3668,13.5581,9.6377,0.0074999999999999,2.3354,0.0164,9.3471,7.9718,-7999.0,-7999.0,-2.2345,-0.1318,4
2010-10-24 03:53:00,0.187,3.3544,122.623,10.2971,13.5581,9.6377,0.0114,2.3183,0.0267,9.3711,8.029999999999998,-7999.0,-7999.0,-2.1741,-0.1308,4
2010-10-24 03:54:00,0.1872,3.3329,122.6333,10.249,13.5591,9.6359,0.0057,2.5347,0.0155,9.3749,8.0692,-7999.0,-7999.0,-2.1137,-0.1315,4
2010-10-24 03:55:00,0.1875999999999999,3.3759,122.6248,10.3883,13.5581,9.6151,0.0097999999999999,2.2955,0.0224,9.3804,8.1371,-7999.0,-7999.0,-2.1741,-0.1307,4
2010-10-24 03:56:00,0.1867999999999999,3.3544,122.635,10.588,13.5591,9.6151,0.0106999999999999,2.2784,0.0228,9.3995,8.1555,-7999.0,-7999.0,-2.1741,-0.1323,4
2010-10-24 03:57:00,0.1872,3.5264,122.6453,10.6619,13.5586,9.6039,0.0066,2.267,0.0131,9.3945,8.186,-7999.0,-7999.0,-2.1137,-0.1303999999999999,4
2010-10-24 03:58:00,0.1872,3.3114,122.6282,10.6293,13.5595,9.5926,0.0045999999999999,2.0791,0.0077,9.4009,8.1662,-7999.0,-7999.0,-2.1137,-0.1303999999999999,4
2010-10-24 03:59:00,0.1872,3.4189,122.8298,10.5711,13.5591,9.5926,0.0064,2.267,0.0138999999999999,9.4052,8.1904,-7999.0,-7999.0,-2.1137,-0.1307,4
2010-10-24 04:00:00,0.1875999999999999,3.5694,122.9392,10.6814,13.5595,9.585,0.0045999999999999,2.193,0.0109,9.4365,8.3076,-7999.0,-7999.0,-2.1137,-0.1313999999999999,4
2010-10-24 04:01:00,0.1867999999999999,3.2684,122.8794,10.8054,13.5577,9.5718,0.0058999999999999,2.1531,0.0102,9.5012,8.422,-7999.0,-7999.0,-2.1137,-0.131,4
2010-10-24 04:02:00,0.187,3.5049,122.876,10.6252,13.5591,9.57,0.0058999999999999,2.0677,0.0124,9.5439,8.490299999999998,-7999.0,-7999.0,-2.1137,-0.1318999999999999,4
2010-10-24 04:03:00,0.1872,3.3759,122.852,10.4846,13.5586,9.57,0.0041,2.1588,0.0086999999999999,9.5743,8.5491,-7999.0,-7999.0,-2.1137,-0.1308999999999999,4
2010-10-24 04:04:00,0.1865999999999999,3.3759,122.8589,10.4437,13.5577,9.5568,0.0041,2.3012,0.0064,9.5745,8.554999999999998,-7999.0,-7999.0,-2.0533,-0.1308999999999999,4
2010-10-24 04:05:00,0.1867999999999999,3.4619,122.8486,10.2851,13.5577,9.5474,0.0018,1.9651,0.0025999999999999,9.569400000000002,8.510899999999998,-7999.0,-7999.0,-2.1137,-0.1318999999999999,4
2010-10-24 04:06:00,0.1877999999999999,3.4619,122.8281,10.1223,13.5586,9.5474,0.0,2.2898,0.0005999999999999,9.5651,8.4768,-7999.0,-7999.0,-2.1137,-0.1313,4
2010-10-24 04:07:00,0.1877999999999999,3.3329,122.7786,9.9609,13.5577,9.5474,0.0058999999999999,2.2556,0.0151,9.5482,8.4456,-7999.0,-7999.0,-2.2345,-0.1305,4
2010-10-24 04:08:00,0.1874,3.4404,122.8418,10.0526,13.5572,9.5474,0.0061999999999999,2.193,0.0135999999999999,9.5404,8.450599999999998,-7999.0,-7999.0,-2.2949,-0.1315999999999999,4
2010-10-24 04:09:00,0.1872,3.2899,122.8384,10.2166,13.5591,9.5436,0.0066,2.2044,0.0131,9.55,8.4993,-7999.0,-7999.0,-2.4157,-0.1317,4
2010-10-24 04:10:00,0.1872,3.6124,122.8452,10.2992,13.5586,9.526700000000002,0.0033999999999999,2.193,0.0047999999999999,9.5444,8.446899999999998,-7999.0,-7999.0,-2.2949,-0.1313999999999999,4
2010-10-24 04:11:00,0.1874,3.4189,122.823,10.2248,13.5581,9.5248,0.0109,2.1189,0.0222,9.5319,8.330199999999998,-7999.0,-7999.0,-2.4157,-0.131,4
2010-10-24 04:12:00,0.1852999999999999,3.3759,122.8367,10.1455,13.56,9.5172,0.0067999999999999,2.0278,0.0145,9.5131,8.2169,-7999.0,-7999.0,-2.4157,-0.1310999999999999,4
2010-10-24 04:13:00,0.187,3.5479,122.8315,10.0451,13.5609,9.5022,0.0023,2.2386,0.0048999999999999,9.4832,8.0891,-7999.0,-7999.0,-2.8988,-0.1317,4
2010-10-24 04:14:00,0.187,3.5479,122.8298,9.8865,13.5604,9.5022,0.0058999999999999,2.2158,0.0131,9.4499,7.9039,-7999.0,-7999.0,-3.1403,-0.1318,4
2010-10-24 04:15:00,0.1872,3.5264,122.8332,9.6709,13.5623,9.5022,0.008,1.9481,0.0134,9.4103,7.7605,-7999.0,-7999.0,-3.5027,-0.1315,4
2010-10-24 04:16:00,0.1872,3.2039,122.8589,9.4096,13.5609,9.4815,0.0057,1.9993,0.0108,9.3457,7.6147,-7999.0,-7999.0,-3.5027,-0.1302,4
2010-10-24 04:17:00,0.187,3.6554,122.8589,9.4037,13.5623,9.4762,0.0061999999999999,2.2158,0.0135,9.3128,7.5484,-7999.0,-7999.0,-3.6235,-0.1322,4
2010-10-24 04:18:00,0.1875999999999999,3.3759,122.8247,9.4052,13.5627,9.4593,0.0077,2.0791,0.0152,9.2654,7.4093,-7999.0,-7999.0,-3.6839,-0.1313,4
2010-10-24 04:19:00,0.1872,3.3329,122.8315,9.4045,13.5632,9.4593,0.003,1.9993,0.0058999999999999,9.235,7.2736,-7999.0,-7999.0,-3.6839,-0.1308,4
2010-10-24 04:20:00,0.1874,3.5049,122.8367,9.4654,13.5632,9.4461,0.0054999999999999,1.8284,0.0091999999999999,9.2048,7.228399999999999,-7999.0,-7999.0,-3.865,-0.1315999999999999,4
2010-10-24 04:26:00,0.187,3.4619,122.8418,9.4479,13.5632,9.3538,0.0066,2.0107,0.012,9.0042,6.8443,-7999.0,-7999.0,-3.8047,-0.1312,4
2010-10-24 04:27:00,0.1862999999999999,3.4404,122.8298,9.4733,13.5632,9.3294,0.0082,1.9651,0.0161,8.984,6.8482,-7999.0,-7999.0,-3.8047,-0.1317,4
2010-10-24 04:28:00,0.1867999999999999,3.4404,122.8281,9.836,13.5632,9.3199,-0.0025999999999999,1.9139,-0.0006999999999999,9.0213,7.1039,-7999.0,-7999.0,-3.7443,-0.1318999999999999,4
2010-10-24 04:29:00,0.1874,3.4619,122.8367,10.0155,13.5636,9.297300000000002,0.0033999999999999,1.8113,0.0067999999999999,9.0369,7.258899999999999,-7999.0,-7999.0,-3.5631,-0.1323999999999999,4
2010-10-24 04:30:00,0.187,3.5479,122.8503,9.7854,13.5646,9.2785,0.0066,2.3354,0.0167,9.033,7.37,-7999.0,-7999.0,-3.3819,-0.1310999999999999,4
2010-10-24 04:31:00,0.1875999999999999,3.4404,122.8298,9.7749,13.5646,9.2751,0.0027,1.9651,0.0038,9.0381,7.4589,-7999.0,-7999.0,-3.3819,-0.1310999999999999,4
2010-10-24 04:32:00,0.1874,3.3544,122.8589,9.9081,13.5673,9.2582,0.0018,2.0392,0.0035,9.0445,7.546299999999999,-7999.0,-7999.0,-3.08,-0.1318,4
2010-10-24 04:33:00,0.1862999999999999,3.5909,122.8315,9.5624,13.5669,9.2412,0.0058999999999999,1.8341,0.0126,9.0261,7.541299999999999,-7999.0,-7999.0,-3.0196,-0.1313999999999999,4
2010-10-24 04:34:00,0.1867999999999999,3.5049,122.8281,9.3777,13.5669,9.2281,0.0095999999999999,1.9936,0.0195999999999999,9.000899999999998,7.519599999999999,-7999.0,-7999.0,-3.0196,-0.1317,4
2010-10-24 04:35:00,0.187,3.5264,122.823,9.499300000000002,13.5682,9.213,0.0008999999999999,1.6917,0.001,8.997199999999998,7.53,-7999.0,-7999.0,-2.8988,-0.1317,4
2010-10-24 04:36:00,0.1875999999999999,3.4404,122.8213,9.5223,13.5678,9.1961,0.01,1.9481,0.0167999999999999,8.9859,7.506599999999999,-7999.0,-7999.0,-2.9592,-0.1318999999999999,4
2010-10-24 04:37:00,0.1872,3.3759,122.8401,9.5273,13.5682,9.1904,0.0020999999999999,1.9651,0.004,8.9795,7.4911,-7999.0,-7999.0,-3.1403,-0.132,4
2010-10-24 04:38:00,0.1862999999999999,3.5049,122.835,9.8047,13.5682,9.1753,0.003,1.743,0.0041,9.0076,7.63,-7999.0,-7999.0,-3.3215,-0.1310999999999999,4
2010-10-24 04:39:00,0.187,3.5264,122.8247,9.7454,13.5687,9.1565,0.0011,1.5664,0.0023,9.027,7.675799999999998,-7999.0,-7999.0,-2.9592,-0.1326,4
2010-10-24 04:40:00,0.1880999999999999,3.4619,122.7871,9.712700000000002,13.5682,9.1452,0.0057,2.005,0.0119,9.0299,7.752399999999998,-7999.0,-7999.0,-2.8988,-0.1313,4
2010-10-24 04:41:00,0.1865999999999999,3.4619,122.7751,10.1725,13.5687,9.1377,-0.0008999999999999,1.9139,-0.0023999999999999,9.1073,7.9535,-7999.0,-7999.0,-2.8988,-0.1317,4
2010-10-24 04:42:00,0.1872,3.4404,122.688,10.203,13.5682,9.1226,0.0011,1.9481,0.0025999999999999,9.1496,8.0534,-7999.0,-7999.0,-2.8988,-0.1318999999999999,4
2010-10-24 04:43:00,0.1874,3.4834,122.717,10.1022,13.5687,9.1057,0.0045999999999999,1.9139,0.0094999999999999,9.1716,8.1116,-7999.0,-7999.0,-2.8988,-0.1318999999999999,4
2010-10-24 04:44:00,0.187,3.4404,122.7529,10.0297,13.5687,9.1,0.0088999999999999,2.0107,0.017,9.1865,8.124399999999998,-7999.0,-7999.0,-2.778,-0.1315,4
2010-10-24 04:45:00,0.1872,3.3974,122.7256,9.954300000000002,13.5682,9.1,0.0027,1.8683,0.0038999999999999,9.1872,8.072599999999998,-7999.0,-7999.0,-2.8988,-0.1315,4
2010-10-24 04:46:00,0.1865999999999999,3.3114,122.8093,10.0401,13.5687,9.0983,0.0043,1.7088,0.0064999999999999,9.2223,8.0503,-7999.0,-7999.0,-2.6572,-0.1308,4
2010-10-24 04:47:00,0.1874,3.5049,122.8247,9.9965,13.5682,9.0882,0.0045999999999999,1.8683,0.0103,9.2489,7.994,-7999.0,-7999.0,-2.8384,-0.1318999999999999,4
2010-10-24 04:48:00,0.1877999999999999,3.4189,122.7974,9.7661,13.5687,9.0797,0.0043,2.0449,0.0089999999999999,9.2419,7.9451,-7999.0,-7999.0,-2.7176,-0.1317,4
2010-10-24 04:49:00,0.1867999999999999,3.4189,122.7427,9.612,13.5687,9.0722,0.008,1.9082,0.0142,9.2202,7.9184,-7999.0,-7999.0,-2.7176,-0.1312,4
2010-10-24 04:50:00,0.1880999999999999,3.5694,122.7153,9.4895,13.5682,9.0571,-0.0014,1.6348,-0.0030999999999999,9.1882,7.850799999999999,-7999.0,-7999.0,-2.8988,-0.1312,4
2010-10-24 04:51:00,0.1875999999999999,3.5264,122.6948,9.5208,13.5687,9.0571,0.0077,1.9936,0.0158,9.1683,7.8267,-7999.0,-7999.0,-3.1403,-0.1310999999999999,4
2010-10-24 04:52:00,0.1877999999999999,3.5479,122.6743,9.6913,13.5687,9.0383,0.0083999999999999,1.7601,0.0148,9.1516,7.8461,-7999.0,-7999.0,-3.2611,-0.1317,4
2010-10-24 04:53:00,0.1862999999999999,3.4404,122.676,10.088,13.5687,9.0345,0.0067999999999999,1.8968,0.0138,9.2003,7.985,-7999.0,-7999.0,-3.2611,-0.1312,4
2010-10-24 04:54:00,0.1865999999999999,3.5049,122.635,10.1073,13.5687,9.0289,-0.0008999999999999,1.8968,-0.0011999999999999,9.2194,8.0219,-7999.0,-7999.0,-2.9592,-0.1312,4
2010-10-24 04:55:00,0.1874,3.4619,122.6436,9.7575,13.5687,9.0119,0.0058999999999999,1.8,0.0122,9.1826,7.9112,-7999.0,-7999.0,-3.1403,-0.1315999999999999,4
2010-10-24 04:56:00,0.1874,3.3544,122.6418,9.517,13.5687,9.0119,0.0035999999999999,2.0221,0.0088999999999999,9.1465,7.8183,-7999.0,-7999.0,-3.3215,-0.1322,4
2010-10-24 04:57:00,0.1872,3.5479,122.623,9.6543,13.5687,9.0119,0.0054999999999999,2.062,0.0115,9.1423,7.8452,-7999.0,-7999.0,-3.5027,-0.1318999999999999,4
2010-10-24 04:58:00,0.1872,3.4404,122.6282,9.6453,13.5687,9.01,0.004,1.6632,0.0047999999999999,9.127,7.8079,-7999.0,-7999.0,-3.2007,-0.1323,4
2010-10-24 04:59:00,0.187,3.5479,122.6299,9.5041,13.5687,8.9912,0.0066,1.8,0.0112999999999999,9.089,7.7195,-7999.0,-7999.0,-3.2611,-0.1315999999999999,4
2010-10-24 05:00:00,0.1872,3.5049,122.6145,9.4301,13.571,8.9856,0.0016,1.6576,0.0005999999999999,9.0635,7.6485,-7999.0,-7999.0,-3.3819,-0.1310999999999999,4
2010-10-24 05:01:00,0.1872,3.4834,122.4983,9.7304,13.5719,8.970499999999998,0.0106999999999999,1.8,0.0195,9.093800000000002,7.6944,-7999.0,-7999.0,-3.3215,-0.1315999999999999,4
2010-10-24 05:02:00,0.1875999999999999,3.3544,122.4744,9.5843,13.5705,8.966699999999998,0.0011,1.8455,0.0011999999999999,9.1113,7.6672,-7999.0,-7999.0,-3.08,-0.1318,4
2010-10-24 05:03:00,0.1867999999999999,3.3974,122.406,9.3421,13.571,8.9573,0.0051999999999999,1.9651,0.0094999999999999,9.0842,7.578999999999998,-7999.0,-7999.0,-3.3215,-0.1325,4
2010-10-24 05:04:00,0.187,3.3114,122.4402,9.257,13.5733,8.9441,0.0011,2.062,0.0012999999999999,9.054,7.5132,-7999.0,-7999.0,-3.2611,-0.1313999999999999,4
2010-10-24 05:05:00,0.1875999999999999,3.4404,122.6077,9.2779,13.5733,8.932299999999998,0.003,1.6974,0.0057,9.0209,7.501299999999999,-7999.0,-7999.0,-3.4423,-0.1318,4
2010-10-24 05:06:00,0.1874,3.7415,123.0041,9.3371,13.5737,8.9238,0.0011,1.9139,0.0027,9.002499999999998,7.491399999999999,-7999.0,-7999.0,-3.3215,-0.1313999999999999,4
2010-10-24 05:07:00,0.1872,3.5264,122.9067,9.1989,13.5742,8.9238,0.0020999999999999,1.5778,0.0044,8.9806,7.4488,-7999.0,-7999.0,-3.2611,-0.1317,4
2010-10-24 05:08:00,0.1872,3.5264,122.893,8.871299999999998,13.5742,8.9069,0.0002,1.817,0.0002,8.919,7.3323,-7999.0,-7999.0,-3.3215,-0.1315999999999999,4
2010-10-24 05:09:00,0.1872,3.3544,122.9067,9.0325,13.5742,8.8956,0.0033999999999999,1.8512,0.004,8.8751,7.315299999999999,-7999.0,-7999.0,-3.5027,-0.1325,4
2010-10-24 05:10:00,0.1875999999999999,3.6769,122.8913,9.282,13.5742,8.8786,0.0033999999999999,1.7772,0.0038999999999999,8.8596,7.311099999999999,-7999.0,-7999.0,-3.3215,-0.1313999999999999,4
2010-10-24 05:11:00,0.1872,3.5694,122.8777,9.676,13.5737,8.8655,0.0002,1.817,0.0006999999999999,8.8925,7.440699999999999,-7999.0,-7999.0,-3.2611,-0.1323,4
2010-10-24 05:12:00,0.1865999999999999,3.5909,122.864,10.1112,13.5742,8.856,0.0020999999999999,1.6177,0.0043,8.9978,7.6102,-7999.0,-7999.0,-3.4423,-0.1318,4
2010-10-24 05:13:00,0.1875999999999999,3.5479,122.8144,10.3185,13.5742,8.8372,-0.0011,1.6348,-0.0023,9.088,7.7567,-7999.0,-7999.0,-3.1403,-0.1317,4
2010-10-24 05:14:00,0.1874,3.5264,122.8179,10.4718,13.5742,8.8334,0.0057,1.6006,0.0095999999999999,9.157800000000002,7.8601,-7999.0,-7999.0,-2.778,-0.1321,4
2010-10-24 05:15:00,0.1872,3.3974,122.8367,10.3439,13.5742,8.8334,0.0043,1.686,0.0082,9.1947,7.885,-7999.0,-7999.0,-2.7176,-0.1321,4
2010-10-24 05:16:00,0.1865999999999999,3.6769,122.8315,10.2621,13.5742,8.8334,0.0086999999999999,1.9765,0.0171,9.2315,7.9417,-7999.0,-7999.0,-2.7176,-0.1318,4
2010-10-24 05:17:00,0.1874,3.5909,122.8247,10.1576,13.5742,8.8334,0.005,1.8057,0.0083999999999999,9.2477,7.9112,-7999.0,-7999.0,-2.778,-0.1318,4
2010-10-24 05:18:00,0.1880999999999999,3.5479,122.8213,10.0299,13.5742,8.8316,-0.0008999999999999,1.5949,0.0004,9.2444,7.832,-7999.0,-7999.0,-2.8384,-0.1312,4
2010-10-24 05:19:00,0.1865999999999999,3.5479,122.7683,9.8898,13.5742,8.8259,0.008,1.5038,0.0115999999999999,9.2445,7.785199999999999,-7999.0,-7999.0,-3.0196,-0.1322,4
2010-10-24 05:20:00,0.1872,3.4189,122.7205,9.8911,13.5742,8.8109,0.0067999999999999,1.8512,0.0124,9.2351,7.7438,-7999.0,-7999.0,-3.1403,-0.1313999999999999,4
2010-10-24 05:26:00,0.187,3.5479,122.8401,9.4218,13.5742,8.7905,0.0043,1.7487,0.0074,9.0859,7.2164,-7999.0,-7999.0,-3.6235,-0.1318999999999999,4
2010-10-24 05:27:00,0.1874,3.4619,122.8435,9.5941,13.5742,8.7905,0.0016,1.8341,0.0035,9.0781,7.242,-7999.0,-7999.0,-3.6839,-0.1321,4
2010-10-24 05:28:00,0.187,3.5479,122.8674,9.7378,13.5742,8.7905,0.0020999999999999,1.6689,0.0041,9.0824,7.3038,-7999.0,-7999.0,-3.6235,-0.1318999999999999,4
2010-10-24 05:29:00,0.1874,3.6124,122.8554,9.8773,13.5742,8.7905,0.0077,1.8512,0.0145,9.1086,7.437999999999999,-7999.0,-7999.0,-3.5631,-0.132,4
2010-10-24 05:30:00,0.1867999999999999,3.6985,122.876,9.9178,13.5742,8.7698,0.0047999999999999,1.5379,0.0074,9.1063,7.4733,-7999.0,-7999.0,-3.4423,-0.1313999999999999,4
2010-10-24 05:31:00,0.1874,3.5909,122.8862,9.8056,13.5742,8.7679,0.0020999999999999,1.686,0.0025999999999999,9.1122,7.4942,-7999.0,-7999.0,-3.1403,-0.1318,4
2010-10-24 05:32:00,0.187,3.5694,122.8554,9.6811,13.5742,8.7679,0.0006999999999999,1.8398,0.0005,9.1023,7.4928,-7999.0,-7999.0,-3.1403,-0.1313,4
2010-10-24 05:33:00,0.187,3.4404,122.8179,9.7839,13.5742,8.766,0.0071,1.8626,0.0124,9.111,7.559,-7999.0,-7999.0,-3.1403,-0.132,4
2010-10-24 05:34:00,0.1860999999999999,3.4404,122.7956,9.6294,13.5742,8.750999999999998,0.0058999999999999,1.8626,0.0086,9.0946,7.5269,-7999.0,-7999.0,-3.0196,-0.1326,4
2010-10-24 05:35:00,0.1865999999999999,3.3974,122.7649,9.3928,13.5742,8.747199999999998,-0.0006999999999999,2.2556,-0.0038999999999999,9.0667,7.4457,-7999.0,-7999.0,-3.2007,-0.1315999999999999,4
2010-10-24 05:36:00,0.187,3.4834,122.8008,9.4685,13.5742,8.7453,0.0041,2.136,0.0085,9.0556,7.4105,-7999.0,-7999.0,-3.0196,-0.1321,4
2010-10-24 05:37:00,0.1874,3.5264,122.8076,9.4835,13.5742,8.7453,0.0005,2.1303,0.0008999999999999,9.0415,7.3537,-7999.0,-7999.0,-3.0196,-0.1318,4
2010-10-24 05:38:00,0.1874,3.4619,122.7649,9.586,13.5742,8.7453,0.0086999999999999,2.193,0.0211,9.0471,7.3743,-7999.0,-7999.0,-3.2007,-0.1318,4
2010-10-24 05:39:00,0.1862999999999999,3.5694,122.782,9.7689,13.5742,8.7397,0.0016,2.2955,0.0033,9.0698,7.330899999999998,-7999.0,-7999.0,-3.2007,-0.132,4
2010-10-24 05:40:00,0.1875999999999999,3.4619,122.8281,9.6027,13.5737,8.7322,0.0006999999999999,2.267,0.0025,9.041,7.1756,-7999.0,-7999.0,-3.1403,-0.132,4
2010-10-24 05:41:00,0.1867999999999999,3.6339,122.8315,9.3327,13.5742,8.722699999999998,0.0045999999999999,2.6544,0.0125,8.994099999999998,7.0091,-7999.0,-7999.0,-3.5631,-0.1318,4
2010-10-24 05:42:00,0.1872,3.6124,122.8298,9.1643,13.5742,8.715199999999998,-0.0008999999999999,2.7398,-0.0016,8.946899999999998,6.9141,-7999.0,-7999.0,-3.6235,-0.1323,4
2010-10-24 05:43:00,0.1872,3.4404,122.8469,9.11,13.5742,8.7002,-0.0006999999999999,2.8879,-0.0008,8.9106,6.9011,-7999.0,-7999.0,-3.8046,-0.1323999999999999,4
2010-10-24 05:44:00,0.1867999999999999,3.5479,122.8418,8.6225,13.5746,8.7002,0.0057,3.0189,0.0166,8.8405,6.7254,-7999.0,-7999.0,-3.7443,-0.1318,4
2010-10-24 05:45:00,0.1865999999999999,3.5909,122.8606,8.1735,13.5756,8.6813,0.0023,3.0987,0.0068999999999999,8.738099999999998,6.491,-7999.0,-7999.0,-3.865,-0.132,4
2010-10-24 05:46:00,0.187,3.4404,122.8264,8.5275,13.5769,8.6708,0.003,3.2752,0.0083,8.6879,6.4811,-7999.0,-7999.0,-4.167,-0.1318999999999999,4
2010-10-24 05:47:00,0.1872,3.4404,122.8025,8.8997,13.5769,8.657199999999998,0.0077,3.1214,0.0222,8.667899999999998,6.5415,-7999.0,-7999.0,-4.0462,-0.1323999999999999,4
2010-10-24 05:48:00,0.1867999999999999,3.2899,122.8008,9.6046,13.5792,8.6478,0.0,2.9676,0.0005999999999999,8.6826,6.6708,-7999.0,-7999.0,-3.8046,-0.1313999999999999,4
2010-10-24 05:49:00,0.1867999999999999,3.5909,122.8162,9.8277,13.5797,8.6346,0.0014,3.4233,0.0023999999999999,8.6815,6.701,-7999.0,-7999.0,-3.7443,-0.1328999999999999,4
2010-10-24 05:50:00,0.1865999999999999,3.6124,122.8196,10.0463,13.5801,8.612,0.0086999999999999,3.617,0.0300999999999999,8.7191,6.881,-7999.0,-7999.0,-3.8046,-0.1328999999999999,4
2010-10-24 05:51:00,0.187,3.6985,122.8076,9.9823,13.5801,8.612,0.0038999999999999,4.0043,0.0149999999999999,8.811899999999998,7.1163,-7999.0,-7999.0,-3.5027,-0.1317,4
2010-10-24 05:52:00,0.1877999999999999,3.4619,122.8042,9.4184,13.5806,8.593199999999998,-0.0011,4.5967,-0.0051,8.7811,7.0987,-7999.0,-7999.0,-3.2007,-0.1317,4
2010-10-24 05:53:00,0.187,3.4404,122.77,9.7656,13.5797,8.589399999999998,0.0045999999999999,5.1948,0.0235999999999999,8.8212,7.2328,-7999.0,-7999.0,-3.3215,-0.1318,4
2010-10-24 05:54:00,0.1867999999999999,3.6554,122.811,10.6088,13.5801,8.5725,0.0023,5.6904,0.0124,8.924699999999998,7.4318,-7999.0,-7999.0,-3.2007,-0.1327,4
2010-10-24 05:55:00,0.1865999999999999,3.3974,122.8315,10.1718,13.5806,8.5669,-0.0027,6.6986,-0.0161,8.9658,7.272,-7999.0,-7999.0,-2.2345,-0.1313,4
2010-10-24 05:56:00,0.1880999999999999,3.6339,122.7922,8.902699999999998,13.5792,8.5669,0.0074999999999999,7.7637,0.0616999999999999,8.8751,7.0404,-7999.0,-7999.0,-2.8988,-0.1321,4
2010-10-24 05:57:00,0.1874,3.5909,122.8093,8.4029,13.5797,8.5669,0.0047999999999999,9.0453,0.0427,8.782299999999998,6.8698,-7999.0,-7999.0,-3.1403,-0.1325,4
2010-10-24 05:58:00,0.1865999999999999,3.3329,122.8264,8.527599999999998,13.5806,8.5618,-0.0016999999999999,9.2162,0.0099,8.7206,6.8725,-7999.0,-7999.0,-3.5631,-0.132,4
2010-10-24 05:59:00,0.1865999999999999,3.6769,122.7256,9.1687,13.5806,8.5465,0.008,9.3074,0.0763999999999999,8.705299999999998,6.9966,-7999.0,-7999.0,-3.6235,-0.1323999999999999,4
2010-10-24 06:00:00,0.1872,3.5264,122.7102,10.1427,13.5815,8.538999999999998,0.0071,9.4612,0.0674,8.8062,7.362,-7999.0,-7999.0,-3.2611,-0.131,4
2010-10-24 06:01:00,0.1862999999999999,3.5264,122.6333,10.7409,13.5811,8.523899999999998,0.0064,9.4953,0.0632,8.9016,7.585499999999999,-7999.0,-7999.0,-2.8988,-0.1318,4
2010-10-24 06:02:00,0.1867999999999999,3.3759,122.6248,10.3196,13.582,8.523899999999998,0.0057,9.6776,0.0555999999999999,8.977399999999998,7.5983,-7999.0,-7999.0,-2.3553,-0.132,4
2010-10-24 06:03:00,0.1880999999999999,3.4189,122.717,10.0673,13.582,8.523899999999998,0.0057,9.8884,0.0557,8.9916,7.5742,-7999.0,-7999.0,-2.476,-0.1315999999999999,4
2010-10-24 06:04:00,0.1880999999999999,3.5694,122.7888,10.0935,13.5806,8.523899999999998,0.0071,9.6833,0.0701999999999999,8.9951,7.489,-7999.0,-7999.0,-2.4156,-0.1317,4
2010-10-24 06:05:00,0.1872,3.6554,122.7751,9.9477,13.5815,8.523899999999998,0.0073,9.7118,0.0710999999999999,8.9923,7.3974,-7999.0,-7999.0,-2.2345,-0.1321,4
2010-10-24 06:06:00,0.1865999999999999,3.5264,122.8315,9.8466,13.5797,8.5145,0.0025,10.3156,0.0233,8.9489,7.2842,-7999.0,-7999.0,-2.2345,-0.1323999999999999,4
2010-10-24 06:07:00,0.1883,3.4834,122.8452,9.4797,13.5801,8.5013,0.0067999999999999,12.1155,0.0801999999999999,8.901,7.1403,-7999.0,-7999.0,-2.2345,-0.1318999999999999,4
2010-10-24 06:08:00,0.1867999999999999,3.5049,122.8657,9.2604,13.5797,8.5013,0.005,14.018,0.0748999999999999,8.871299999999998,7.1233,-7999.0,-7999.0,-2.2949,-0.1321,4
2010-10-24 06:09:00,0.1855,3.5264,122.8999,9.1216,13.5797,8.5013,0.0148,16.4844,0.2439999999999999,8.8529,7.1183,-7999.0,-7999.0,-2.1741,-0.1323999999999999,4
2010-10-24 06:10:00,0.1872,3.5479,122.8742,9.0532,13.5806,8.5013,0.0083999999999999,19.3666,0.1671999999999999,8.818099999999998,7.1083,-7999.0,-7999.0,-1.7513,-0.1318,4
2010-10-24 06:11:00,0.1872,3.5479,122.9136,8.728199999999998,13.5797,8.495699999999998,0.0092999999999999,22.5051,0.2104,8.760099999999998,7.0117,-7999.0,-7999.0,-1.691,-0.1323,4
2010-10-24 06:12:00,0.1880999999999999,3.6554,122.9973,8.4496,13.5801,8.4787,0.0121,24.8348,0.2959,8.6737,6.8014,-7999.0,-7999.0,-1.4494,-0.1315,4
2010-10-24 06:13:00,0.1875999999999999,3.5265,123.0076,8.131399999999998,13.5801,8.4787,0.0097999999999999,26.9143,0.2641,8.590099999999998,6.6549,-7999.0,-7999.0,-1.0267,-0.1307,4
2010-10-24 06:14:00,0.1875999999999999,3.505,122.9998,8.231999999999998,13.5843,8.4787,0.0141,30.2129,0.4305999999999999,8.5263,6.5994,-7999.0,-7999.0,-0.7851,-0.1318999999999999,4
2010-10-24 06:15:00,0.1875999999999999,3.5695,122.9925,8.2917,13.5843,8.459899999999998,0.0161999999999999,35.8407,0.5857999999999999,8.462099999999998,6.545,-7999.0,-7999.0,-0.7247,-0.1326,4
2010-10-24 06:16:00,0.1872,3.591,123.0417,8.1719,13.5843,8.4494,0.0172999999999999,40.3862,0.6973,8.3949,6.4675,-7999.0,-7999.0,-0.3019999999999999,-0.1323999999999999,4
2010-10-24 06:17:00,0.1862999999999999,3.6125,123.0533,8.186199999999998,13.5852,8.4358,0.0171,43.7582,0.7489,8.3374,6.3571,-7999.0,-7999.0,0.3019999999999999,-0.1318999999999999,4
2010-10-24 06:18:00,0.1875999999999999,3.634,123.0752,8.1071,13.5852,8.4245,0.0172999999999999,46.3612,0.8029,8.2871,6.2597,-7999.0,-7999.0,0.7247,-0.1313999999999999,4
2010-10-24 06:19:00,0.187,3.634,123.0817,7.907,13.5852,8.4,0.0231999999999999,48.7023,1.1327,8.2073,6.1547,-7999.0,-7999.0,0.8455,-0.1318999999999999,4
2010-10-24 06:20:00,0.1874,3.548,123.0011,7.9983,13.5852,8.3906,0.0277999999999999,51.6414,1.4339,8.1631,6.1282,-7999.0,-7999.0,1.2078,-0.1312,4
2010-10-24 06:21:00,0.1874,3.462,123.0316,8.277699999999998,13.5852,8.3718,0.0273,61.5526,1.686,8.1308,6.1875,-7999.0,-7999.0,2.8384,-0.1312,4
2010-10-24 06:22:00,0.3063,3.9135,123.0007,8.4668,13.5852,8.345399999999998,0.0293999999999999,220.3722,5.8987,8.111499999999998,6.1261,-7999.0,-7999.0,10.1457,-0.112,4
2010-10-24 06:23:00,0.5746,3.548,122.9782,8.1776,13.5861,8.330199999999998,0.0601999999999999,176.7508,10.5571,8.0786,6.0831,-7999.0,-7999.0,18.9024,-0.0459999999999999,4
2010-10-24 06:24:00,0.559,4.7736,122.9781,8.163399999999998,13.5893,8.308199999999998,0.0806999999999999,158.5288,12.7836,8.0537,6.1286,-7999.0,-7999.0,26.5117,-0.0631,4
2010-10-24 06:25:00,0.5381,6.322,122.9951,8.408699999999998,13.5902,8.2988,0.0976999999999999,158.6071,15.5043,8.067,6.221,-7999.0,-7999.0,33.2755,-0.0981,4
2010-10-24 06:26:00,0.5069,7.6768,122.9923,8.391899999999998,13.5907,8.2705,0.1029999999999999,158.6364,16.3384,8.0557,6.231,-7999.0,-7999.0,37.6841,-0.1226,4
2010-10-24 06:27:00,0.4965,9.8701,122.9966,8.467399999999998,13.5902,8.255499999999998,0.123,158.4872,19.4994,8.0591,6.1981,-7999.0,-7999.0,44.1459,-0.1643999999999999,4
2010-10-24 06:28:00,0.5133999999999999,12.945,122.9759,8.5342,13.5907,8.2331,0.1506,158.6578,23.8958,8.0608,6.1485,-7999.0,-7999.0,51.876,-0.2086,4
2010-10-24 06:29:00,0.5151,14.7082,123.0076,8.5434,13.5907,8.214399999999998,0.1529,158.5315,24.2378,8.073399999999998,6.1988,-7999.0,-7999.0,55.8014,-0.2346999999999999,4
2010-10-24 06:30:00,0.5119,10.4291,123.0007,8.388,13.5907,8.2031,0.1315,158.4004,20.826,8.0897,6.1512,-7999.0,-7999.0,44.5687,-0.1724,4
2010-10-24 06:31:00,0.5521,5.7843,122.988,7.9946,13.5911,8.178599999999998,0.0918,158.6501,14.5651,8.068799999999998,5.9877,-7999.0,-7999.0,26.1494,-0.0796999999999999,4
2010-10-24 06:32:00,0.5295999999999998,9.9989,123.0051,7.4598,13.5911,8.156,0.1292,158.7184,20.5021,8.0228,5.8796,-7999.0,-7999.0,38.4692,-0.1603999999999999,4
2010-10-24 06:33:00,0.5359,22.7287,123.0405,7.1524,13.5921,8.138199999999998,0.2135,158.5754,33.855,7.968,5.9294,-7999.0,-7999.0,72.1674,-0.3437,4
2010-10-24 06:34:00,0.545,28.4486,123.0462,7.1732,13.5948,8.1225,0.2543,158.5591,40.3187,7.9744,6.029,-7999.0,-7999.0,87.8691,-0.4244999999999999,4
2010-10-24 06:35:00,0.5527999999999998,31.0298,123.116,7.1166,13.5953,8.0717,0.2755,158.6828,43.7124,7.974599999999999,6.0556,-7999.0,-7999.0,93.7875,-0.4595,4
2010-10-24 06:36:00,0.5621,33.6749,123.031,7.0728,13.5957,8.055099999999998,0.2929999999999999,158.5467,46.4579,8.015499999999998,6.155,-7999.0,-7999.0,99.6454,-0.4924999999999999,4
2010-10-24 06:37:00,0.5694,36.5141,123.0148,7.2245,13.5962,8.0288,0.3099,158.4588,49.1049,8.0821,6.2702,-7999.0,-7999.0,105.6845,-0.5232999999999999,4
2010-10-24 06:38:00,0.5829999999999999,39.5676,123.1203,7.4081,13.5962,8.0137,0.3322,158.5779,52.6826,8.1734,6.3861,-7999.0,-7999.0,111.6632,-0.5511,4
2010-10-24 06:39:00,0.5934,42.1261,123.1223,7.6353,13.5962,7.993,0.3494999999999999,158.4451,55.3785,8.2726,6.5375,-7999.0,-7999.0,117.642,-0.5793,4
2010-10-24 06:40:00,0.6103,45.287,123.1902,8.249499999999998,13.5962,7.970399999999999,0.3687,158.5527,58.4536,8.4052,6.8832,-7999.0,-7999.0,123.7415,-0.6028,4
2010-10-24 06:41:00,0.628,48.4262,123.1995,9.1485,13.5962,7.9518,0.3886999999999999,158.4319,61.5893,8.5773,7.2809,-7999.0,-7999.0,130.5053,-0.6293999999999998,4
2010-10-24 06:42:00,0.6484999999999999,51.3942,123.1991,9.4774,13.5962,7.9444,0.4108,158.6557,65.1783,8.774,7.574,-7999.0,-7999.0,137.0879,-0.6473999999999999,4
2010-10-24 06:43:00,0.6682,54.3195,123.1804,9.363600000000002,13.5957,7.9275,0.4272,158.6523,67.78,8.9356,7.763,-7999.0,-7999.0,142.6439,-0.6626999999999998,4
2010-10-24 06:44:00,0.6779,57.0071,123.1282,8.8621,13.5962,7.9275,0.4359,162.3595,70.7489,9.0942,7.8808,-7999.0,-7999.0,144.8784,-0.6847999999999999,4
2010-10-24 06:45:00,0.6185,44.556,123.1205,8.384299999999998,13.5962,7.9275,0.3444999999999999,164.9502,56.8255,9.1968,7.895699999999999,-7999.0,-7999.0,114.0185,-0.5960999999999999,4
2010-10-24 06:46:00,0.647,53.3077,123.1557,8.2046,13.5962,7.9275,0.4161,165.6328,68.9622,9.269,7.929,-7999.0,-7999.0,128.9955,-0.6561,4
2010-10-24 06:47:00,0.7643999999999999,71.4995,123.2148,8.4279,13.5957,7.9275,0.5186,166.4977,86.3271,9.4105,8.1673,-7999.0,-7999.0,166.9211,-0.7589,4
2010-10-24 06:48:00,0.7843,73.0904,123.1902,8.8556,13.5939,7.9275,0.5413999999999999,163.3638,88.4598,9.5859,8.495599999999998,-7999.0,-7999.0,173.9872,-0.7573999999999999,4
2010-10-24 06:49:00,0.8321,82.2505,123.1043,8.969699999999998,13.593,7.9275,0.5638999999999998,173.5026,97.8565,9.7789,8.735799999999998,-7999.0,-7999.0,180.8116,-0.8012,4
2010-10-24 06:50:00,0.8639999999999999,86.55079999999998,123.1464,8.8214,13.5911,7.9275,0.5853,174.3106,102.0432,9.9755,8.8803,-7999.0,-7999.0,187.1541,-0.813,4
2010-10-24 06:51:00,0.9159,96.1195,123.1649,8.7185,13.5911,7.9294,0.6104,185.6799,113.361,10.1688,9.1066,-7999.0,-7999.0,193.3148,-0.8488,4
2010-10-24 06:52:00,0.9685,103.3925,123.198,8.572599999999998,13.5907,7.9482,0.6316,192.0459,121.3254,10.3733,9.3696,-7999.0,-7999.0,199.8384,-0.8668,4
2010-10-24 06:53:00,1.0368,113.2217,123.176,8.6569,13.5907,7.9619,0.6552999999999999,201.7273,132.1941,10.5776,9.6054,-7999.0,-7999.0,206.784,-0.8847,4
2010-10-24 06:54:00,1.106,121.7571,123.087,8.6655,13.5902,7.9798,0.6733,207.8992,139.9973,10.7789,9.7958,-7999.0,-7999.0,213.1851,-0.8969,4
2010-10-24 06:55:00,1.1438,127.5844,123.1755,8.8076,13.5902,8.0043,0.7041,207.0499,145.7971,11.0043,10.0823,-7999.0,-7999.0,220.6132,-0.9016,4
2010-10-24 06:56:00,1.2217,137.0954,123.1947,9.1815,13.5879,8.0212,0.7278,216.5784,157.643,11.2821,10.3917,-7999.0,-7999.0,226.5915,-0.9111,4
2010-10-24 06:57:00,1.2892,146.1504,123.1924,9.7402,13.5861,8.0484,0.7441999999999999,223.6215,166.4645,11.5648,10.7455,-7999.0,-7999.0,233.2949,-0.9183,4
2010-10-24 06:58:00,1.3369,150.8996,123.2049,10.3567,13.5852,8.0868,0.7731,222.363,171.8974,11.8481,11.1335,-7999.0,-7999.0,240.844,-0.9215,4
2010-10-24 06:59:00,1.3719,156.5765,123.2507,10.571,13.5852,8.1365,0.7876999999999998,223.5703,176.1374,12.136,11.4853,-7999.0,-7999.0,248.4534,-0.924,4
2010-10-24 07:00:00,1.4618,168.2502,123.2072,10.7084,13.5852,8.182399999999998,0.8132,232.72,189.272,12.4125,11.8164,-7999.0,-7999.0,256.1231,-0.9311,4
2010-10-24 07:01:00,1.5291,175.8625,123.2105,10.7438,13.5834,8.2336,0.8383,235.4825,197.4107,12.7122,12.1235,-7999.0,-7999.0,263.189,-0.9341,4
2010-10-24 07:02:00,1.614,187.386,123.2018,10.8457,13.5811,8.2912,0.8689999999999999,242.3831,210.6458,12.9933,12.4493,-7999.0,-7999.0,271.6436,-0.9379,4
2010-10-24 07:03:00,1.7104,196.9549,123.2255,11.0067,13.5797,8.3481,0.8883999999999999,247.4523,219.8378,13.2288,12.7489,-7999.0,-7999.0,279.4341,-0.9335,4
2010-10-24 07:04:00,1.8113,208.9303,123.2207,10.9768,13.5756,8.4151,0.9155,256.2505,234.6077,13.4762,13.0332,-7999.0,-7999.0,288.553,-0.9324,4
2010-10-24 07:05:00,1.9305,223.8105,123.2701,10.9928,13.5742,8.4825,0.9303,267.9504,249.3132,13.8285,13.4061,-7999.0,-7999.0,296.4643,-0.9387,4
2010-10-24 07:06:00,2.0305,235.7431,123.2861,11.0292,13.5737,8.5584,0.9565,275.6609,263.6646,14.2057,13.7942,-7999.0,-7999.0,305.2208,-0.9419,4
2010-10-24 07:07:00,2.1062,245.0536,123.3422,11.1136,13.5701,8.638199999999998,0.9832,277.7964,273.1105,14.5957,14.1228,-7999.0,-7999.0,313.9166,-0.9434,4
2010-10-24 07:08:00,2.1749,253.1373,123.2731,11.1331,13.5687,8.7133,1.0151,276.5586,280.6776,14.9822,14.5117,-7999.0,-7999.0,322.6111,-0.9445,4
2010-10-24 07:09:00,2.2398,261.0284,123.3668,11.1306,13.5636,8.7971,1.0308,280.0327,288.6256,15.3665,14.9468,-7999.0,-7999.0,330.9445,-0.9462,4
2010-10-24 07:10:00,2.302,269.3275,123.368,11.1599,13.5632,8.8749,1.0625,281.034,298.52,15.7887,15.3616,-7999.0,-7999.0,339.9416,-0.9477,4
2010-10-24 07:11:00,2.3738,277.9927,123.3643,11.3325,13.5632,8.9671,1.0925,281.0049,306.9473,16.196,15.793,-7999.0,-7999.0,349.2413,-0.9494,4
2010-10-24 07:12:00,2.452,286.593,123.3622,11.5411,13.5609,9.054900000000002,1.1543,273.3597,315.5023,16.6452,16.2656,-7999.0,-7999.0,358.722,-0.9491,4
2010-10-24 07:13:00,2.5128,293.968,123.3619,11.5121,13.5581,9.149,1.1969,270.5965,323.8678,17.0516,16.648,-7999.0,-7999.0,367.8407,-0.9486,4
2010-10-24 07:14:00,2.6038,305.2349,123.377,11.3287,13.5554,9.2518,1.2258,273.4383,335.1996,17.3764,16.9319,-7999.0,-7999.0,377.9255,-0.9506,4
2010-10-24 07:15:00,2.6872,315.1472,123.4007,11.5126,13.5522,9.3538,1.2481,276.5308,345.1151,17.7316,17.2888,-7999.0,-7999.0,388.0105,-0.9519,4
2010-10-24 07:16:00,2.7477,322.5652,123.3715,11.7295,13.5508,9.4621,1.2723,277.2424,352.7222,18.108,17.6335,-7999.0,-7999.0,396.2235,-0.9525,4
2010-10-24 07:17:00,2.7912,328.349,123.4499,11.8922,13.5467,9.5756,1.2876,280.0501,360.5452,18.3802,17.8531,-7999.0,-7999.0,403.7119,-0.9537,4
2010-10-24 07:18:00,2.8508,335.4016,123.4463,12.0716,13.5458,9.6961,1.3297,275.4132,366.2144,18.6056,18.1281,-7999.0,-7999.0,410.7775,-0.9542,4
2010-10-24 07:19:00,2.8938,340.5833,123.4615,12.1704,13.5416,9.8258,1.3516,275.2248,371.9585,18.9257,18.3693,-7999.0,-7999.0,417.1186,-0.9552,4
2010-10-24 07:20:00,2.9691,350.1947,123.4461,12.1607,13.5412,9.9555,1.4022,273.5329,383.5134,19.1185,18.572,-7999.0,-7999.0,428.6532,-0.9561,4
2010-10-24 07:26:00,2.5923,302.7152,123.1174,12.3355,13.5242,10.7557,1.2133,272.102,330.1709,19.6198,18.8163,-7999.0,-7999.0,370.1355,-0.9503,4
2010-10-24 07:27:00,2.6651,311.5956,123.1447,12.3654,13.5206,10.8922,1.3008,266.3088,346.3491,19.7678,18.8597,-7999.0,-7999.0,381.185,-0.9514,4
2010-10-24 07:28:00,2.3566,275.6646,123.1378,12.2728,13.5192,11.0272,1.1189,267.7556,299.5716,19.5684,18.3701,-7999.0,-7999.0,341.8706,-0.9462,4
2010-10-24 07:29:00,2.6748,312.6275,123.8845,12.2028,13.5187,11.1543,1.2527,275.5135,345.2536,19.1645,17.904,-7999.0,-7999.0,377.2556,-0.9516,4
2010-10-24 07:30:00,2.779,326.3677,123.9358,12.257,13.5164,11.2817,1.3156,272.9844,359.0278,19.2018,18.0374,-7999.0,-7999.0,393.9229,-0.953,4
2010-10-24 07:31:00,2.5354,294.3931,123.8417,12.3216,13.5132,11.3983,1.2124,270.6318,327.5812,19.1671,18.0514,-7999.0,-7999.0,357.5642,-0.9494,4
2010-10-24 07:32:00,3.0942,365.6314,124.0348,12.3177,13.5096,11.5184,1.4876,270.028,401.5992,19.2451,18.2589,-7999.0,-7999.0,442.5916,-0.9568,4
2010-10-24 07:33:00,3.3022,392.2731,124.127,12.2995,13.5083,11.6406,1.6015,266.3824,426.6223,19.1802,18.2452,-7999.0,-7999.0,479.8459,-0.9584,4
2010-10-24 07:34:00,3.159,374.9849,124.0553,12.287,13.5073,11.7748,1.5414,264.7077,407.9888,18.9911,18.2394,-7999.0,-7999.0,460.8225,-0.9574,4
2010-10-24 07:35:00,2.401,284.7812,123.7852,12.3674,13.5042,11.89,1.136,267.4645,303.9328,19.2283,18.4206,-7999.0,-7999.0,355.26,-0.9449,4
2010-10-24 07:36:00,1.1478,124.7369,123.4281,12.3136,13.5023,12.0034,0.5343,267.5898,142.9775,19.0721,17.6394,-7999.0,-7999.0,165.5219,-0.8841,4
2010-10-24 07:37:00,0.9245,94.8482,123.3785,12.2552,13.5016,12.1171,0.4314999999999999,267.9372,115.5945,18.8064,16.902,-7999.0,-7999.0,129.8316,-0.8436,4
2010-10-24 07:38:00,1.3156,145.4009,123.4502,12.2319,13.5002,12.2155,0.6325,261.7,165.6309,18.5995,16.524,-7999.0,-7999.0,189.1913,-0.8829,4
2010-10-24 07:39:00,1.1124,118.372,123.3802,12.1482,13.4973,12.3082,0.5376999999999998,268.353,144.6387,18.2928,15.8963,-7999.0,-7999.0,153.1391,-0.8654,4
2010-10-24 07:40:00,0.9946,106.4811,123.3255,12.1009,13.4958,12.3891,0.4763999999999999,266.1771,126.7857,18.119,15.4888,-7999.0,-7999.0,143.0536,-0.8614,4
2010-10-24 07:41:00,1.0769,114.0285,123.4024,12.0604,13.4957,12.4661,0.5294999999999999,258.3848,136.5202,17.8729,15.0653,-7999.0,-7999.0,150.4794,-0.8688,4
2010-10-24 07:42:00,1.204,132.3272,123.4622,12.0815,13.4954,12.5303,0.6240999999999999,248.9749,155.0969,17.7075,14.8219,-7999.0,-7999.0,176.3225,-0.892,4
2010-10-24 07:43:00,0.9555,101.3204,123.4023,12.0851,13.4951,12.5927,0.4813999999999999,242.5269,116.7769,17.4565,14.5751,-7999.0,-7999.0,144.7399,-0.8487,4
2010-10-24 07:44:00,0.7265,64.7014,123.2434,12.1199,13.4948,12.6529,0.3398999999999999,241.9972,82.256,17.3658,14.2232,-7999.0,-7999.0,98.183,-0.7375,4
2010-10-24 07:45:00,0.7762999999999999,76.1838,123.2622,12.0197,13.4946,12.7043,0.3987,243.0795,96.7004,17.0795,13.7752,-7999.0,-7999.0,110.2584,-0.7861,4
2010-10-24 07:46:00,0.7587,73.0659,123.3117,11.9958,13.4939,12.7476,0.381,237.4232,90.4411,16.7767,13.5041,-7999.0,-7999.0,110.1967,-0.7956999999999999,4
2010-10-24 07:47:00,0.7714999999999999,77.51699999999998,123.2707,11.9979,13.4942,12.7935,0.4101,233.0145,95.4151,16.6012,13.2713,-7999.0,-7999.0,115.0865,-0.8124,4
2010-10-24 07:48:00,1.0082,109.8784,123.3169,11.9898,13.494,12.8293,0.5801,227.9336,132.4699,16.3297,13.1911,-7999.0,-7999.0,158.9813,-0.8819,4
2010-10-24 07:49:00,0.9669,102.9116,123.2656,12.0009,13.4939,12.8638,0.5211,234.1593,122.1108,16.0498,13.1595,-7999.0,-7999.0,149.1384,-0.8701999999999999,4
2010-10-24 07:50:00,1.6331,186.8793,123.5561,12.0224,13.4937,12.8937,0.8942999999999999,238.7675,213.514,15.9174,13.3881,-7999.0,-7999.0,248.6384,-0.9368,4
2010-10-24 07:51:00,1.5735,181.8477,123.5732,12.0495,13.4936,12.9201,0.8528,237.5086,202.5046,15.8786,13.7036,-7999.0,-7999.0,246.3421,-0.9345,4
2010-10-24 07:52:00,1.2473,139.7241,123.5133,12.1106,13.4935,12.9541,0.6786999999999999,235.2017,159.687,15.823,13.7986,-7999.0,-7999.0,195.3792,-0.9136,4
2010-10-24 07:53:00,1.7166,195.9534,123.6449,12.1354,13.493,12.9831,0.9897,228.0475,225.579,15.731,13.9601,-7999.0,-7999.0,267.5877,-0.9354,4
2010-10-24 07:54:00,2.2602,267.0841,123.8158,12.2081,13.4933,13.0168,1.2397,234.9226,291.1537,15.6736,14.527,-7999.0,-7999.0,358.1451,-0.9507,4
2010-10-24 07:55:00,1.7103,195.0718,123.6244,12.2731,13.4919,13.0436,0.9396,238.87,224.8931,15.6911,14.6573,-7999.0,-7999.0,257.9817,-0.9317,4
2010-10-24 07:56:00,2.1387,250.6991,123.7526,12.3148,13.4913,13.0775,1.105,247.0666,272.8683,15.7311,15.0277,-7999.0,-7999.0,324.6295,-0.9461,4
2010-10-24 07:57:00,3.6694,433.6864,124.1542,12.3626,13.4895,13.1096,1.8615,255.9809,476.9279,15.8058,15.6946,-7999.0,-7999.0,521.809,-0.9629,4
2010-10-24 07:58:00,2.9606,351.4819,123.9696,12.4258,13.4898,13.155,1.4821,258.2138,383.3394,15.9347,16.2273,-7999.0,-7999.0,423.2719,-0.9522,4
2010-10-24 07:59:00,4.2295,506.1718,124.3233,12.6286,13.4875,13.1936,2.0672,263.6421,545.1408,16.3445,17.3866,-7999.0,-7999.0,607.9509,-0.9627,4
2010-10-24 08:00:00,3.4999,415.7318,124.1507,12.7528,13.4865,13.2548,1.73,259.9967,449.759,16.8061,18.1623,-7999.0,-7999.0,502.8355,-0.9589,4
2010-10-24 08:01:00,3.7191,438.5031,124.1798,12.9088,13.4833,13.3188,1.8207,265.3225,483.111,17.1882,18.7385,-7999.0,-7999.0,517.3845,-0.9609,4
2010-10-24 08:02:00,4.5112,538.7698,124.431,13.0327,13.4819,13.396,2.1666,269.3667,583.5556,17.5321,19.5446,-7999.0,-7999.0,632.204,-0.964,4
2010-10-24 08:03:00,4.4342,530.3408,124.4908,13.154,13.4805,13.4839,2.131,269.0306,573.2783,18.0041,20.3096,-7999.0,-7999.0,625.5005,-0.9636,4
2010-10-24 08:04:00,3.8992,465.7254,124.308,13.0131,13.4768,13.5769,1.8567,270.1983,501.6133,18.3449,20.9068,-7999.0,-7999.0,551.0524,-0.9612,4
2010-10-24 08:05:00,3.7874,449.7274,124.2635,13.0686,13.4754,13.6769,1.8118,271.6508,492.4305,18.6232,21.1255,-7999.0,-7999.0,526.6622,-0.9615,4
2010-10-24 08:06:00,4.2848,511.0099,124.4481,13.1312,13.4722,13.781,1.99,278.6684,554.5921,18.9094,21.6119,-7999.0,-7999.0,599.465,-0.9637,4
2010-10-24 08:07:00,4.4906,536.8345,124.4669,13.1167,13.4708,13.89,2.0939,278.1899,582.5233,19.0,21.762,-7999.0,-7999.0,630.1917,-0.9644,4
2010-10-24 08:08:00,3.5862,429.2999,124.1439,12.9764,13.4698,14.0005,1.6473,279.6595,460.7235,19.0462,21.6492,-7999.0,-7999.0,513.0742,-0.9595,4
2010-10-24 08:09:00,2.4904,294.8225,123.8414,12.8379,13.4662,14.1156,1.1577,276.3671,320.0403,19.0288,21.1491,-7999.0,-7999.0,359.0107,-0.9482,4
2010-10-24 08:10:00,1.8789,213.9296,123.6501,12.8026,13.4643,14.2291,0.877,279.6196,245.7461,18.9655,20.4567,-7999.0,-7999.0,264.3501,-0.9359,4
2010-10-24 08:11:00,1.9353,224.7024,123.6347,12.781,13.4602,14.3345,0.8721999999999999,284.8884,248.447,18.9353,20.0805,-7999.0,-7999.0,283.7257,-0.9386,4
2010-10-24 08:12:00,1.816,207.7369,123.5646,12.7712,13.4593,14.4319,0.8405,278.0019,233.6917,18.7756,19.529,-7999.0,-7999.0,256.7383,-0.9352,4
2010-10-24 08:13:00,1.877,216.1444,123.5714,12.8174,13.4588,14.5273,0.9018,270.785,244.0007,18.6689,19.027,-7999.0,-7999.0,261.4447,-0.9373,4
2010-10-24 08:14:00,2.2127,254.118,123.6791,12.6851,13.4556,14.6119,1.0597,272.4425,289.1095,18.3137,18.4332,-7999.0,-7999.0,300.6199,-0.9437,4
2010-10-24 08:15:00,2.9351,345.6762,123.8978,12.7215,13.4542,14.6911,1.404,270.8875,380.4064,17.9892,18.2965,-7999.0,-7999.0,403.0558,-0.9547,4
2010-10-24 08:16:00,2.1349,248.7854,123.6842,12.9435,13.4542,14.7798,1.0169,267.2819,271.7619,18.062,18.3526,-7999.0,-7999.0,301.218,-0.9418,4
2010-10-24 08:17:00,2.1606,250.3121,123.633,12.8767,13.4542,14.84,1.0267,273.0406,280.3775,17.9815,18.1386,-7999.0,-7999.0,296.8088,-0.9436,4
2010-10-24 08:18:00,2.2944,267.7722,123.6364,12.8653,13.4528,14.9041,1.0804,276.0994,298.2406,17.8156,18.0959,-7999.0,-7999.0,317.2708,-0.9467,4
2010-10-24 08:19:00,2.552,298.0909,123.7731,12.9658,13.4519,14.9668,1.1499,287.258,330.4059,17.8103,18.2539,-7999.0,-7999.0,356.6859,-0.9512,4
2010-10-24 08:20:00,1.907,221.4556,123.5151,12.9534,13.4514,15.015,0.8546,287.5371,245.7881,17.6669,17.9166,-7999.0,-7999.0,278.6358,-0.9384,4
2010-10-24 08:21:00,1.9049,220.4664,123.5202,12.8585,13.4491,15.069,0.8983999999999999,279.8246,251.198,17.2786,17.257,-7999.0,-7999.0,266.8639,-0.9388,4
2010-10-24 08:22:00,2.9989,351.3099,123.7577,12.8029,13.4487,15.1072,1.4217,273.8324,388.4428,16.8931,17.0429,-7999.0,-7999.0,404.6716,-0.9546,4
2010-10-24 08:23:00,2.2457,261.6224,123.5663,12.9409,13.4491,15.1496,1.0608,271.2464,287.6962,16.9325,17.2516,-7999.0,-7999.0,312.9798,-0.9448,4
2010-10-24 08:24:00,2.5136,291.9842,123.6535,13.0187,13.4487,15.1848,1.2272,270.0559,330.4665,16.9766,17.2957,-7999.0,-7999.0,336.8832,-0.9473,4
2010-10-24 08:25:00,2.7937,330.8609,123.7338,13.1524,13.4487,15.2158,1.3404,265.6585,355.9394,17.0222,17.6948,-7999.0,-7999.0,394.1039,-0.9522,4
2010-10-24 08:26:00,2.3878,278.0074,123.6261,13.1677,13.4487,15.2529,1.1312,271.9014,307.5606,17.1135,17.7025,-7999.0,-7999.0,329.2747,-0.9482,4
2010-10-24 08:27:00,2.42,281.2973,123.568,12.9751,13.4482,15.2898,1.1392,276.8912,315.2976,16.9698,17.3717,-7999.0,-7999.0,330.2979,-0.9488,4
2010-10-24 08:28:00,2.3808,277.7494,123.5441,12.8982,13.4482,15.3273,1.1255,273.3368,307.6647,16.734,17.0922,-7999.0,-7999.0,327.823,-0.9479,4
2010-10-24 08:29:00,2.7202,316.7122,123.6125,13.078,13.4487,15.3584,1.2914,277.2557,358.5212,16.7579,17.3104,-7999.0,-7999.0,367.2375,-0.9527,4
2010-10-24 08:30:00,3.5639,422.4191,123.8722,13.2044,13.4482,15.3872,1.6555,278.7538,461.47,16.9971,18.048,-7999.0,-7999.0,484.0363,-0.9607,4
2010-10-24 08:31:00,3.0914,365.6521,123.7355,13.3063,13.4473,15.4182,1.4131,280.7246,396.4802,17.1959,18.4813,-7999.0,-7999.0,427.3565,-0.9568,4
2010-10-24 08:32:00,2.712,316.3896,123.58,13.2533,13.4464,15.4576,1.2162,289.1947,352.0517,17.1355,18.223,-7999.0,-7999.0,379.0671,-0.9526,4
2010-10-24 08:33:00,2.8153,334.4948,123.6073,13.3105,13.4441,15.49,1.2278,297.79,365.3621,17.2646,18.6393,-7999.0,-7999.0,432.424,-0.953,4
2010-10-24 08:34:00,2.5784,303.8536,123.4587,13.3344,13.4431,15.5299,1.1119,298.3995,331.8829,17.5229,19.1523,-7999.0,-7999.0,404.4164,-0.9448,4
2010-10-24 08:35:00,2.5114,291.6186,123.4108,13.3986,13.4409,15.5713,1.1372,289.9409,329.3066,17.6825,19.3376,-7999.0,-7999.0,359.9298,-0.9488,4
2010-10-24 08:36:00,3.273,389.4771,123.6928,13.5178,13.4386,15.6099,1.4942,282.4733,421.9916,17.9108,19.9255,-7999.0,-7999.0,451.0742,-0.9583,4
2010-10-24 08:37:00,2.393,276.8893,123.3971,13.6234,13.4381,15.6581,1.1244,277.2044,310.9064,18.2015,20.1071,-7999.0,-7999.0,328.3009,-0.9475,4
2010-10-24 08:38:00,2.3035,269.4064,123.433,13.5709,13.4376,15.7078,1.0793,271.0014,292.5076,18.3176,20.1203,-7999.0,-7999.0,324.4372,-0.9451,4
2010-10-24 08:39:00,1.979,226.2721,123.3801,13.5594,13.4376,15.7616,0.9485,270.8761,257.0594,18.3245,19.8259,-7999.0,-7999.0,271.9831,-0.94,4
2010-10-24 08:40:00,2.5974,304.2191,123.5509,13.5217,13.4358,15.807,1.2199,274.3507,334.7744,18.3961,19.9789,-7999.0,-7999.0,356.7287,-0.9505,4
2010-10-24 08:41:00,2.6154,303.5096,123.5133,13.5009,13.4335,15.865,1.2775,266.4731,339.7401,18.5309,20.017,-7999.0,-7999.0,355.4004,-0.9502,4
2010-10-24 08:42:00,2.1796,254.6126,123.3903,13.6015,13.4317,15.9145,1.0531,264.2061,278.0716,18.6697,20.2904,-7999.0,-7999.0,309.1647,-0.9422,4
2010-10-24 08:43:00,1.8074,207.3498,123.257,13.6019,13.4308,15.9663,0.8669,269.7711,233.8645,18.8205,20.1417,-7999.0,-7999.0,252.366,-0.9347,4
2010-10-24 08:44:00,1.9768,227.5193,123.2553,13.52,13.4303,16.0118,0.9692,265.2314,257.0785,18.813,19.9958,-7999.0,-7999.0,273.251,-0.9379,4
2010-10-24 08:45:00,1.9198,220.5309,123.1682,13.3721,13.4267,16.06,0.9143,268.2274,245.3062,18.7373,19.6619,-7999.0,-7999.0,266.2495,-0.937,4
2010-10-24 08:46:00,2.0644,236.3139,123.1545,13.208,13.4267,16.1069,1.0166,261.2555,265.5221,18.6028,19.2468,-7999.0,-7999.0,284.2979,-0.9397,4
2010-10-24 08:47:00,2.2187,256.4403,123.2314,13.1584,13.4267,16.1546,1.0672,268.4553,286.4735,18.512,19.0347,-7999.0,-7999.0,305.0019,-0.9432,4
2010-10-24 08:48:00,2.0611,235.6473,123.2707,13.23,13.4267,16.1856,1.0132,265.351,268.8763,18.5567,18.9226,-7999.0,-7999.0,281.3399,-0.9396,4
2010-10-24 08:49:00,2.8225,331.7425,123.5595,13.3466,13.4267,16.227,1.368,265.4478,362.6598,18.684,19.2676,-7999.0,-7999.0,381.4775,-0.9542,4
2010-10-24 08:50:00,3.086,362.7708,123.6603,13.4257,13.4257,16.2643,1.4917,266.4104,397.4435,18.8919,19.8113,-7999.0,-7999.0,427.2307,-0.9548,4
2010-10-24 08:51:00,2.3612,276.7603,123.4621,13.5105,13.4257,16.3037,1.139,265.9718,302.9341,19.1156,20.0942,-7999.0,-7999.0,332.5856,-0.9454,4
2010-10-24 08:52:00,2.3852,274.7606,123.4279,13.6942,13.4221,16.3453,1.1971,258.4302,308.7256,19.236,20.0163,-7999.0,-7999.0,327.9384,-0.9458,4
2010-10-24 08:53:00,3.4362,403.6043,123.7782,13.8436,13.4216,16.378,1.7127,260.6802,446.9986,19.3456,20.6681,-7999.0,-7999.0,468.0955,-0.9544,4
2010-10-24 08:54:00,2.9472,348.407,123.6159,13.8978,13.4212,16.4277,1.4099,268.0452,377.5509,19.5468,21.2074,-7999.0,-7999.0,418.3595,-0.9514,4
2010-10-24 08:55:00,3.4641,409.4745,123.7509,13.8258,13.4207,16.4733,1.653,273.2685,452.0468,19.574,21.1019,-7999.0,-7999.0,460.6121,-0.958,4
2010-10-24 08:56:00,3.4679,415.0652,123.662,13.8128,13.4184,16.523,1.6218,273.8096,444.0526,19.7282,21.9665,-7999.0,-7999.0,487.1088,-0.9583,4
2010-10-24 08:57:00,2.5097,292.8658,123.3681,13.9912,13.417,16.5706,1.2023,269.6287,324.2394,20.0878,22.2419,-7999.0,-7999.0,348.5814,-0.9492,4
2010-10-24 08:58:00,3.02,356.1695,123.609,14.1866,13.4157,16.6203,1.4568,268.3357,391.0258,20.3371,22.4974,-7999.0,-7999.0,408.8184,-0.9584,4
2010-10-24 08:59:00,3.3808,402.0776,123.8449,14.292,13.4143,16.6845,1.6623,261.9048,435.2471,20.5488,23.1082,-7999.0,-7999.0,473.6447,-0.9604,4
2010-10-24 09:00:00,3.0927,364.7705,123.7492,14.2105,13.4129,16.757,1.5507,258.7036,401.4002,20.6387,23.1398,-7999.0,-7999.0,422.4558,-0.9577,4
2010-10-24 09:01:00,3.8052,455.2106,123.9423,14.0637,13.4111,16.8088,1.851,264.0409,488.6891,20.8055,23.6295,-7999.0,-7999.0,534.7237,-0.9578,4
2010-10-24 09:02:00,3.4695,408.5929,123.8585,14.11,13.4097,16.8709,1.6717,270.1413,451.5558,21.0246,23.8062,-7999.0,-7999.0,465.1252,-0.9591,4
2010-10-24 09:03:00,4.9887,593.4294,124.3267,14.0462,13.4097,16.9331,2.3643,274.6184,649.6832,21.1063,24.3809,-7999.0,-7999.0,683.5027,-0.9654,4
2010-10-24 09:04:00,5.9949,715.8654,124.6753,14.4163,13.4074,17.0003,2.7776,281.6132,782.0466,21.5174,25.9587,-7999.0,-7999.0,842.063,-0.9675,4
2010-10-24 09:05:00,6.2815,755.5078999999998,124.7303,14.5602,13.4047,17.0761,2.9594,275.4641,815.2401999999998,22.1748,27.8056,-7999.0,-7999.0,893.3076999999998,-0.9676,4
2010-10-24 09:06:00,5.8605,704.4234,124.5583,14.6941,13.4047,17.159,2.7825,274.2901,763.2075,22.79,29.3058,-7999.0,-7999.0,832.2856,-0.9672,4
2010-10-24 09:07:00,5.6982,683.6975,124.4783,15.1834,13.4041,17.2571,2.6891,276.068,742.2433999999998,23.5053,30.5639,-7999.0,-7999.0,815.9294999999998,-0.9667,4
2010-10-24 09:08:00,5.2408,626.9995,124.3148,15.4358,13.4001,17.3725,2.411,281.6567,679.08,24.0952,31.6253,-7999.0,-7999.0,771.2655999999998,-0.966,4
2010-10-24 09:09:00,5.0432,602.4242,124.24,15.0905,13.3958,17.4924,2.3629,276.8387,654.0536,24.3549,31.7932,-7999.0,-7999.0,722.0727,-0.9656,4
2010-10-24 09:10:00,4.5673,546.6277,124.1378,14.4502,13.3928,17.6204,2.1601,273.7409,591.402,24.0502,30.935,-7999.0,-7999.0,651.3315,-0.9638,4
2010-10-24 09:11:00,4.3729,520.3962,124.0236,14.2116,13.3904,17.7475,2.043,276.7831,565.554,23.9703,30.4031,-7999.0,-7999.0,621.1507,-0.9635,4
2010-10-24 09:12:00,4.325,514.1832,123.9879,14.0443,13.3884,17.8699,2.0683,271.5606,561.6045,23.8322,29.4079,-7999.0,-7999.0,603.2226,-0.9631,4
2010-10-24 09:13:00,4.506,535.1384,124.025,13.786,13.3842,17.9866,2.1801,266.6231,581.2591,23.7579,29.1157,-7999.0,-7999.0,627.0024,-0.9634,4
2010-10-24 09:14:00,4.5831,546.5488,124.0508,14.0575,13.3813,18.0971,2.1646,274.2919,593.5875,24.1322,29.6197,-7999.0,-7999.0,644.0827,-0.964,4
2010-10-24 09:15:00,4.6373,551.6783,124.0351,14.3948,13.3812,18.208,2.1855,274.2532,599.2104,24.5123,30.3421,-7999.0,-7999.0,651.2627,-0.9641,4
2010-10-24 09:16:00,4.1592,495.1048,123.8649,14.5387,13.3807,18.3278,1.955,274.4902,536.5655,24.597,29.9377,-7999.0,-7999.0,587.101,-0.9623,4
2010-10-24 09:17:00,4.3396,514.3192,123.8426,14.5101,13.3788,18.4405,2.0748,271.0461,562.3095,24.4316,29.4935,-7999.0,-7999.0,602.0001,-0.9634,4
2010-10-24 09:18:00,4.5613,542.246,123.8847,14.5208,13.376,18.5544,2.1869,269.8658,590.0634,24.5111,29.6033,-7999.0,-7999.0,634.7104,-0.964,4
2010-10-24 09:19:00,4.3467,515.8864,123.8009,14.7198,13.3745,18.6661,2.0995,268.6699,563.6608,24.8033,29.8864,-7999.0,-7999.0,602.9515,-0.9633,4
2010-10-24 09:20:00,4.9603,589.9481,124.0596,14.976,13.3713,18.7785,2.4105,266.549,642.6612,25.1617,30.731,-7999.0,-7999.0,695.7739,-0.9616,4
2010-10-24 09:21:00,5.6104,665.6679,124.2656,15.2048,13.3698,18.8924,2.7826,262.4853,729.1971999999998,25.409,31.5944,-7999.0,-7999.0,774.8859999999999,-0.9665,4
2010-10-24 09:22:00,5.4105,650.7443,124.287,15.0224,13.3689,19.0138,2.6685,261.9425,698.8113,25.6473,32.0844,-7999.0,-7999.0,774.4615,-0.9655,4
2010-10-24 09:23:00,4.4756,532.873,123.94,14.623,13.3647,19.1371,2.2331,259.0418,578.5521,25.5765,31.9428,-7999.0,-7999.0,630.3913,-0.9634,4
2010-10-24 09:24:00,4.7574,565.3549,123.9823,14.9236,13.3647,19.255,2.3328,262.908,613.4831,25.7865,32.3992,-7999.0,-7999.0,678.8545,-0.961,4
2010-10-24 09:25:00,4.9073,582.3665,123.9877,15.3,13.3615,19.3834,2.3535,270.4581,636.85,26.057,32.4638,-7999.0,-7999.0,679.8625,-0.9686,4
2010-10-24 09:26:00,3.8745,461.0771,123.7142,15.5844,13.3578,19.5058,1.8323,271.3232,497.1052,26.311,32.4262,-7999.0,-7999.0,555.8392,-0.9605,4
2010-10-24 09:27:00,3.6449,429.6611,123.6316,15.235,13.3575,19.6419,1.7009,278.7895,474.3637,26.1415,31.2536,-7999.0,-7999.0,516.9669,-0.9608,4
2010-10-24 09:28:00,4.0628,481.4893,123.6927,14.1324,13.3575,19.7622,1.9006,276.3343,525.1768,25.3714,29.7106,-7999.0,-7999.0,573.4543,-0.9621,4
2010-10-24 09:29:00,3.6991,436.1246,123.5304,14.2558,13.3545,19.8793,1.7377,275.596,478.96,25.3969,29.5044,-7999.0,-7999.0,514.9616,-0.9611,4
2010-10-24 09:30:00,3.9662,468.9491,123.5865,14.5948,13.3554,19.9894,1.8726,273.7903,512.6306,25.7508,29.8777,-7999.0,-7999.0,551.4104,-0.9622,4
2010-10-24 09:31:00,4.0835,482.1212,123.5869,14.8231,13.3511,20.1045,1.9559,270.7521,529.2315,25.9547,30.2141,-7999.0,-7999.0,562.8654,-0.9623,4
2010-10-24 09:32:00,4.2285,502.821,123.6891,15.1282,13.3487,20.2156,2.0616,265.672,547.7308,26.089,30.617,-7999.0,-7999.0,588.3311,-0.9624,4
2010-10-24 09:33:00,4.0912,485.4696,123.6403,14.9727,13.3472,20.3152,1.978,268.557,531.1851,26.1115,30.7272,-7999.0,-7999.0,568.0508,-0.9621,4
2010-10-24 09:34:00,3.9721,469.8138,123.6095,15.0278,13.3458,20.4227,1.8602,276.2005,513.7242,26.2452,30.8631,-7999.0,-7999.0,555.8591,-0.9621,4
2010-10-24 09:35:00,4.1665,495.4442,123.7187,15.0794,13.3457,20.5296,1.908,284.1702,542.1677,26.3196,30.9511,-7999.0,-7999.0,608.7804,-0.9631,4
2010-10-24 09:36:00,4.2164,499.9798,123.6675,15.0524,13.3457,20.6329,1.9551,278.2198,543.9958,26.3082,31.205,-7999.0,-7999.0,598.5798,-0.9628,4
2010-10-24 09:37:00,3.5584,421.5651,123.5138,15.2368,13.3419,20.7352,1.6568,276.4945,458.1316,26.2403,31.1235,-7999.0,-7999.0,504.1346,-0.9596,4
2010-10-24 09:38:00,3.0797,361.8943,123.3481,15.2566,13.3405,20.8368,1.4679,272.56,400.1032,26.1254,30.5459,-7999.0,-7999.0,429.183,-0.956,4
2010-10-24 09:39:00,3.0151,355.1447,123.2832,15.4755,13.3386,20.9295,1.4379,273.1635,392.7915,26.0783,30.3101,-7999.0,-7999.0,419.767,-0.9555,4
2010-10-24 09:40:00,2.7351,318.7963,123.1773,15.5727,13.3377,21.0131,1.2837,271.9507,349.0654,25.9961,29.4727,-7999.0,-7999.0,378.2428,-0.9516,4
2010-10-24 09:41:00,2.7109,316.7113,123.2849,15.304,13.3345,21.0944,1.3096,269.5421,352.9795,25.649,28.2637,-7999.0,-7999.0,371.2362,-0.9513,4
2010-10-24 09:42:00,2.826,330.6402,123.4455,14.9876,13.3344,21.1599,1.3472,273.4938,368.6226,25.0819,27.1439,-7999.0,-7999.0,386.2586,-0.9527,4
2010-10-24 09:43:00,3.0586,359.057,123.5497,14.9188,13.3344,21.2074,1.4281,277.9125,396.8864,24.6854,26.2265,-7999.0,-7999.0,421.9192,-0.9555,4
2010-10-24 09:44:00,2.7346,319.95,123.4802,14.6735,13.3344,21.2435,1.2661,280.6677,355.3212,24.0984,25.2881,-7999.0,-7999.0,381.0672,-0.9517,4
2010-10-24 09:45:00,2.8221,330.4355,123.4549,14.5355,13.3344,21.2729,1.3105,279.9642,366.8742,23.5465,24.6032,-7999.0,-7999.0,388.0069,-0.9532,4
2010-10-24 09:46:00,3.0717,360.4438,123.4709,14.6354,13.3348,21.2864,1.426,282.4937,402.5964,23.3199,24.4917,-7999.0,-7999.0,424.9975,-0.956,4
2010-10-24 09:47:00,3.3191,390.7948,123.4763,14.713,13.3366,21.2864,1.5599,275.3427,429.4467,23.1287,24.5465,-7999.0,-7999.0,451.4882,-0.9579,4
2010-10-24 09:48:00,2.9967,351.7837,123.3983,14.7589,13.3384,21.2864,1.4456,267.5318,386.7465,23.106,24.3976,-7999.0,-7999.0,409.4853,-0.9546,4
2010-10-24 09:49:00,3.1114,365.3042,123.4445,14.8152,13.3384,21.2864,1.5545,259.959,403.9054,22.9394,24.1594,-7999.0,-7999.0,424.6902,-0.9558,4
2010-10-24 09:50:00,3.559,419.7306,123.5526,14.7571,13.3398,21.2887,1.7367,265.9501,462.0007,22.6918,24.0971,-7999.0,-7999.0,482.1263,-0.9595,4
2010-10-24 09:51:00,4.6714,556.8038,123.8755,14.9423,13.3398,21.2887,2.2204,274.2749,609.4753,22.6925,24.6802,-7999.0,-7999.0,629.0548,-0.9656,4
2010-10-24 09:52:00,3.7952,451.7596,123.5889,14.9902,13.3407,21.2887,1.7779,273.1142,485.4307,22.7902,25.11,-7999.0,-7999.0,525.8148,-0.9601,4
2010-10-24 09:53:00,2.7919,326.6161,123.2832,14.9845,13.3397,21.2977,1.2987,276.1093,358.5154,22.7504,24.8922,-7999.0,-7999.0,384.0128,-0.9521,4
2010-10-24 09:54:00,2.6341,306.7986,123.2101,14.9497,13.3402,21.3136,1.2509,272.2211,340.5233,22.6581,24.4781,-7999.0,-7999.0,357.5201,-0.9507,4
2010-10-24 09:55:00,2.7804,325.6498,123.2238,14.8138,13.3397,21.3136,1.3645,265.6331,362.3816,22.4149,24.1905,-7999.0,-7999.0,376.648,-0.9528,4
2010-10-24 09:56:00,3.2351,380.7639,123.3282,14.9481,13.3402,21.3248,1.557,270.132,420.7407,22.4661,24.3485,-7999.0,-7999.0,436.8657,-0.9575,4
2010-10-24 09:57:00,3.0998,363.8668,123.3686,15.0264,13.3397,21.3361,1.4495,276.5476,400.7466,22.5139,24.4791,-7999.0,-7999.0,422.1429,-0.956,4
2010-10-24 09:58:00,2.8968,340.1057,123.3755,14.7622,13.3406,21.3407,1.3406,281.0156,376.6427,22.2249,24.1068,-7999.0,-7999.0,409.9571,-0.9548,4
2010-10-24 09:59:00,2.8095,329.443,123.3152,14.7552,13.3397,21.3407,1.3025,281.356,366.4261,22.1325,24.0951,-7999.0,-7999.0,387.4486,-0.9529,4
2010-10-24 10:00:00,2.9862,349.8551,123.3416,14.7871,13.3392,21.3407,1.3711,283.2346,388.3591,22.0188,23.9893,-7999.0,-7999.0,412.1209,-0.9551,4
2010-10-24 10:01:00,2.8109,328.1875,123.1906,14.9153,13.3397,21.3316,1.2886,284.4288,366.3394,22.0097,24.0036,-7999.0,-7999.0,391.9672,-0.9534,4
2010-10-24 10:02:00,3.4064,400.3143,123.4073,14.9108,13.3402,21.3181,1.6288,272.3824,443.205,22.0238,24.124,-7999.0,-7999.0,456.409,-0.9588,4
2010-10-24 10:03:00,3.3679,397.4364,123.3893,14.6992,13.3402,21.3136,1.6104,269.4461,433.8169,21.9365,24.0289,-7999.0,-7999.0,457.7381,-0.9582,4
2010-10-24 10:04:00,2.9628,347.1887,123.319,14.8476,13.3397,21.3136,1.3993,272.7573,381.627,21.9214,24.1574,-7999.0,-7999.0,402.4697,-0.9542,4
2010-10-24 10:05:00,2.6444,308.2223,123.1967,14.785,13.3397,21.3136,1.228,278.0655,341.4634,21.8414,23.7192,-7999.0,-7999.0,360.1685,-0.9509,4
2010-10-24 10:06:00,2.5357,295.9303,123.2028,14.648,13.3397,21.2977,1.1786,279.9296,329.8989,21.6255,23.289,-7999.0,-7999.0,347.2521,-0.9503,4
2010-10-24 10:07:00,2.6319,307.066,123.2599,14.6373,13.3388,21.2864,1.2458,274.5277,341.9086,21.5093,23.0446,-7999.0,-7999.0,355.5787,-0.951,4
2010-10-24 10:08:00,2.9072,340.0615,123.3306,14.681,13.3388,21.2864,1.4392,263.2669,378.7982,21.4141,23.0562,-7999.0,-7999.0,392.4456,-0.9541,4
2010-10-24 10:09:00,3.09,362.2882,123.4149,14.6877,13.3397,21.2729,1.5173,262.7158,398.6319,21.3736,23.1053,-7999.0,-7999.0,419.4746,-0.9557,4
2010-10-24 10:10:00,3.5978,423.5492,123.5333,14.5788,13.3397,21.2571,1.7364,270.0792,469.0353,21.3419,23.3323,-7999.0,-7999.0,481.439,-0.9599,4
2010-10-24 10:11:00,3.6591,431.8823,123.5041,14.6122,13.3401,21.2322,1.763,268.6971,473.7028,21.3902,23.8511,-7999.0,-7999.0,493.4507,-0.9601,4
2010-10-24 10:12:00,4.2371,502.1625,123.6291,14.8267,13.3401,21.2277,1.9955,275.1963,549.1317,21.5596,24.5041,-7999.0,-7999.0,572.3171,-0.9631,4
2010-10-24 10:13:00,4.168,494.085,123.6643,15.0375,13.3388,21.2164,1.9184,281.6554,540.2521,21.8147,25.2544,-7999.0,-7999.0,573.227,-0.9628,4
2010-10-24 10:14:00,4.1349,490.3686,123.6614,15.1244,13.3383,21.2209,1.8714,285.5341,534.35,22.0902,25.9228,-7999.0,-7999.0,580.7718,-0.9626,4
2010-10-24 10:15:00,4.2305,500.0619,123.5842,15.2244,13.3374,21.2277,1.9094,289.0117,551.812,22.3932,26.6468,-7999.0,-7999.0,606.0588,-0.9635,4
2010-10-24 10:16:00,3.9407,467.6005,123.456,15.2178,13.336,21.2322,1.7905,285.2156,510.7903,22.6091,27.2709,-7999.0,-7999.0,562.0115,-0.9617,4
2010-10-24 10:17:00,3.8153,449.993,123.4343,15.1203,13.3342,21.2616,1.7752,279.1947,495.2633,22.6501,27.0605,-7999.0,-7999.0,523.9345,-0.9612,4
2010-10-24 10:18:00,3.2959,389.7482,123.3196,15.1532,13.3342,21.2864,1.5479,274.1896,424.4569,22.5689,26.8749,-7999.0,-7999.0,453.8185,-0.9574,4
2010-10-24 10:19:00,3.0796,360.3862,123.4996,15.0549,13.3342,21.2977,1.4484,276.2939,400.1172,22.4121,26.324,-7999.0,-7999.0,418.1512,-0.9562,4
2010-10-24 10:20:00,3.1982,376.419,123.4994,15.0761,13.3342,21.3248,1.5331,270.6342,414.8543,22.3647,26.2155,-7999.0,-7999.0,434.5622,-0.957,4
2010-10-24 10:26:00,5.5628,664.1865,124.1055,15.4398,13.3278,21.5033,2.7026,267.542,723.1743,23.7464,29.6075,-7999.0,-7999.0,769.9332,-0.966,4
2010-10-24 10:27:00,5.323,634.1702,124.0494,15.5757,13.3268,21.5598,2.5196,272.8299,687.5029,24.0869,30.2144,-7999.0,-7999.0,748.6919,-0.9644,4
2010-10-24 10:28:00,5.4192,648.8267,124.1156,15.6893,13.3236,21.6276,2.6175,269.4869,705.1003,24.4213,30.7273,-7999.0,-7999.0,748.0864,-0.9653,4
2010-10-24 10:29:00,5.1816,620.8753,124.0573,15.7201,13.3227,21.6976,2.5204,265.201,668.736,24.7207,31.4247,-7999.0,-7999.0,729.9149,-0.9641,4
2010-10-24 10:30:00,4.3778,519.3776,123.803,15.5817,13.3209,21.7852,2.1644,261.5709,566.2603,24.7062,30.8909,-7999.0,-7999.0,606.8245,-0.9629,4
2010-10-24 10:31:00,4.3592,520.2397,123.8428,15.1149,13.3191,21.8603,2.1398,263.9411,564.7015,24.355,29.8576,-7999.0,-7999.0,608.9368,-0.9627,4
2010-10-24 10:32:00,2.9214,343.4482,123.3623,14.7921,13.3177,21.93,1.4108,265.4068,374.4168,24.1691,28.7772,-7999.0,-7999.0,408.0095,-0.9539,4
2010-10-24 10:33:00,3.6522,429.4047,123.5048,15.0088,13.3172,21.994,1.7768,270.3026,479.6067,24.0538,28.1931,-7999.0,-7999.0,492.6045,-0.9604,4
2010-10-24 10:34:00,5.0895,604.2119,123.95,15.3302,13.3139,22.0568,2.4553,269.4113,661.8494,24.0305,28.4374,-7999.0,-7999.0,697.032,-0.965,4
2010-10-24 10:35:00,3.8452,455.5719,123.5776,15.5085,13.3122,22.1105,1.8117,271.5443,491.8562,24.1951,28.5895,-7999.0,-7999.0,537.7382,-0.9598,4
2010-10-24 10:36:00,3.4567,408.5697,123.4609,15.3571,13.3118,22.1698,1.6079,277.5309,446.2587,24.1162,27.9559,-7999.0,-7999.0,480.7157,-0.9594,4
2010-10-24 10:37:00,4.0754,481.4588,123.6209,15.5394,13.3123,22.2212,1.9575,270.9401,529.6379,24.0706,27.6974,-7999.0,-7999.0,551.3074,-0.9619,4
2010-10-24 10:38:00,3.9132,462.3327,123.5859,15.4906,13.3119,22.2715,1.8742,268.9664,504.0454,23.9428,27.4212,-7999.0,-7999.0,534.8928,-0.9613,4
2010-10-24 10:39:00,3.9192,464.0771,123.5868,15.4314,13.3119,22.3142,1.8648,273.1761,509.4005,23.822,27.2262,-7999.0,-7999.0,535.9158,-0.9615,4
2010-10-24 10:40:00,3.4782,411.7986,123.5152,15.5655,13.3119,22.3494,1.6484,271.9199,448.2808,23.706,26.8393,-7999.0,-7999.0,479.8639,-0.9589,4
2010-10-24 10:41:00,3.439,404.9596,123.5192,15.3708,13.312,22.389,1.6441,270.1295,443.9842,23.2553,26.1375,-7999.0,-7999.0,467.5562,-0.9587,4
2010-10-24 10:42:00,3.0679,361.1434,123.4329,15.2419,13.3117,22.407,1.4726,269.5053,396.8264,22.913,25.414,-7999.0,-7999.0,420.313,-0.9556,4
2010-10-24 10:43:00,2.8259,329.6721,123.33,15.0078,13.3116,22.433,1.3441,271.5388,364.9768,22.634,24.652,-7999.0,-7999.0,384.1712,-0.9529,4
2010-10-24 10:44:00,2.7291,318.6662,123.2234,15.1025,13.3116,22.4477,1.3341,264.0335,352.172,22.5392,24.4396,-7999.0,-7999.0,371.8632,-0.9513,4
2010-10-24 10:45:00,2.7526,322.2763,123.2334,15.1582,13.3117,22.4477,1.365,263.0765,359.1171,22.3498,23.933,-7999.0,-7999.0,375.7855,-0.9524,4
2010-10-24 10:46:00,2.7902,326.3367,123.2157,15.1518,13.3122,22.4477,1.3532,267.1175,361.4546,22.0224,23.382,-7999.0,-7999.0,378.1998,-0.9527,4
2010-10-24 10:47:00,2.7301,318.4917,123.2259,15.2562,13.3127,22.4404,1.2962,273.5335,354.5452,21.8338,22.9882,-7999.0,-7999.0,369.632,-0.9518,4
2010-10-24 10:48:00,2.9424,343.927,123.3038,15.1861,13.3138,22.4183,1.4019,274.0085,384.5347,21.5392,22.6606,-7999.0,-7999.0,394.6686,-0.9546,4
2010-10-24 10:49:00,3.4529,406.5506,123.4807,15.2431,13.3137,22.3912,1.6061,277.1721,445.1548,21.5155,23.0072,-7999.0,-7999.0,467.4351,-0.9596,4
2010-10-24 10:50:00,3.1845,374.6058,123.3243,15.3922,13.3162,22.3912,1.4802,278.5365,412.2979,21.6383,23.1565,-7999.0,-7999.0,434.1305,-0.957,4
2010-10-24 10:51:00,3.4282,404.2015,123.4016,15.4747,13.3157,22.3686,1.5759,284.3616,448.0305,21.6219,23.4138,-7999.0,-7999.0,473.8329,-0.9592,4
2010-10-24 10:52:00,3.6079,427.9845,123.4394,15.5338,13.3168,22.3592,1.6814,279.5306,470.2359,21.7084,23.8325,-7999.0,-7999.0,491.4533,-0.9611,4
2010-10-24 10:53:00,4.4879,536.0079,123.8205,15.5575,13.3168,22.3347,2.028,287.9119,584.0539,21.8521,24.6542,-7999.0,-7999.0,638.4368,-0.9675,4
2010-10-24 10:54:00,4.1892,496.8374,123.7976,15.654,13.317,22.3347,1.9087,286.0336,545.905,22.0307,25.4037,-7999.0,-7999.0,590.1076,-0.9631,4
2010-10-24 10:55:00,4.7524,564.2351,123.9708,15.7671,13.316,22.3347,2.1581,288.3827,622.3097,22.201,26.135,-7999.0,-7999.0,680.3737,-0.9652,4
2010-10-24 10:56:00,5.0658,606.5306,124.0835,15.6624,13.3153,22.3347,2.2887,285.9569,654.4667,22.316,26.717,-7999.0,-7999.0,730.0938999999998,-0.9652,4
2010-10-24 10:57:00,3.667,434.9127,123.6335,15.6753,13.3135,22.3641,1.6606,286.3991,475.5271,22.3688,26.5741,-7999.0,-7999.0,531.1574,-0.9604,4
2010-10-24 10:58:00,4.7119,566.2748,123.831,15.654,13.3119,22.3799,2.1829,279.5125,609.9449,22.5314,27.073,-7999.0,-7999.0,658.525,-0.9634,4
2010-10-24 10:59:00,4.1694,490.3035,123.6176,15.3969,13.3119,22.3912,1.9844,273.5634,541.64,22.6218,27.0685,-7999.0,-7999.0,558.1842,-0.9628,4
2010-10-24 11:00:00,5.0023,590.0888,123.8809,15.6164,13.3108,22.4163,2.413,268.8785,648.9536,22.7866,27.7124,-7999.0,-7999.0,683.4473,-0.9617,4
2010-10-24 11:01:00,5.4616,657.8516,124.0671,15.66,13.3108,22.4477,2.6013,271.7594,706.8811,22.8332,28.0644,-7999.0,-7999.0,762.9733999999999,-0.9671,4
2010-10-24 11:02:00,4.5453,541.369,123.8128,15.5346,13.3106,22.4816,2.1486,273.6214,587.8951,22.8113,27.9163,-7999.0,-7999.0,627.8178,-0.9638,4
2010-10-24 11:03:00,4.062,482.4115,123.7206,15.5076,13.3101,22.5068,1.9436,270.3898,525.5281,22.8936,27.7777,-7999.0,-7999.0,556.7371,-0.9617,4
2010-10-24 11:04:00,3.5522,422.2928,123.5492,15.1894,13.3105,22.5403,1.6906,269.7243,455.9626,22.6373,26.8649,-7999.0,-7999.0,491.8105,-0.9584,4
2010-10-24 11:05:00,2.8672,334.9397,123.3964,15.2163,13.3086,22.5682,1.3763,266.6786,367.0725,22.502,26.0243,-7999.0,-7999.0,390.6253,-0.9524,4
2010-10-24 11:06:00,2.5471,293.9196,123.3427,15.2382,13.3067,22.5968,1.2236,266.7525,326.3781,22.2378,25.0391,-7999.0,-7999.0,343.8647,-0.9478,4
2010-10-24 11:07:00,2.3861,275.5657,123.3033,15.0863,13.3055,22.6149,1.1641,263.9173,307.2308,21.7381,23.6148,-7999.0,-7999.0,323.1673,-0.9453,4
2010-10-24 11:08:00,2.3241,268.5164,123.1684,15.1419,13.3062,22.6149,1.1443,263.8091,301.8831,21.438,22.9245,-7999.0,-7999.0,315.0202,-0.9454,4
2010-10-24 11:09:00,2.2563,260.6341,123.1469,15.0763,13.3073,22.6036,1.1049,263.1254,290.7403,21.2789,22.3376,-7999.0,-7999.0,306.2121,-0.9449,4
2010-10-24 11:10:00,2.4575,286.0848,123.1828,14.8124,13.3083,22.578,1.1936,269.1811,321.5348,20.9798,21.8598,-7999.0,-7999.0,330.2874,-0.9484,4
2010-10-24 11:11:00,2.7894,325.1134,123.3428,15.0276,13.3106,22.5516,1.3366,269.3849,360.069,20.8275,21.7362,-7999.0,-7999.0,374.7573,-0.952,4
2010-10-24 11:12:00,2.7085,315.8495,123.2571,15.0037,13.3104,22.5239,1.3382,263.7934,352.9304,20.8536,21.9381,-7999.0,-7999.0,366.4313,-0.9508,4
2010-10-24 11:13:00,2.8226,330.5488,123.2976,15.1637,13.3103,22.5019,1.3757,267.1115,367.4633,20.9193,22.1484,-7999.0,-7999.0,381.5771,-0.9527,4
2010-10-24 11:14:00,2.8814,337.5547,123.3213,15.3223,13.3103,22.4861,1.3898,270.1968,375.531,21.0272,22.404,-7999.0,-7999.0,389.1198,-0.9532,4
2010-10-24 11:15:00,2.997,352.5865,123.3005,15.3422,13.3099,22.4545,1.4671,267.0095,391.4287,21.0251,22.608,-7999.0,-7999.0,405.1705,-0.9551,4
2010-10-24 11:16:00,3.201,375.5639,123.3608,15.4822,13.3098,22.4428,1.6012,258.67,414.1425,21.1474,23.0829,-7999.0,-7999.0,436.3656,-0.9563,4
2010-10-24 11:17:00,3.5293,416.4919,123.4143,15.4137,13.3098,22.4161,1.7783,258.3472,459.2262,21.1441,23.2033,-7999.0,-7999.0,480.4684,-0.9588,4
2010-10-24 11:18:00,3.7942,449.6292,123.5295,15.2556,13.3098,22.3912,1.8637,261.5847,487.4239,21.209,23.5931,-7999.0,-7999.0,521.1954,-0.9599,4
2010-10-24 11:19:00,3.8216,451.8208,123.4867,15.4089,13.3098,22.3912,1.9033,259.5974,493.5481,21.3657,23.9454,-7999.0,-7999.0,520.1115,-0.9595,4
2010-10-24 11:20:00,2.9762,348.338,123.2253,15.3571,13.3098,22.3754,1.4779,258.436,381.9253,21.5114,24.2317,-7999.0,-7999.0,409.3315,-0.9537,4
2010-10-24 11:21:00,2.6952,312.1992,123.2038,15.5218,13.3094,22.3641,1.3398,256.0647,343.0296,21.6139,24.0152,-7999.0,-7999.0,369.6909,-0.95,4
2010-10-24 11:22:00,2.504,289.546,123.1678,15.1669,13.3089,22.347,1.2368,261.3707,323.2422,21.322,23.2176,-7999.0,-7999.0,339.8841,-0.9469,4
2010-10-24 11:23:00,2.4182,279.1847,123.1738,15.2215,13.3091,22.3347,1.1614,268.1951,311.4657,21.2166,22.8284,-7999.0,-7999.0,325.7658,-0.9471,4
2010-10-24 11:24:00,2.3655,274.1137,123.1163,15.3513,13.3095,22.3121,1.1252,273.884,308.1722,21.1622,22.4277,-7999.0,-7999.0,320.3958,-0.9476,4
2010-10-24 11:25:00,2.3707,275.9685,123.1619,15.1475,13.3091,22.2978,1.1305,274.8868,310.7402,20.8266,21.7593,-7999.0,-7999.0,321.9049,-0.9481,4
2010-10-24 11:26:00,2.4422,284.1121,123.1695,15.2585,13.3092,22.2783,1.1692,273.0742,319.2665,20.6791,21.59,-7999.0,-7999.0,329.8086,-0.9484,4
2010-10-24 11:27:00,2.4903,289.8826,123.1904,14.9686,13.3097,22.2444,1.2188,265.5771,323.673,20.5711,21.3794,-7999.0,-7999.0,336.5029,-0.9479,4
2010-10-24 11:28:00,2.6035,303.8763,123.2221,14.9142,13.3097,22.224,1.2521,270.3274,338.5329,20.6447,21.5799,-7999.0,-7999.0,349.0535,-0.9496,4
2010-10-24 11:29:00,2.7371,318.8422,123.1601,15.0399,13.3097,22.1856,1.2803,276.5168,353.9825,20.5204,21.4462,-7999.0,-7999.0,365.8285,-0.9514,4
2010-10-24 11:30:00,2.6535,308.9797,123.1048,15.1017,13.3097,22.1675,1.2202,281.3814,343.3095,20.4788,21.4902,-7999.0,-7999.0,358.89,-0.9512,4
2010-10-24 11:31:00,2.6149,304.4714,123.0675,15.2915,13.3098,22.1337,1.2066,280.8452,338.8445,20.5153,21.5653,-7999.0,-7999.0,352.0727,-0.9508,4
2010-10-24 11:32:00,2.5472,295.4211,123.0463,15.4221,13.3098,22.1035,1.1954,275.1159,328.8586,20.6973,21.8925,-7999.0,-7999.0,338.7383,-0.9493,4
2010-10-24 11:33:00,2.405,277.1713,123.0419,15.5179,13.3098,22.0681,1.1505,269.312,309.8865,20.805,21.9957,-7999.0,-7999.0,318.1635,-0.947,4
2010-10-24 11:34:00,2.2676,260.5559,123.0105,15.4493,13.31,22.0546,1.1029,264.3914,291.6085,20.7492,21.8545,-7999.0,-7999.0,300.183,-0.9448,4
2010-10-24 11:35:00,2.1328,244.3275,122.991,15.4971,13.3103,22.0199,1.0307,266.1663,274.3467,20.8748,21.9302,-7999.0,-7999.0,281.9008,-0.942,4
2010-10-24 11:36:00,2.0204,230.4892,122.9652,15.4845,13.3105,21.9936,0.9759,265.0764,258.6585,20.8519,21.8225,-7999.0,-7999.0,266.7544,-0.9383,4
2010-10-24 11:37:00,1.9239,218.9288,122.9873,15.437,13.3107,21.962,0.9217,268.5301,247.4913,20.8049,21.5673,-7999.0,-7999.0,253.5389,-0.9367,4
2010-10-24 11:38:00,1.8237,207.8838,123.0178,15.5208,13.3108,21.9371,0.8759,272.0462,238.2626,20.7538,21.3858,-7999.0,-7999.0,241.8943,-0.936,4
2010-10-24 11:39:00,1.8081,207.3912,123.029,15.3423,13.311,21.9019,0.8710999999999999,272.3161,237.2224,20.6279,20.9665,-7999.0,-7999.0,240.3862,-0.936,4
2010-10-24 11:40:00,1.8359,210.7798,123.0009,14.9422,13.3111,21.8648,0.8831999999999999,270.3026,238.6673,20.2483,20.4053,-7999.0,-7999.0,243.5243,-0.9364,4
2010-10-24 11:41:00,1.8676,214.3439,123.1012,15.0308,13.3112,21.8309,0.8948,271.6927,243.0874,20.1181,20.1928,-7999.0,-7999.0,247.0242,-0.9377,4
2010-10-24 11:42:00,1.8719,214.6596,123.1383,15.2107,13.3118,21.7903,0.905,270.6879,244.9637,20.0288,20.1479,-7999.0,-7999.0,246.904,-0.9377,4
2010-10-24 11:43:00,1.8524,212.3578,123.0687,15.2908,13.3128,21.7407,0.8899,272.2393,242.2332,20.0505,20.1287,-7999.0,-7999.0,244.6716,-0.9376,4
2010-10-24 11:44:00,1.8449,211.6702,123.0056,15.2845,13.3138,21.6999,0.8765,275.0234,241.0356,19.9673,20.0254,-7999.0,-7999.0,244.31,-0.9375,4
2010-10-24 11:45:00,1.8382,210.4237,123.0005,15.4803,13.3161,21.6502,0.8933999999999999,268.1461,239.5352,19.9167,20.0641,-7999.0,-7999.0,242.5603,-0.9367,4
2010-10-24 11:46:00,1.8002,205.2931,122.9836,15.6291,13.3158,21.6041,0.8651999999999999,269.5317,233.1567,19.9251,20.0615,-7999.0,-7999.0,238.1533,-0.9355,4
2010-10-24 11:47:00,1.7445,198.0514,122.8835,15.5734,13.3163,21.5553,0.8298999999999999,274.2644,227.5806,19.9731,20.1801,-7999.0,-7999.0,231.4553,-0.9338,4
2010-10-24 11:48:00,1.7058,193.9943,122.9071,15.4924,13.3169,21.5078,0.8192,271.6524,222.5143,19.9858,20.1789,-7999.0,-7999.0,227.2929,-0.9319,4
2010-10-24 11:49:00,1.7043,194.1667,122.9535,15.4923,13.3173,21.4627,0.8342,265.5439,221.4883,20.0297,20.2699,-7999.0,-7999.0,228.379,-0.9317,4
2010-10-24 11:50:00,1.7598,202.2671,122.9572,15.4682,13.317,21.4175,0.8660999999999999,268.3077,232.3809,19.9712,20.1311,-7999.0,-7999.0,237.2494,-0.9346,4
2010-10-24 11:51:00,1.8929,219.5262,122.9779,15.4101,13.3175,21.3802,0.9212,272.5442,251.0897,19.9262,20.1007,-7999.0,-7999.0,256.256,-0.9388,4
2010-10-24 11:52:00,2.2039,256.7573,123.1208,15.1442,13.3171,21.3271,1.0781,269.5783,290.6159,19.8613,20.19,-7999.0,-7999.0,295.3557,-0.9445,4
2010-10-24 11:53:00,2.6512,309.6942,123.2537,15.1461,13.3176,21.2887,1.2653,273.0165,345.3044,19.8837,20.6143,-7999.0,-7999.0,353.2201,-0.9507,4
2010-10-24 11:54:00,2.5399,295.0108,123.2198,15.2361,13.3182,21.2435,1.228,269.4776,330.906,19.9339,20.8953,-7999.0,-7999.0,339.8257,-0.9489,4
2010-10-24 11:55:00,3.1859,376.9008,123.4833,15.4168,13.3191,21.1983,1.588,265.6071,422.567,20.0361,21.3321,-7999.0,-7999.0,411.6271,-0.9556,4
2010-10-24 11:56:00,5.0057,600.8462,124.0168,15.6574,13.3196,21.1735,2.364,273.549,647.1248,20.3786,22.9947,-7999.0,-7999.0,681.9361,-0.9662,4
2010-10-24 11:57:00,3.554,422.3029,123.6074,15.9067,13.3183,21.1441,1.6726,274.854,459.7636,20.8622,24.104,-7999.0,-7999.0,487.1063,-0.9595,4
2010-10-24 11:58:00,3.1292,368.1875,123.4486,15.9838,13.3174,21.1238,1.4674,277.1239,406.6579,21.0657,24.3562,-7999.0,-7999.0,425.0201,-0.9566,4
2010-10-24 11:59:00,3.0696,361.6512,123.4221,15.8516,13.317,21.1238,1.4109,281.9559,397.7717,21.1188,24.3823,-7999.0,-7999.0,422.8501,-0.9559,4
2010-10-24 12:00:00,2.5937,302.9911,123.2514,15.9014,13.3161,21.1418,1.1804,285.4481,336.8809,21.2854,24.5506,-7999.0,-7999.0,367.7051,-0.952,4
2010-10-24 12:01:00,3.0825,362.8742,123.3856,15.9963,13.3138,21.1509,1.4551,276.9952,403.0382,21.4629,24.8241,-7999.0,-7999.0,416.3986,-0.9562,4
2010-10-24 12:02:00,2.6117,306.1562,123.1905,16.2021,13.3125,21.1757,1.2032,278.4672,335.0854,21.5657,24.7753,-7999.0,-7999.0,362.6366,-0.9503,4
2010-10-24 12:03:00,2.4603,285.331,123.1128,16.0236,13.312,21.1825,1.1428,280.2229,320.4989,21.5559,24.4755,-7999.0,-7999.0,337.3546,-0.9495,4
2010-10-24 12:04:00,2.4387,283.2695,123.1615,16.0475,13.312,21.2096,1.1098,284.1138,315.2476,21.5816,24.4578,-7999.0,-7999.0,343.1471,-0.9492,4
2010-10-24 12:05:00,2.4486,284.0616,123.2063,16.0409,13.3121,21.2322,1.1356,279.3222,317.1697,21.6173,24.2202,-7999.0,-7999.0,337.4126,-0.9493,4
2010-10-24 12:06:00,2.2253,256.9121,123.1485,15.8649,13.3116,21.2548,1.0349,279.3589,289.0594,21.5225,23.7264,-7999.0,-7999.0,306.9396,-0.9453,4
2010-10-24 12:07:00,2.2744,263.2767,123.1753,15.6854,13.3112,21.2864,1.0506,281.1551,295.3488,21.4065,23.3992,-7999.0,-7999.0,314.9071,-0.9461,4
2010-10-24 12:08:00,2.3349,270.436,123.2206,15.7563,13.3112,21.2864,1.0552,289.9311,305.8015,21.4603,23.4123,-7999.0,-7999.0,338.4414,-0.9476,4
2010-10-24 12:09:00,2.5698,299.3627,123.2547,15.7528,13.3089,21.3068,1.1686,283.4932,331.2881,21.4019,23.2978,-7999.0,-7999.0,356.6637,-0.9507,4
2010-10-24 12:10:00,2.2966,265.3578,123.165,15.5793,13.3094,21.3271,1.051,281.9311,296.3509,21.1965,22.8428,-7999.0,-7999.0,318.7707,-0.9463,4
2010-10-24 12:11:00,2.1992,254.0126,123.17,15.7309,13.308,21.3407,1.0324,277.357,286.3294,21.0816,22.3502,-7999.0,-7999.0,300.3099,-0.9442,4
2010-10-24 12:12:00,2.2092,254.8519,123.1688,15.5292,13.3085,21.3407,1.0237,278.3717,284.9475,20.8184,21.7939,-7999.0,-7999.0,300.0092,-0.9446,4
2010-10-24 12:13:00,2.0659,237.0081,123.1548,15.4715,13.3094,21.3407,0.9654,277.8147,268.2041,20.6242,21.382,-7999.0,-7999.0,280.4585,-0.9415,4
2010-10-24 12:14:00,1.947,222.7357,123.0399,15.5692,13.3089,21.3407,0.9078,276.3106,250.8085,20.5426,21.1175,-7999.0,-7999.0,264.1062,-0.9396,4
2010-10-24 12:15:00,1.7631,199.8425,122.9956,15.5981,13.308,21.3407,0.8226,276.5973,227.517,20.434,20.9137,-7999.0,-7999.0,239.0621,-0.9336,4
2010-10-24 12:16:00,1.6732,189.1169,122.9884,15.693,13.3112,21.3407,0.7919,273.6302,216.6651,20.5398,20.9967,-7999.0,-7999.0,226.3904,-0.9294,4
2010-10-24 12:17:00,1.5791,177.6431,122.9942,15.7121,13.3112,21.3248,0.7471999999999999,273.18,204.1269,20.6284,21.1093,-7999.0,-7999.0,214.2651,-0.9245,4
2010-10-24 12:18:00,1.5572,176.7192,122.9876,15.8096,13.3117,21.3136,0.7512999999999999,271.8823,204.2247,20.7062,21.1353,-7999.0,-7999.0,212.0931,-0.9247,4
2010-10-24 12:19:00,1.6768,189.1456,123.0153,15.7496,13.3117,21.2955,0.814,267.0245,217.3083,20.7386,21.0917,-7999.0,-7999.0,225.3704,-0.9299,4
2010-10-24 12:20:00,1.5413,173.0465,122.9365,15.6576,13.3122,21.2864,0.7497,266.1814,199.5551,20.6749,20.8767,-7999.0,-7999.0,207.3889,-0.922,4
2010-10-24 12:21:00,1.5358,172.7853,122.9632,15.7611,13.3122,21.2864,0.7727,257.5391,199.0366,20.6411,20.8014,-7999.0,-7999.0,208.7156,-0.9216,4
2010-10-24 12:22:00,1.3865,153.3119,122.8689,15.8839,13.3122,21.2842,0.6894,257.5099,177.5014,20.7052,20.7245,-7999.0,-7999.0,186.9328,-0.9099,4
2010-10-24 12:23:00,1.3548,149.8494,122.8826,15.682,13.3122,21.2639,0.6623,266.4793,176.4138,20.5514,20.3792,-7999.0,-7999.0,180.5966,-0.9104,4
2010-10-24 12:24:00,1.2914,142.3703,122.8403,15.7231,13.3122,21.2413,0.6185,270.7334,167.4764,20.573,20.342,-7999.0,-7999.0,171.8469,-0.9083,4
2010-10-24 12:25:00,1.2433,136.634,122.8203,15.8167,13.3122,21.2254,0.6059999999999999,269.662,163.3948,20.683,20.3033,-7999.0,-7999.0,165.2073,-0.9046,4
2010-10-24 12:26:00,1.2243,134.5916,122.8522,15.7887,13.3122,21.2006,0.5782,272.8264,157.7507,20.7037,20.176,-7999.0,-7999.0,162.6127,-0.9019,4
2010-10-24 12:27:00,1.2204,134.3749,122.9462,15.6928,13.3126,21.178,0.5827999999999999,272.3275,158.6975,20.6984,20.1174,-7999.0,-7999.0,161.3457,-0.9022,4
2010-10-24 12:28:00,1.1966,130.7219,122.8531,15.5662,13.3122,21.1599,0.568,271.7828,154.3614,20.6616,19.9781,-7999.0,-7999.0,156.5796,-0.8982999999999999,4
2010-10-24 12:29:00,1.1517,124.4691,122.8377,15.344,13.3126,21.126,0.5465999999999999,268.581,146.8009,20.3829,19.5257,-7999.0,-7999.0,149.099,-0.8919,4
2010-10-24 12:30:00,1.1152,119.9562,122.8197,15.4763,13.3122,21.0899,0.5382,267.2619,143.82,20.1765,19.2268,-7999.0,-7999.0,143.6683,-0.8849,4
2010-10-24 12:31:00,1.0851,115.4007,122.8226,15.571,13.3136,21.0583,0.5186,269.8437,139.9308,20.178,19.1452,-7999.0,-7999.0,139.3236,-0.8771999999999999,4
2010-10-24 12:32:00,1.0581,112.5623,122.782,15.5604,13.3149,21.0131,0.501,271.1048,135.8266,20.076,18.9368,-7999.0,-7999.0,136.6686,-0.8751999999999999,4
2010-10-24 12:33:00,1.057,112.4751,122.7517,15.5739,13.3163,20.9701,0.5144999999999998,266.2224,136.9728,19.9409,18.8111,-7999.0,-7999.0,135.5823,-0.8741999999999999,4
2010-10-24 12:34:00,1.0533,111.3995,122.7455,15.6417,13.3172,20.9295,0.5147,264.9334,136.3531,19.8524,18.6703,-7999.0,-7999.0,134.6168,-0.8718,4
2010-10-24 12:35:00,1.0335,109.0988,122.6625,15.713,13.3186,20.8798,0.5015,263.8039,132.2899,19.8137,18.6238,-7999.0,-7999.0,132.2031,-0.8682999999999998,4
2010-10-24 12:36:00,1.005,105.8116,122.6657,15.7283,13.3186,20.8323,0.4874,267.5762,130.3968,19.8208,18.5775,-7999.0,-7999.0,129.1257,-0.8656,4
2010-10-24 12:37:00,0.9818,102.696,122.7145,15.6763,13.3209,20.7781,0.4672999999999999,269.3321,125.8492,19.8461,18.5404,-7999.0,-7999.0,126.0484,-0.8617,4
2010-10-24 12:38:00,0.9496,98.24570000000001,122.6806,15.5816,13.3209,20.7352,0.4440999999999999,273.0184,121.2544,19.8211,18.4369,-7999.0,-7999.0,122.1273,-0.8538,4
2010-10-24 12:39:00,0.9151,93.2802,122.7909,15.5449,13.3227,20.6787,0.4265999999999999,275.2487,117.3855,19.7216,18.2648,-7999.0,-7999.0,118.0851,-0.8443,4
2010-10-24 12:40:00,0.8873999999999999,91.0009,122.8084,15.5111,13.3232,20.6313,0.4128999999999999,274.6593,113.3853,19.6082,18.2123,-7999.0,-7999.0,115.793,-0.8396,4
2010-10-24 12:41:00,0.9014,91.7744,122.8029,15.5026,13.3227,20.5748,0.4310999999999999,263.2031,113.4495,19.542,18.182,-7999.0,-7999.0,114.5865,-0.8387,4
2010-10-24 12:42:00,0.8931999999999999,90.8519,122.7215,15.4995,13.3236,20.5251,0.4364,258.6134,112.8323,19.5517,18.1675,-7999.0,-7999.0,114.0441,-0.8382,4
2010-10-24 12:43:00,0.8881,89.8635,122.6827,15.5426,13.3236,20.4731,0.4235999999999999,263.9777,111.8215,19.544,18.1486,-7999.0,-7999.0,113.1392,-0.8361,4
2010-10-24 12:44:00,0.8752999999999999,88.9192,122.7102,15.5935,13.3268,20.3961,0.4178999999999999,262.6266,109.7566,19.593,18.1734,-7999.0,-7999.0,111.8111,-0.8344,4
2010-10-24 12:45:00,0.8692999999999999,88.27469999999998,122.6832,15.5945,13.3273,20.3421,0.4169999999999999,266.7269,111.2099,19.6213,18.1219,-7999.0,-7999.0,111.5092,-0.8321,4
2010-10-24 12:46:00,0.873,88.9637,122.7583,15.5395,13.3268,20.2946,0.4172,268.1539,111.8794,19.5128,18.0179,-7999.0,-7999.0,112.4151,-0.8337,4
2010-10-24 12:47:00,0.8841999999999999,89.50109999999998,122.7328,15.5597,13.3282,20.2493,0.4232,265.7401,112.4438,19.5152,18.0119,-7999.0,-7999.0,113.1996,-0.8357999999999999,4
2010-10-24 12:48:00,0.8928,90.1255,122.6916,15.5803,13.3287,20.1975,0.433,259.8045,112.4668,19.516,18.0224,-7999.0,-7999.0,113.8641,-0.8364,4
2010-10-24 12:49:00,0.8896,89.60939999999998,122.6384,15.6135,13.3287,20.153,0.4334,257.6233,111.6556,19.5636,18.0355,-7999.0,-7999.0,113.7435,-0.8351,4
2010-10-24 12:50:00,0.892,89.6074,122.6646,15.5417,13.3287,20.1026,0.4395999999999999,255.1122,112.1334,19.4931,17.9557,-7999.0,-7999.0,114.4077,-0.8342,4
2010-10-24 12:51:00,0.8946,90.8328,122.6068,15.5837,13.3296,20.0599,0.4475,251.6909,112.6422,19.4918,17.9642,-7999.0,-7999.0,115.7352,-0.8333,4
2010-10-24 12:52:00,0.9123,93.3272,122.6271,15.5426,13.3305,20.0122,0.4509,253.5273,114.3252,19.4282,17.8934,-7999.0,-7999.0,118.2081,-0.8397,4
2010-10-24 12:53:00,0.9326,95.4767,122.6171,15.5334,13.331,19.9648,0.4687,251.6203,117.9344,19.4008,17.8882,-7999.0,-7999.0,120.8027,-0.8430999999999998,4
2010-10-24 12:54:00,0.9365,96.6813,122.6729,15.5455,13.3319,19.9168,0.4718999999999999,249.1061,117.5556,19.3354,17.8414,-7999.0,-7999.0,123.1552,-0.8478999999999999,4
2010-10-24 12:55:00,0.9499,98.2721,122.6237,15.5729,13.3314,19.8721,0.4677999999999999,253.5706,118.6184,19.2499,17.759,-7999.0,-7999.0,123.336,-0.8486,4
2010-10-24 12:56:00,0.9449,97.413,122.6911,15.6037,13.3328,19.8288,0.4663999999999999,257.5011,120.0944,19.1829,17.7239,-7999.0,-7999.0,122.37,-0.8476,4
2010-10-24 12:57:00,0.93,95.88610000000001,122.661,15.6182,13.3342,19.775,0.4496,262.5436,118.0415,19.1408,17.6927,-7999.0,-7999.0,120.4998,-0.8488999999999999,4
2010-10-24 12:58:00,0.917,93.7779,122.6571,15.5868,13.3342,19.7294,0.4511999999999999,258.9689,116.8459,19.0549,17.6371,-7999.0,-7999.0,118.5092,-0.8434,4
2010-10-24 12:59:00,0.916,93.8644,122.7209,15.6298,13.3342,19.6807,0.4446,262.3466,116.6157,19.0304,17.6314,-7999.0,-7999.0,118.2682,-0.8436,4
2010-10-24 13:00:00,0.9162,92.8334,122.744,15.6469,13.3342,19.6417,0.4547999999999999,252.1965,114.6952,19.0247,17.6542,-7999.0,-7999.0,118.3894,-0.8351,4
2010-10-24 13:01:00,0.914,92.6818,122.7562,15.634,13.3342,19.592,0.4571,251.0377,114.7395,19.0117,17.6586,-7999.0,-7999.0,119.0527,-0.8367999999999999,4
2010-10-24 13:02:00,0.9159,92.3798,122.6574,15.6313,13.3346,19.5447,0.4602999999999999,249.5942,114.8807,18.9761,17.6675,-7999.0,-7999.0,119.4746,-0.8364,4
2010-10-24 13:03:00,0.9125,92.7244,122.6993,15.6508,13.3342,19.4971,0.4635,247.6716,114.7871,18.9881,17.692,-7999.0,-7999.0,119.4742,-0.8364,4
2010-10-24 13:04:00,0.9166,93.8858,122.7224,15.6741,13.3351,19.4532,0.4527999999999999,257.4212,116.5482,18.9976,17.7356,-7999.0,-7999.0,119.2325,-0.8414,4
2010-10-24 13:05:00,0.9134,93.1771,122.7267,15.6125,13.3355,19.4186,0.4406999999999999,262.6499,115.7341,18.9747,17.7057,-7999.0,-7999.0,117.6642,-0.8430999999999998,4
2010-10-24 13:06:00,0.8952,90.53380000000001,122.6829,15.6128,13.3355,19.3729,0.4375,255.4713,111.7726,18.9525,17.7189,-7999.0,-7999.0,115.5527,-0.8351,4
2010-10-24 13:07:00,0.889,89.65309999999998,122.6939,15.629,13.336,19.3305,0.4375,257.107,112.4736,18.9566,17.7146,-7999.0,-7999.0,114.3464,-0.8359999999999999,4
2010-10-24 13:08:00,0.8881,90.5991,122.7405,15.5862,13.3378,19.2895,0.4299999999999999,260.9284,112.1848,18.901,17.6595,-7999.0,-7999.0,114.588,-0.8371,4
2010-10-24 13:09:00,0.895,91.22300000000001,122.789,15.5984,13.3374,19.2463,0.4389,256.3406,112.5013,18.8911,17.6421,-7999.0,-7999.0,115.7349,-0.8348999999999999,4
2010-10-24 13:10:00,0.8976,91.4381,122.8319,15.6496,13.3383,19.2183,0.4340999999999999,259.3304,112.5863,18.9172,17.6814,-7999.0,-7999.0,115.7954,-0.8376,4
2010-10-24 13:11:00,0.8813999999999999,88.92369999999998,122.8223,15.6655,13.3392,19.174,0.4309,256.2741,110.428,18.9284,17.6823,-7999.0,-7999.0,112.9586,-0.8299999999999998,4
2010-10-24 13:12:00,0.8535,84.40989999999998,122.7848,15.7057,13.3392,19.133,0.4215999999999999,252.858,106.5977,18.9602,17.703,-7999.0,-7999.0,108.5534,-0.8167999999999999,4
2010-10-24 13:13:00,0.822,80.3884,122.7255,15.7078,13.3401,19.1023,0.3992999999999999,254.7365,101.7061,19.0107,17.7181,-7999.0,-7999.0,103.4842,-0.8071,4
2010-10-24 13:14:00,0.7928,75.6378,122.7522,15.7162,13.3401,19.0611,0.3881,247.897,96.2163,19.0485,17.6942,-7999.0,-7999.0,99.1395,-0.7891,4
2010-10-24 13:15:00,0.7733999999999999,72.6079,122.6919,15.6966,13.3406,19.027,0.3763,245.2916,92.2933,19.0505,17.6489,-7999.0,-7999.0,95.7008,-0.776,4
2010-10-24 13:16:00,0.7556,70.1576,122.6903,15.6283,13.3401,18.9941,0.3724,242.5816,90.3279,18.9537,17.533,-7999.0,-7999.0,93.4079,-0.7644999999999998,4
2010-10-24 13:17:00,0.753,69.7259,122.7367,15.6317,13.3406,18.9572,0.3650999999999999,248.6335,90.7752,18.8544,17.4319,-7999.0,-7999.0,91.4775,-0.7674999999999998,4
2010-10-24 13:18:00,0.7373,67.6626,122.7164,15.6029,13.341,18.9187,0.3603,244.2155,87.9876,18.7854,17.3356,-7999.0,-7999.0,89.9689,-0.7567,4
2010-10-24 13:19:00,0.7259999999999999,65.1916,122.764,15.5494,13.3447,18.8879,0.3493999999999999,242.9773,84.8909,18.7476,17.2845,-7999.0,-7999.0,87.31319999999998,-0.7458,4
2010-10-24 13:20:00,0.7051,62.2255,122.7574,15.5211,13.3438,18.8423,0.3382,238.696,80.72759999999998,18.7187,17.2514,-7999.0,-7999.0,83.8134,-0.7310999999999999,4
2010-10-24 13:21:00,0.6836999999999999,59.0235,122.8166,15.5407,13.3447,18.815,0.3205,238.2313,76.3408,18.7254,17.2163,-7999.0,-7999.0,80.1924,-0.7106,4
2010-10-24 13:22:00,0.6703,56.4657,122.7058,15.5497,13.3447,18.7764,0.3190999999999999,237.9412,75.9264,18.7222,17.1526,-7999.0,-7999.0,77.5374,-0.697,4
2010-10-24 13:23:00,0.6613999999999999,55.069,122.652,15.5238,13.3452,18.7354,0.3123,237.9088,74.2878,18.7193,17.0995,-7999.0,-7999.0,75.84749999999998,-0.6875,4
2010-10-24 13:24:00,0.6588,54.3812,122.6761,15.5036,13.3452,18.7069,0.3024999999999999,238.006,71.9843,18.7048,17.0585,-7999.0,-7999.0,74.7613,-0.6831,4
2010-10-24 13:25:00,0.6558,54.403,122.7519,15.4426,13.3452,18.668,0.3063,237.9446,72.8891,18.6457,16.9846,-7999.0,-7999.0,74.4594,-0.6813,4
2010-10-24 13:26:00,0.6585999999999999,54.4461,122.7846,15.4023,13.3452,18.6294,0.3027,238.2639,72.11929999999998,18.5654,16.934,-7999.0,-7999.0,74.70059999999998,-0.6802,4
2010-10-24 13:27:00,0.6709,55.4996,122.8141,15.4418,13.3456,18.6009,0.3126999999999999,238.0143,74.4281,18.5599,16.9207,-7999.0,-7999.0,75.9073,-0.6804,4
2010-10-24 13:28:00,0.6811,57.1333,122.8246,15.4823,13.3461,18.5657,0.3226999999999999,238.2994,76.90609999999998,18.5587,16.9119,-7999.0,-7999.0,77.53629999999998,-0.6924,4
2010-10-24 13:29:00,0.6854,58.5951,122.8164,15.4919,13.3465,18.52,0.3255,238.1178,77.4984,18.5518,16.8974,-7999.0,-7999.0,78.74299999999998,-0.6991,4
2010-10-24 13:30:00,0.6886999999999999,59.1326,122.8098,15.5466,13.3475,18.494,0.3322999999999999,238.0955,79.1209,18.5863,16.8985,-7999.0,-7999.0,79.9497,-0.7074,4
2010-10-24 13:31:00,0.6897999999999999,60.2289,122.8032,15.5866,13.3479,18.4618,0.3321,238.1699,79.09139999999998,18.5735,16.8934,-7999.0,-7999.0,80.73399999999998,-0.7156,4
2010-10-24 13:32:00,0.6895,60.7019,122.8273,15.6442,13.3488,18.4283,0.3362,238.2386,80.09409999999998,18.531,16.8876,-7999.0,-7999.0,81.5787,-0.7223,4
2010-10-24 13:33:00,0.6995,62.3571,122.8172,15.696,13.3497,18.4016,0.3366,243.0106,81.795,18.5299,16.9026,-7999.0,-7999.0,82.84569999999998,-0.7294,4
2010-10-24 13:34:00,0.7135,64.2057,122.8122,15.7203,13.3496,18.3705,0.3402999999999999,245.5334,83.5477,18.5371,16.9299,-7999.0,-7999.0,84.5965,-0.7386,4
2010-10-24 13:35:00,0.7274,66.7852,122.8192,15.727,13.3511,18.3472,0.3371,254.7409,85.8707,18.5478,16.9601,-7999.0,-7999.0,86.1057,-0.7541999999999999,4
2010-10-24 13:36:00,0.7288999999999999,66.9787,122.8176,15.7277,13.3511,18.3144,0.3446,254.2971,87.63979999999998,18.5129,16.9711,-7999.0,-7999.0,87.0719,-0.7562999999999999,4
2010-10-24 13:37:00,0.7349,68.5479,122.8006,15.7307,13.3506,18.2978,0.3463999999999999,258.6646,89.6087,18.5117,17.0074,-7999.0,-7999.0,88.4602,-0.7652999999999999,4
2010-10-24 13:38:00,0.7535,71.2134,122.7666,15.7604,13.3514,18.2658,0.3529999999999999,260.7773,92.0773,18.5172,17.0374,-7999.0,-7999.0,91.296,-0.7781,4
2010-10-24 13:39:00,0.7683999999999999,72.933,122.7922,15.7714,13.3514,18.2397,0.3653,255.5104,93.3408,18.5507,17.078,-7999.0,-7999.0,93.4078,-0.7817,4
2010-10-24 13:40:00,0.7768,74.52379999999998,122.8265,15.7161,13.3517,18.2169,0.3824,252.3675,96.521,18.5765,17.1241,-7999.0,-7999.0,95.4591,-0.7858,4
2010-10-24 13:41:00,0.7945999999999999,76.75929999999998,122.8249,15.7121,13.3536,18.2003,0.3895,248.6949,96.8224,18.6155,17.1945,-7999.0,-7999.0,98.4761,-0.7931,4
2010-10-24 13:42:00,0.7986999999999999,77.3827,122.8318,15.6955,13.353,18.1845,0.4037999999999999,241.8793,97.6638,18.6407,17.2587,-7999.0,-7999.0,100.829,-0.7925999999999999,4
2010-10-24 13:43:00,0.8128999999999998,80.6285,122.8438,15.6281,13.3521,18.1587,0.4153999999999999,246.3776,102.3717,18.6316,17.3088,-7999.0,-7999.0,103.484,-0.8116999999999999,4
2010-10-24 13:44:00,0.8550999999999999,85.9163,122.8917,15.6142,13.3528,18.1483,0.4210999999999999,257.5667,108.4938,18.6136,17.3666,-7999.0,-7999.0,108.1908,-0.8223,4
2010-10-24 13:45:00,0.8858,90.4733,122.8233,15.5519,13.3533,18.1297,0.4298,263.1754,113.1073,18.579,17.421,-7999.0,-7999.0,113.0181,-0.8367,4
2010-10-24 13:46:00,0.9026,92.7089,122.8234,15.5796,13.3544,18.119,0.4219999999999999,274.2335,115.7291,18.585,17.5021,-7999.0,-7999.0,116.8808,-0.8403,4
2010-10-24 13:47:00,0.9342,97.008,122.8627,15.6342,13.3535,18.0964,0.4431999999999999,271.8705,120.4667,18.6166,17.6026,-7999.0,-7999.0,120.9842,-0.8489999999999999,4
2010-10-24 13:48:00,0.9486,98.4912,122.8491,15.7208,13.3532,18.0964,0.446,272.8671,121.6715,18.6894,17.7258,-7999.0,-7999.0,122.4946,-0.8518,4
2010-10-24 13:49:00,0.9573,99.8884,122.8559,15.8065,13.3523,18.0964,0.4464,271.8934,121.3671,18.7588,17.8113,-7999.0,-7999.0,123.9428,-0.8545,4
2010-10-24 13:50:00,0.97,101.8015,122.8816,15.7672,13.3524,18.0943,0.4615,269.0066,124.1205,18.7797,17.8669,-7999.0,-7999.0,126.2364,-0.8589999999999999,4
2010-10-24 13:51:00,0.9804,102.9622,122.9141,15.7349,13.3524,18.0943,0.4685,266.3588,124.795,18.7942,17.9399,-7999.0,-7999.0,126.9003,-0.8601999999999999,4
2010-10-24 13:52:00,0.9765,102.6183,122.9414,15.7287,13.353,18.086,0.4685,267.2813,125.2239,18.822,18.0046,-7999.0,-7999.0,126.72,-0.8603,4
2010-10-24 13:53:00,0.9815,102.9193,122.9927,15.6873,13.3516,18.0777,0.4797,263.6314,126.4471,18.8346,18.0235,-7999.0,-7999.0,126.8413,-0.8588,4
2010-10-24 13:54:00,0.9832,103.2847,122.9944,15.6472,13.3517,18.084,0.4723999999999999,267.9021,126.5329,18.8325,18.0679,-7999.0,-7999.0,127.3257,-0.8617,4
2010-10-24 13:55:00,0.9858,103.4782,122.991,15.7137,13.3526,18.0964,0.4708,263.3468,123.9619,18.8636,18.1359,-7999.0,-7999.0,127.8696,-0.8599,4
2010-10-24 13:56:00,0.9802,101.8015,122.9432,15.7298,13.3517,18.0964,0.4763,259.0762,123.3871,18.8706,18.1165,-7999.0,-7999.0,126.5435,-0.8551999999999998,4
2010-10-24 13:57:00,0.9629,99.7595,123.0081,15.6575,13.3508,18.0964,0.4682999999999999,258.9453,121.2579,18.8366,18.0852,-7999.0,-7999.0,124.2512,-0.8518999999999999,4
2010-10-24 13:58:00,0.9599,99.0717,122.9603,15.5521,13.3504,18.0964,0.4737,260.8756,123.5923,18.7672,18.0393,-7999.0,-7999.0,123.3473,-0.8518999999999999,4
2010-10-24 13:59:00,0.9478,98.0614,123.0201,15.5689,13.3491,18.0964,0.4714999999999999,258.4272,121.8429,18.7519,18.065,-7999.0,-7999.0,122.3825,-0.8478,4
2010-10-24 14:00:00,0.9396,96.4278,122.9671,15.5541,13.3514,18.0964,0.4576,262.9825,120.3221,18.7214,18.0059,-7999.0,-7999.0,120.9956,-0.8486,4
2010-10-24 14:01:00,0.9374,96.3848,122.9894,15.5,13.3514,18.0964,0.4472999999999999,266.3648,119.1267,18.6651,17.9823,-7999.0,-7999.0,120.6947,-0.8499999999999999,4
2010-10-24 14:02:00,0.9361,97.0726,122.9877,15.5422,13.3509,18.0964,0.44,270.0546,118.796,18.6596,17.9698,-7999.0,-7999.0,121.4197,-0.8493,4
2010-10-24 14:03:00,0.9458,98.5558,122.9962,15.5317,13.3491,18.0964,0.4592,264.4857,121.4463,18.6395,17.9357,-7999.0,-7999.0,122.7483,-0.8521999999999998,4
2010-10-24 14:04:00,0.9435,97.9539,123.0065,15.512,13.3505,18.0964,0.4455,265.3057,118.1994,18.611,17.9135,-7999.0,-7999.0,122.1454,-0.8514,4
2010-10-24 14:05:00,0.9556,99.3726,123.0082,15.5583,13.3489,18.0964,0.4571,264.2979,120.8173,18.6062,17.9399,-7999.0,-7999.0,123.7142,-0.8545,4
2010-10-24 14:06:00,0.9579,99.6091,123.027,15.5498,13.3487,18.0964,0.4552999999999999,264.9584,120.6342,18.6055,17.894,-7999.0,-7999.0,123.8348,-0.8555,4
2010-10-24 14:07:00,0.9502,98.8782,122.9962,15.4866,13.3506,18.0964,0.4573999999999999,264.5826,121.0003,18.5721,17.8579,-7999.0,-7999.0,123.0508,-0.8531999999999998,4
2010-10-24 14:08:00,0.9374,96.7717,122.9894,15.4906,13.3511,18.1032,0.4439,268.8589,119.3497,18.5546,17.8479,-7999.0,-7999.0,120.8784,-0.8494,4
2010-10-24 14:09:00,0.9257,95.9764,122.9945,15.4831,13.3503,18.1167,0.4390999999999999,265.2943,116.5018,18.5348,17.8121,-7999.0,-7999.0,119.1874,-0.8466,4
2010-10-24 14:10:00,0.9242,95.8904,123.0287,15.5012,13.3512,18.1235,0.4406999999999999,267.3499,117.8251,18.5069,17.7932,-7999.0,-7999.0,119.4888,-0.8470999999999999,4
2010-10-24 14:11:00,0.937,96.7287,123.0406,15.5139,13.3522,18.1235,0.4555,265.7214,121.0322,18.4812,17.7584,-7999.0,-7999.0,120.9376,-0.8505,4
2010-10-24 14:12:00,0.943,98.3624,123.044,15.5005,13.3508,18.1235,0.458,264.1042,120.9646,18.4687,17.739,-7999.0,-7999.0,122.6878,-0.8529999999999999,4
2010-10-24 14:13:00,0.953,98.7923,123.068,15.4942,13.3509,18.1235,0.4648999999999999,260.2379,120.9504,18.4423,17.7097,-7999.0,-7999.0,123.4731,-0.8523,4
2010-10-24 14:14:00,0.9657,100.6408,123.0799,15.4618,13.3518,18.1235,0.4728,259.7767,122.8389,18.4208,17.6979,-7999.0,-7999.0,125.525,-0.8529999999999999,4
2010-10-24 14:15:00,0.9821,102.6829,123.0235,15.461,13.3509,18.1235,0.4806,259.2358,124.5829,18.3861,17.6882,-7999.0,-7999.0,127.7563,-0.8558999999999999,4
2010-10-24 14:16:00,0.988,103.6072,123.0013,15.4751,13.3523,18.1235,0.4778,263.9847,126.1334,18.3478,17.6777,-7999.0,-7999.0,128.9027,-0.8591999999999999,4
2010-10-24 14:17:00,0.9912,104.7035,122.9928,15.4527,13.3528,18.1256,0.4813,264.3036,127.1882,18.2658,17.6207,-7999.0,-7999.0,129.4442,-0.8617,4
2010-10-24 14:18:00,0.996,104.7035,122.9945,15.4168,13.3523,18.1256,0.4829,262.4985,126.7382,18.1832,17.5963,-7999.0,-7999.0,129.625,-0.8613,4
2010-10-24 14:19:00,0.9901,103.8007,123.0013,15.4351,13.3533,18.1256,0.4974,254.8172,126.7444,18.131,17.5963,-7999.0,-7999.0,129.9854,-0.8585,4
2010-10-24 14:26:00,1.0422,111.0231,122.986,15.4558,13.3519,18.1483,0.4949,270.2824,133.7758,18.1024,17.7255,-7999.0,-7999.0,137.8906,-0.8721999999999999,4
2010-10-24 14:27:00,1.0331,109.2175,122.9808,15.4847,13.3529,18.1483,0.4968,266.5015,132.3728,18.1281,17.7979,-7999.0,-7999.0,135.5979,-0.8681999999999999,4
2010-10-24 14:28:00,1.0316,109.6044,123.0064,15.4953,13.3538,18.1483,0.5075,259.7255,131.8,18.1434,17.8222,-7999.0,-7999.0,136.0196,-0.8679999999999999,4
2010-10-24 14:29:00,1.0187,107.2614,122.945,15.5002,13.3538,18.1483,0.507,256.9866,130.2957,18.1629,17.8188,-7999.0,-7999.0,134.2685,-0.8639,4
2010-10-24 14:30:00,1.0135,107.3474,122.9979,15.4995,13.3538,18.1483,0.5136,253.126,129.9936,18.1663,17.8222,-7999.0,-7999.0,135.294,-0.8645,4
2010-10-24 14:31:00,1.0461,111.7754,122.9843,15.4876,13.3538,18.1483,0.533,255.7168,136.3053,18.1517,17.832,-7999.0,-7999.0,139.8195,-0.8737,4
2010-10-24 14:32:00,1.0975,119.1268,122.9979,15.5087,13.3526,18.1483,0.5389,263.159,141.8195,18.1399,17.8375,-7999.0,-7999.0,145.7346,-0.8841,4
2010-10-24 14:33:00,1.1496,125.4249,123.0048,15.527,13.352,18.1483,0.5635,266.5755,150.2031,18.1434,17.8932,-7999.0,-7999.0,151.9512,-0.8917,4
2010-10-24 14:34:00,1.158,126.6286,123.0099,15.5366,13.3525,18.1649,0.5642,267.0196,150.6349,18.1544,17.9271,-7999.0,-7999.0,153.4003,-0.8929,4
2010-10-24 14:35:00,1.1753,129.4875,123.0167,15.5372,13.353,18.1732,0.5803,269.4852,156.4199,18.187,18.0126,-7999.0,-7999.0,156.2369,-0.8959,4
2010-10-24 14:36:00,1.5425,175.2509,123.0987,15.5492,13.3523,18.1732,0.7420999999999999,276.1018,204.6199,18.2002,18.1495,-7999.0,-7999.0,198.4798,-0.9204,4
2010-10-24 14:37:00,2.1397,248.7433,123.2388,15.6199,13.3522,18.189,1.0172,273.1522,277.8061,18.2799,18.7528,-7999.0,-7999.0,278.8012,-0.9405,4
2010-10-24 14:38:00,1.7562,201.0882,123.0697,15.6362,13.3523,18.2003,0.8477,269.1151,228.3009,18.3531,18.9972,-7999.0,-7999.0,226.1163,-0.9304,4
2010-10-24 14:39:00,1.7959,210.0303,123.1175,15.6586,13.3523,18.2086,0.8670999999999999,274.6725,239.2308,18.3718,19.1491,-7999.0,-7999.0,221.9516,-0.921,4
2010-10-24 14:40:00,4.8664,582.9517,123.9528,15.8635,13.3524,18.2355,2.2371,283.5439,634.5946,18.5632,20.5944,-7999.0,-7999.0,624.5142,-0.9661,4
2010-10-24 14:41:00,4.2961,505.3323,123.8059,16.1132,13.3501,18.2743,1.9763,280.7823,553.3094,18.9303,22.1153,-7999.0,-7999.0,565.8578,-0.9637,4
2010-10-24 14:42:00,5.4844,659.6253,124.1971,16.3097,13.3479,18.3232,2.551,280.1446,714.7385,19.285,23.9628,-7999.0,-7999.0,724.9824999999998,-0.9663,4
2010-10-24 14:43:00,4.7501,570.377,124.0758,16.4797,13.347,18.4149,2.1701,281.3631,610.6143,19.7084,25.6185,-7999.0,-7999.0,645.4477,-0.964,4
2010-10-24 14:44:00,3.6055,427.7773,123.7171,16.3721,13.3467,18.5371,1.6882,276.6256,466.9638,19.9509,25.9815,-7999.0,-7999.0,478.469,-0.96,4
2010-10-24 14:45:00,3.4097,402.155,123.6043,16.1599,13.3421,18.6725,1.631,268.9101,438.5286,20.0526,25.9513,-7999.0,-7999.0,446.4264,-0.9584,4
2010-10-24 14:46:00,3.427,403.5952,123.6368,16.1729,13.3412,18.8257,1.664,265.5335,441.8795,20.2469,26.2509,-7999.0,-7999.0,448.9624,-0.9581,4
2010-10-24 14:47:00,3.3853,399.0812,123.6095,16.1388,13.3371,18.979,1.6627,263.6032,438.2565,20.3305,26.1941,-7999.0,-7999.0,444.3758,-0.958,4
2010-10-24 14:48:00,3.6494,431.0232,123.7205,16.0461,13.3358,19.1396,1.8192,259.3781,471.8253,20.4305,26.3886,-7999.0,-7999.0,482.3873,-0.9595,4
2010-10-24 14:49:00,3.9087,461.4819,123.7957,16.0824,13.3358,19.3026,1.9929,253.6157,505.2965,20.515,26.7425,-7999.0,-7999.0,522.2735,-0.9602,4
2010-10-24 14:50:00,4.0517,479.7099,123.8042,16.1765,13.3322,19.4687,2.0986,248.5479,521.5745,20.6529,27.3685,-7999.0,-7999.0,550.2679,-0.961,4
2010-10-24 14:51:00,4.3344,513.608,123.9135,16.2238,13.3303,19.644,2.22,252.7217,561.1792,20.7863,27.8681,-7999.0,-7999.0,582.8537,-0.9628,4
2010-10-24 14:52:00,4.2438,506.1706,123.8862,16.2899,13.3278,19.8505,2.1319,256.2692,546.1863,20.8936,28.0351,-7999.0,-7999.0,573.683,-0.9621,4
2010-10-24 14:53:00,3.6595,434.9783,123.7957,16.1495,13.3245,20.0582,1.7946,262.4701,470.8978,20.9599,27.8206,-7999.0,-7999.0,488.4163,-0.9598,4
2010-10-24 14:54:00,3.0082,355.1449,123.6334,16.2393,13.3211,20.2553,1.4663,264.0985,387.1342,20.9971,27.3992,-7999.0,-7999.0,400.6744,-0.9548,4
2010-10-24 14:55:00,3.1901,374.7424,123.5958,16.0702,13.3206,20.4537,1.5606,266.8849,415.7007,20.8857,26.6123,-7999.0,-7999.0,414.2495,-0.9565,4
2010-10-24 14:56:00,2.9541,347.9106,123.5386,16.209,13.3177,20.6371,1.4456,263.8163,381.1538,20.9031,26.6627,-7999.0,-7999.0,397.1103,-0.9515,4
2010-10-24 14:57:00,3.5816,422.4121,123.756,16.3051,13.3162,20.8165,1.7127,270.7865,463.7295,20.9132,26.7116,-7999.0,-7999.0,471.7543,-0.9576,4
2010-10-24 14:58:00,3.6095,427.2498,123.8213,16.3213,13.3134,20.9905,1.7109,274.4373,469.9394,21.0104,26.8781,-7999.0,-7999.0,471.5143,-0.9603,4
2010-10-24 14:59:00,3.863,458.9128,123.7653,16.3176,13.3128,21.169,1.8278,272.8665,498.7388,21.0825,27.1997,-7999.0,-7999.0,514.1134,-0.9616,4
2010-10-24 15:00:00,3.8064,451.4554,123.7537,16.3737,13.3128,21.3482,1.8157,271.5634,493.0943,21.172,27.3917,-7999.0,-7999.0,501.9219,-0.9612,4
2010-10-24 15:01:00,3.3109,393.5923,123.6361,16.3771,13.3122,21.5308,1.5729,269.8559,424.4551,21.1876,27.1493,-7999.0,-7999.0,443.6331,-0.9575,4
2010-10-24 15:02:00,2.6123,304.1313,123.3631,16.2195,13.3108,21.7048,1.2566,267.5674,336.0871,21.1297,26.3758,-7999.0,-7999.0,342.6217,-0.95,4
2010-10-24 15:03:00,2.8097,329.3736,123.4124,16.0448,13.3085,21.8654,1.3752,265.0277,364.4458,21.0267,25.8768,-7999.0,-7999.0,368.087,-0.9527,4
2010-10-24 15:04:00,2.8565,333.7727,123.4097,15.9249,13.3071,22.0128,1.3703,271.3989,372.0262,20.9291,25.3758,-7999.0,-7999.0,371.2253,-0.9535,4
2010-10-24 15:05:00,2.7182,318.7446,123.403,15.9057,13.3066,22.1517,1.2808,273.075,349.8525,20.8452,25.0391,-7999.0,-7999.0,358.4938,-0.9517,4
2010-10-24 15:06:00,1.8811,216.9516,123.1787,15.8139,13.3065,22.2767,0.8927,271.4454,242.3278,20.6672,24.2679,-7999.0,-7999.0,250.7226,-0.9366,4
2010-10-24 15:07:00,1.5976,181.2115,123.1483,15.8445,13.3056,22.3818,0.7560999999999999,273.6306,206.869,20.5804,23.5293,-7999.0,-7999.0,211.8,-0.9263,4
2010-10-24 15:08:00,1.5134,170.9167,123.1162,15.7824,13.3065,22.4793,0.7392999999999998,266.429,196.9505,20.4307,22.7347,-7999.0,-7999.0,198.4036,-0.9203,4
2010-10-24 15:09:00,1.2081,131.3918,122.9727,15.8714,13.3051,22.5755,0.5842,263.9729,154.1685,20.3676,22.1,-7999.0,-7999.0,158.0925,-0.8941999999999999,4
2010-10-24 15:10:00,0.9901,102.0315,122.8859,15.9655,13.3064,22.6461,0.461,266.9172,123.0342,20.3154,21.6135,-7999.0,-7999.0,126.8355,-0.8575,4
2010-10-24 15:11:00,0.8568,84.601,122.8463,16.0435,13.3068,22.694,0.3952,267.2335,105.6057,20.2638,21.0615,-7999.0,-7999.0,108.5519,-0.8225,4
2010-10-24 15:12:00,0.7807,74.7138,122.8123,15.9799,13.3078,22.7414,0.3507,272.8023,95.667,20.1267,20.4263,-7999.0,-7999.0,99.6818,-0.7932,4
2010-10-24 15:13:00,0.8312,84.3841,122.8111,15.9681,13.3068,22.7278,0.4006,269.5049,107.8931,20.0154,19.9641,-7999.0,-7999.0,107.2239,-0.8193,4
2010-10-24 15:14:00,0.96,100.8266,122.8877,15.9083,13.3087,22.7278,0.4771,262.2678,125.1155,19.8714,19.5174,-7999.0,-7999.0,123.1536,-0.8548999999999999,4
2010-10-24 15:15:00,1.0516,113.3339,122.9761,15.9412,13.3111,22.7301,0.5214999999999999,262.1892,136.7668,19.7789,19.3272,-7999.0,-7999.0,135.704,-0.8742999999999999,4
2010-10-24 15:16:00,1.2791,141.0813,122.9775,15.9488,13.3115,22.7278,0.6113,271.0989,165.8436,19.7074,19.2389,-7999.0,-7999.0,164.0636,-0.9038,4
2010-10-24 15:17:00,1.2683,140.0049,123.0101,15.9763,13.3112,22.7278,0.5996,274.4717,164.5638,19.6735,19.2473,-7999.0,-7999.0,164.3649,-0.9057,4
2010-10-24 15:18:00,1.0384,109.6776,122.9323,15.9018,13.3113,22.7278,0.4782,276.5705,132.2623,19.6035,19.0989,-7999.0,-7999.0,135.4016,-0.8706,4
2010-10-24 15:19:00,0.8031,77.09149999999998,122.9036,15.909,13.3119,22.6962,0.3548,274.7835,97.5053,19.5757,18.9552,-7999.0,-7999.0,101.6102,-0.799,4
2010-10-24 15:20:00,0.7307,66.1946,122.8717,15.8634,13.3149,22.6714,0.3080999999999999,273.4544,84.22719999999998,19.5237,18.7081,-7999.0,-7999.0,88.8185,-0.7487,4
2010-10-24 15:21:00,0.6545999999999998,49.752,122.8342,15.7946,13.3148,22.6367,0.2553,274.9042,70.1762,19.4369,18.4156,-7999.0,-7999.0,72.4064,-0.6291999999999999,4
2010-10-24 15:22:00,0.6200999999999999,41.349,122.8275,15.8119,13.3161,22.6081,0.2177,274.9559,59.859,19.3706,18.1679,-7999.0,-7999.0,63.1746,-0.555,4
2010-10-24 15:23:00,0.6069,36.7715,122.7852,15.8066,13.3169,22.5635,0.1996999999999999,274.9453,54.9111,19.318,17.9358,-7999.0,-7999.0,57.6838,-0.5057,4
2010-10-24 15:24:00,0.6086,35.3101,122.8007,15.775,13.318,22.5142,0.1915,275.162,52.6979,19.2448,17.7074,-7999.0,-7999.0,55.3306,-0.4818,4
2010-10-24 15:25:00,0.5990999999999999,35.7185,122.801,15.7755,13.3196,22.468,0.1915,275.0089,52.666,19.1707,17.5016,-7999.0,-7999.0,55.3306,-0.4903,4
2010-10-24 15:26:00,0.6018999999999999,37.18,122.7141,15.7853,13.3216,22.4097,0.1971999999999999,274.9922,54.2297,19.1432,17.3654,-7999.0,-7999.0,57.1405,-0.512,4
2010-10-24 15:27:00,0.6125,40.3178,122.692,15.7965,13.3212,22.3472,0.2111,275.0382,58.0567,19.1177,17.2591,-7999.0,-7999.0,60.4587,-0.5415999999999999,4
2010-10-24 15:28:00,0.6088,37.8684,122.7045,15.7505,13.3214,22.2788,0.2021999999999999,274.8211,55.5736,19.0711,17.1574,-7999.0,-7999.0,58.2858,-0.5183999999999999,4
2010-10-24 15:29:00,0.5965,35.6984,122.7921,15.7142,13.3221,22.2118,0.1904,274.9457,52.3433,19.0335,17.059,-7999.0,-7999.0,55.8113,-0.4985999999999999,4
2010-10-24 15:30:00,0.5955,35.9355,122.7498,15.6478,13.3262,22.1427,0.1918,274.8707,52.7068,19.0202,16.9586,-7999.0,-7999.0,55.9926,-0.5010999999999999,4
2010-10-24 15:31:00,0.6120999999999999,34.8828,122.7001,15.5904,13.3267,22.0638,0.194,275.0676,53.3695,18.9796,16.851,-7999.0,-7999.0,54.424,-0.4738,4
2010-10-24 15:32:00,0.6089,35.2479,122.6736,15.5279,13.3277,21.978,0.1908,274.8436,52.4567,18.8876,16.7404,-7999.0,-7999.0,54.5449,-0.4768999999999999,4
2010-10-24 15:33:00,0.6038999999999999,35.3337,122.7107,15.4789,13.3304,21.9019,0.1855999999999999,275.1443,51.0658,18.8131,16.6614,-7999.0,-7999.0,54.9674,-0.4857,4
2010-10-24 15:34:00,0.6138,33.958,122.6433,15.4235,13.3313,21.8151,0.1832999999999999,274.9091,50.3964,18.7377,16.5745,-7999.0,-7999.0,53.5195,-0.4587999999999999,4
2010-10-24 15:35:00,0.6250999999999999,33.3991,122.6806,15.3706,13.3318,21.7294,0.1784999999999999,274.8914,49.0762,18.6626,16.4922,-7999.0,-7999.0,52.1921,-0.4400999999999999,4
2010-10-24 15:36:00,0.6271999999999999,33.4204,122.7106,15.3113,13.3322,21.6389,0.1789999999999999,274.8443,49.1961,18.5701,16.3923,-7999.0,-7999.0,52.6141,-0.4444,4
2010-10-24 15:37:00,0.6248,33.3344,122.7105,15.2785,13.3323,21.551,0.1829,275.0489,50.295,18.4955,16.3174,-7999.0,-7999.0,52.614,-0.4410999999999999,4
2010-10-24 15:38:00,0.6280999999999999,32.3026,122.7578,15.2297,13.3344,21.4604,0.1719,274.968,47.2771,18.4461,16.2531,-7999.0,-7999.0,51.4678,-0.4274999999999999,4
2010-10-24 15:39:00,0.6188,31.1205,122.802,15.2269,13.335,21.3687,0.1694,274.9962,46.5941,18.4267,16.2072,-7999.0,-7999.0,50.2611,-0.4172,4
2010-10-24 15:40:00,0.6138,30.5841,122.8156,15.2392,13.3384,21.2751,0.1658,275.1004,45.6084,18.4014,16.1685,-7999.0,-7999.0,49.3569,-0.4102,4
2010-10-24 15:41:00,0.6063,29.3806,122.7579,15.2475,13.3385,21.1825,0.1651,274.9474,45.3976,18.3867,16.1286,-7999.0,-7999.0,48.1502,-0.4057,4
2010-10-24 15:42:00,0.5987,28.9074,122.7276,15.2391,13.3419,21.0876,0.1598999999999999,274.9787,43.9605,18.3856,16.0827,-7999.0,-7999.0,47.9089,-0.4057999999999999,4
2010-10-24 15:43:00,0.6056,29.4663,122.6868,15.2201,13.3424,20.9973,0.1647,275.0419,45.2871,18.3968,16.0459,-7999.0,-7999.0,48.0899,-0.4064999999999999,4
2010-10-24 15:44:00,0.5983,29.1231,122.729,15.1973,13.3444,20.9001,0.1688,275.0883,46.4217,18.3972,15.9898,-7999.0,-7999.0,47.7883,-0.4062,4
2010-10-24 15:45:00,0.5985,28.8866,122.8039,15.1824,13.3444,20.8075,0.1663,275.0535,45.7274,18.3847,15.943,-7999.0,-7999.0,47.4866,-0.4046,4
2010-10-24 15:46:00,0.5994,28.7573,122.8059,15.1902,13.3445,20.7171,0.1615,274.6861,44.3528,18.3953,15.9055,-7999.0,-7999.0,47.4269,-0.4037999999999999,4
2010-10-24 15:47:00,0.5930999999999998,28.7789,122.7825,15.1662,13.3446,20.5974,0.164,274.9661,45.0859,18.3916,15.8369,-7999.0,-7999.0,46.8235,-0.4012999999999999,4
2010-10-24 15:48:00,0.5859999999999999,27.5114,122.7473,15.1771,13.3447,20.5115,0.1565,274.8405,43.0008,18.3915,15.7997,-7999.0,-7999.0,45.4356,-0.3915,4
2010-10-24 15:49:00,0.5706,25.9853,122.6837,15.1666,13.3456,20.4204,0.1507999999999999,274.7484,41.4214,18.3715,15.7559,-7999.0,-7999.0,43.4445,-0.3776999999999999,4
2010-10-24 15:50:00,0.5677999999999999,22.0732,122.643,15.1413,13.3484,20.3285,0.1265999999999999,279.0551,35.2529,18.3258,15.7029,-7999.0,-7999.0,42.2984,-0.3277999999999999,4
2010-10-24 15:51:00,0.5732,23.4275,122.6746,15.0715,13.3485,20.24,0.1416999999999999,267.2885,37.7351,18.2376,15.6471,-7999.0,-7999.0,40.5487,-0.34,4
2010-10-24 15:52:00,0.5968,24.8249,122.6507,15.0081,13.3485,20.151,0.1665,235.5563,39.2081,18.1189,15.5878,-7999.0,-7999.0,38.6784,-0.3461,4
2010-10-24 15:53:00,0.5672,23.2557,122.6618,14.9641,13.3495,20.058,0.1487,230.5955,34.2926,18.0297,15.5205,-7999.0,-7999.0,36.9889,-0.342,4
2010-10-24 15:54:00,0.5697999999999999,21.751,122.6624,14.9372,13.3518,19.9672,0.1524,230.4282,35.1082,17.9755,15.459,-7999.0,-7999.0,35.7823,-0.3194,4
2010-10-24 15:55:00,0.5685,20.2678,122.6479,14.9363,13.3541,19.877,0.1423,230.8309,32.8564,17.944,15.3988,-7999.0,-7999.0,33.6704,-0.2990999999999999,4
2010-10-24 15:56:00,0.5658999999999998,20.1172,122.6436,14.9038,13.3546,19.7863,0.1436999999999999,230.6642,33.1464,17.8988,15.3345,-7999.0,-7999.0,33.4292,-0.2978,4
2010-10-24 15:57:00,0.559,19.2574,122.6054,14.9007,13.3555,19.694,0.1355,230.6516,31.2536,17.8027,15.2812,-7999.0,-7999.0,32.2222,-0.2893999999999999,4
2010-10-24 15:58:00,0.5433999999999999,17.151,122.6184,14.891,13.356,19.6091,0.1265999999999999,230.36,29.1661,17.7648,15.2109,-7999.0,-7999.0,29.9894,-0.2666,4
2010-10-24 15:59:00,0.5444999999999999,15.3674,122.6339,14.865,13.356,19.5165,0.1259,230.4375,29.0197,17.7441,15.1349,-7999.0,-7999.0,28.1188,-0.2389,4
2010-10-24 16:00:00,0.5355999999999999,13.8845,122.6523,14.8539,13.356,19.4316,0.1132,230.7246,26.1144,17.7278,15.0779,-7999.0,-7999.0,26.3085,-0.2182,4
2010-10-24 16:01:00,0.5284999999999999,12.5306,122.63,14.8794,13.356,19.3418,0.1095,230.5,25.2503,17.7044,15.0222,-7999.0,-7999.0,25.3431,-0.2051,4
2010-10-24 16:02:00,0.5248,12.2943,122.6275,14.9359,13.3561,19.2548,0.1041,230.5357,23.9936,17.6762,14.9806,-7999.0,-7999.0,24.0761,-0.1945,4
2010-10-24 16:03:00,0.5273999999999999,11.7568,122.6156,15.0041,13.357,19.1723,0.1077,230.3163,24.8111,17.6297,14.9751,-7999.0,-7999.0,23.5934,-0.1864,4
2010-10-24 16:04:00,0.5232999999999999,11.3054,122.6594,15.0267,13.3597,19.0893,0.1007,230.5316,23.2063,17.6042,14.9215,-7999.0,-7999.0,22.9297,-0.1807,4
2010-10-24 16:05:00,0.5272,10.5963,122.6342,15.034,13.3607,19.0072,0.0981999999999999,230.5184,22.6268,17.5887,14.8653,-7999.0,-7999.0,22.5072,-0.1728,4
2010-10-24 16:06:00,0.5295999999999998,10.059,122.6175,14.9819,13.3616,18.9248,0.0998,230.3085,22.9729,17.5651,14.7941,-7999.0,-7999.0,21.783,-0.1656999999999999,4
2010-10-24 16:07:00,0.5359,10.0161,122.6242,14.9223,13.3621,18.8406,0.0903999999999999,230.4653,20.8392,17.5266,14.7266,-7999.0,-7999.0,21.1192,-0.1593,4
2010-10-24 16:08:00,0.5386999999999998,9.9517,122.575,14.8492,13.3625,18.7612,0.0961,230.3008,22.1323,17.4671,14.6822,-7999.0,-7999.0,20.7571,-0.1542999999999999,4
2010-10-24 16:09:00,0.5416999999999998,9.4789,122.5748,14.6693,13.3644,18.6832,0.0933999999999999,230.3035,21.5017,17.3813,14.5925,-7999.0,-7999.0,20.2743,-0.1462,4
2010-10-24 16:10:00,0.5491,8.9631,122.6347,14.4966,13.3671,18.5993,0.0884,230.5372,20.37,17.2832,14.5029,-7999.0,-7999.0,19.6105,-0.1373,4
2010-10-24 16:11:00,0.5524999999999999,8.9632,122.5198,14.5148,13.3653,18.5245,0.0845,230.3232,19.4608,17.1734,14.4638,-7999.0,-7999.0,19.1883,-0.1332,4
2010-10-24 16:12:00,0.5615999999999999,8.5333,122.4857,14.5795,13.3671,18.4385,0.0817999999999999,230.5283,18.8487,17.083,14.4184,-7999.0,-7999.0,19.128,-0.1303,4
2010-10-24 16:13:00,0.559,8.8773,122.5208,14.6377,13.3676,18.366,0.0903999999999999,230.4446,20.8387,17.0494,14.3911,-7999.0,-7999.0,19.4899,-0.1331,4
2010-10-24 16:14:00,0.5446999999999999,9.0277,122.5517,14.665,13.3676,18.2637,0.0972999999999999,230.7182,22.4358,17.0207,14.3237,-7999.0,-7999.0,19.6106,-0.1411999999999999,4
2010-10-24 16:15:00,0.5413,9.6726,122.4959,14.7386,13.3694,18.1845,0.0932,230.5258,21.475,17.0206,14.2936,-7999.0,-7999.0,20.0932,-0.1515,4
2010-10-24 16:16:00,0.5405999999999999,10.0166,122.5985,14.8419,13.3713,18.1101,0.0936,230.7766,21.6035,17.0164,14.2901,-7999.0,-7999.0,20.6363,-0.1595,4
2010-10-24 16:17:00,0.5402,10.253,122.635,14.8855,13.3731,18.0395,0.0933999999999999,230.4416,21.5237,17.0167,14.2939,-7999.0,-7999.0,21.7223,-0.1673999999999999,4
2010-10-24 16:18:00,0.5395999999999999,11.5642,122.5394,14.8922,13.3732,17.9678,0.1045,230.5444,24.1014,17.0006,14.3392,-7999.0,-7999.0,22.5067,-0.1786,4
2010-10-24 16:19:00,0.5279,12.1231,122.5945,14.9774,13.3748,17.8951,0.1063999999999999,230.3629,24.505,16.9201,14.495,-7999.0,-7999.0,23.5929,-0.1898,4
2010-10-24 16:20:00,0.5227,12.4671,122.5741,15.0438,13.3754,17.836,0.1109,230.5567,25.5708,16.8692,14.5999,-7999.0,-7999.0,24.9809,-0.2003999999999999,4
2010-10-24 16:26:00,0.5505999999999999,17.2391,122.6417,15.6787,13.3797,17.4698,0.1391999999999999,212.0927,29.5165,16.8334,14.8347,-7999.0,-7999.0,33.1283,-0.2661,4
2010-10-24 16:27:00,0.5596999999999999,18.3783,122.6298,15.5769,13.3798,17.4118,0.1389,212.1782,29.478,16.8491,14.8211,-7999.0,-7999.0,34.3354,-0.2712999999999999,4
2010-10-24 16:28:00,0.5791,19.1096,122.5316,15.6338,13.3799,17.3642,0.1462,212.2624,31.0394,16.8711,14.8712,-7999.0,-7999.0,34.8185,-0.2745,4
2010-10-24 16:29:00,0.5673,19.7762,122.5539,15.7716,13.3799,17.3145,0.1512,211.9865,32.0602,16.8869,14.9716,-7999.0,-7999.0,36.267,-0.2963,4
2010-10-24 16:30:00,0.5413,21.1734,122.5996,15.9553,13.38,17.2672,0.1552999999999999,212.3672,32.9875,16.9176,15.1038,-7999.0,-7999.0,37.5348,-0.3229,4
2010-10-24 16:31:00,0.545,22.1621,122.6523,16.244,13.38,17.2232,0.1580999999999999,212.4067,33.5751,16.9641,15.2713,-7999.0,-7999.0,39.1644,-0.3395,4
2010-10-24 16:32:00,0.5514999999999999,23.4954,122.6396,16.4187,13.3801,17.1797,0.1645,212.1152,34.8848,17.0125,15.4541,-7999.0,-7999.0,40.9147,-0.3518999999999999,4
2010-10-24 16:33:00,0.5484999999999999,23.2806,122.6781,16.4037,13.3801,17.1507,0.169,211.9631,35.8285,17.058,15.5976,-7999.0,-7999.0,40.9752,-0.3532,4
2010-10-24 16:34:00,0.5406999999999998,22.1196,122.6531,16.4723,13.3801,17.1155,0.1565,212.1093,33.1938,17.0897,15.7571,-7999.0,-7999.0,39.9496,-0.3451,4
2010-10-24 16:35:00,0.5431,21.2382,122.6427,16.4855,13.3802,17.0782,0.159,212.4107,33.7704,17.1178,15.8349,-7999.0,-7999.0,38.0186,-0.324,4
2010-10-24 16:36:00,0.5544999999999999,19.4754,122.6247,16.3687,13.3802,17.0575,0.1467,212.1928,31.127,17.1514,15.8212,-7999.0,-7999.0,36.2085,-0.2945999999999999,4
2010-10-24 16:37:00,0.5615999999999999,17.9922,122.6075,16.2028,13.3797,17.0244,0.1386999999999999,212.1812,29.4321,17.1524,15.7768,-7999.0,-7999.0,33.7946,-0.2708999999999999,4
2010-10-24 16:38:00,0.5474,16.1654,122.6293,15.9565,13.3802,16.9916,0.131,211.8221,27.7438,17.1252,15.6985,-7999.0,-7999.0,31.5621,-0.2485,4
2010-10-24 16:39:00,0.5415999999999999,14.4457,122.5681,15.794,13.3802,16.9662,0.1212,212.2724,25.7245,17.1089,15.5907,-7999.0,-7999.0,29.1482,-0.2255,4
2010-10-24 16:40:00,0.5623,12.7258,122.6196,15.7092,13.3803,16.9475,0.1162,212.0705,24.6374,17.1014,15.4769,-7999.0,-7999.0,26.7345,-0.1925,4
2010-10-24 16:41:00,0.5577999999999999,11.0492,122.6031,15.6134,13.3803,16.9165,0.1134,212.1285,24.0594,17.0801,15.3605,-7999.0,-7999.0,24.6223,-0.1698,4
2010-10-24 16:42:00,0.5415999999999999,9.6309,122.5345,15.5533,13.3803,16.8937,0.0995,212.1684,21.1225,17.0699,15.2482,-7999.0,-7999.0,22.4498,-0.1497,4
2010-10-24 16:43:00,0.5403,8.1906,122.5324,15.4632,13.3803,16.8606,0.0882,212.1904,18.704,17.0151,15.1514,-7999.0,-7999.0,20.2169,-0.1285999999999999,4
2010-10-24 16:44:00,0.545,7.0081,122.5319,15.5563,13.3808,16.8357,0.0812999999999999,212.0556,17.2435,16.991,15.0782,-7999.0,-7999.0,18.5272,-0.1102,4
2010-10-24 16:45:00,0.5519,6.2772,122.481,15.6946,13.3808,16.8047,0.0806,212.2099,17.1106,16.9794,15.0379,-7999.0,-7999.0,17.2599,-0.0972999999999999,4
2010-10-24 16:46:00,0.5516999999999999,5.8258,122.4878,15.5559,13.3807,16.7736,0.0718,212.4237,15.2423,16.9331,14.9256,-7999.0,-7999.0,15.7512,-0.0844,4
2010-10-24 16:47:00,0.5516999999999999,5.0305,122.5115,15.4599,13.3808,16.757,0.0718,207.8817,14.9204,16.9144,14.8194,-7999.0,-7999.0,14.4839,-0.0699,4
2010-10-24 16:48:00,0.5453,3.7192,122.5022,15.3725,13.3816,16.7218,0.0696999999999999,201.3286,14.0334,16.8806,14.684,-7999.0,-7999.0,13.3373,-0.057,4
2010-10-24 16:49:00,0.5524,3.3538,122.5742,15.3286,13.3821,16.697,0.0683,195.0986,13.3343,16.8593,14.5813,-7999.0,-7999.0,12.2511,-0.0449999999999999,4
2010-10-24 16:50:00,0.5632,2.6443,122.5318,15.2728,13.3832,16.6659,0.0628999999999999,189.8369,11.9393,16.8226,14.4836,-7999.0,-7999.0,11.8289,-0.0342999999999999,4
2010-10-24 16:51:00,0.5643,1.7199,122.4585,15.2295,13.3847,16.6431,0.0614999999999999,184.3213,11.3356,16.7992,14.3739,-7999.0,-7999.0,11.2858,-0.0245,4
2010-10-24 16:52:00,0.5647999999999999,1.118,122.4714,15.1584,13.3853,16.6058,0.0574,178.1233,10.2261,16.7647,14.2461,-7999.0,-7999.0,10.2599,-0.0135,4
2010-10-24 16:53:00,0.5636999999999999,0.516,122.4818,15.0956,13.3861,16.5748,0.0580999999999999,173.0343,10.0476,16.7385,14.1364,-7999.0,-7999.0,8.992499999999998,-0.0032,4
2010-10-24 16:54:00,0.5675999999999999,-0.1504999999999999,122.4614,15.0545,13.3869,16.5499,0.0446999999999999,166.9543,7.4729,16.7234,14.0372,-7999.0,-7999.0,8.268399999999998,0.0053,4
2010-10-24 16:55:00,0.5706,-0.9675,122.413,15.0254,13.387,16.5168,0.0534999999999999,159.8115,8.5556,16.6889,13.9464,-7999.0,-7999.0,7.2424,0.0149,4
2010-10-24 16:56:00,0.5116,-0.7095,122.3081,15.0247,13.3881,16.4774,0.0465,163.4215,7.6136,16.6482,13.8746,-7999.0,-7999.0,6.6993,0.0101,4
2010-10-24 16:57:00,0.3600999999999999,1.333,122.2597,15.0286,13.3891,16.4526,0.0303,215.2535,6.2358,16.6122,13.8475,-7999.0,-7999.0,5.7941,-0.0437,4
2010-10-24 16:58:00,0.4156,1.5695,122.2336,15.0897,13.391,16.4174,0.0352999999999999,192.0446,6.7634,16.5812,13.8205,-7999.0,-7999.0,4.9491,-0.0453,4
2010-10-24 16:59:00,0.3765,1.4835,122.1596,15.2859,13.392,16.378,0.031,188.4045,5.7676,16.5544,13.8236,-7999.0,-7999.0,4.1645,-0.0451999999999999,4
2010-10-24 17:00:00,0.3645999999999999,1.204,122.1389,15.3623,13.3926,16.3553,0.0259999999999999,191.9351,4.8481,16.5323,13.8336,-7999.0,-7999.0,3.7421,-0.047,4
2010-10-24 17:01:00,0.2645,1.8705,122.0957,15.3681,13.3926,16.3217,0.0328,186.1252,6.0504,16.5121,13.8014,-7999.0,-7999.0,3.1989,-0.0714,4
2010-10-24 17:02:00,0.3150999999999999,1.462,122.0801,15.3341,13.3931,16.2892,0.0320999999999999,177.0696,5.6413,16.5074,13.7063,-7999.0,-7999.0,2.4746,-0.0591,4
2010-10-24 17:03:00,0.1887,2.8165,122.741,15.2607,13.3932,16.2622,0.0277999999999999,179.7111,4.9501,16.4889,13.6441,-7999.0,-7999.0,1.8107,-0.1073,4
2010-10-24 17:04:00,0.2451,2.236,123.0611,15.1333,13.3937,16.225,0.0335,151.7248,5.0595,16.4467,13.5645,-7999.0,-7999.0,1.4486,-0.085,4
2010-10-24 17:05:00,0.188,2.9026,123.0465,15.0255,13.3933,16.1877,0.0287,131.6227,3.7931,16.4053,13.4857,-7999.0,-7999.0,0.9054,-0.109,4
2010-10-24 17:06:00,0.1887,3.0531,123.0402,15.0189,13.3942,16.1628,0.0223,43.5935,0.8709,16.3776,13.4558,-7999.0,-7999.0,0.6036,-0.1108,4
2010-10-24 17:07:00,0.1887,3.0745,123.0419,15.0245,13.3961,16.1276,0.0251,30.3851,0.7598,16.3529,13.393,-7999.0,-7999.0,0.1811,-0.1108,4
2010-10-24 17:08:00,0.1885,2.9885,123.0468,15.0786,13.3966,16.0924,0.0212,25.6579,0.543,16.3184,13.345,-7999.0,-7999.0,-0.4829,-0.1116,4
2010-10-24 17:09:00,0.1890999999999999,3.0961,123.0171,15.4902,13.3985,16.0638,0.0171,22.1899,0.3799,16.3233,13.4466,-7999.0,-7999.0,-0.8449999999999999,-0.1126,4
2010-10-24 17:10:00,0.1887,2.9886,123.0207,16.1062,13.3989,16.0346,0.0161999999999999,18.4935,0.3039,16.3653,13.6467,-7999.0,-7999.0,-0.8449999999999999,-0.1138,4
2010-10-24 17:11:00,0.1883,3.0317,123.0244,15.9782,13.399,16.0036,0.0213999999999999,14.5866,0.3109,16.3684,13.6576,-7999.0,-7999.0,-0.8449999999999999,-0.1131,4
2010-10-24 17:12:00,0.1883,2.9672,122.9837,15.9584,13.3985,15.9746,0.0161999999999999,12.1773,0.1933999999999999,16.3611,13.8017,-7999.0,-7999.0,-0.9054,-0.1142,4
2010-10-24 17:13:00,0.1885,3.1177,122.9493,16.1159,13.399,15.9601,0.0178,10.8333,0.1928999999999999,16.3836,13.9875,-7999.0,-7999.0,-0.9657,-0.1144,4
2010-10-24 17:14:00,0.1885,3.0747,122.8948,16.2309,13.399,15.9311,0.0161999999999999,10.1213,0.1633,16.4006,14.2415,-7999.0,-7999.0,-0.9657,-0.1143,4
2010-10-24 17:15:00,0.1877999999999999,3.0317,122.884,16.3252,13.3986,15.9186,0.0148,9.6658,0.1416,16.4294,14.5259,-7999.0,-7999.0,-0.9657,-0.1152,4
2010-10-24 17:16:00,0.1887,3.0317,122.8399,16.2168,13.3991,15.8979,0.0175,10.0759,0.1746999999999999,16.4275,14.5353,-7999.0,-7999.0,-0.8449999999999999,-0.1153,4
2010-10-24 17:17:00,0.1885,3.0103,122.8476,16.1531,13.3991,15.877,0.0149999999999999,9.7057,0.1441,16.4199,14.5479,-7999.0,-7999.0,-0.8449999999999999,-0.1158,4
2010-10-24 17:18:00,0.1887,3.0318,122.8,16.1402,13.3986,15.8733,0.0195999999999999,9.6716,0.1894,16.4294,14.6169,-7999.0,-7999.0,-1.0261,-0.116,4
2010-10-24 17:19:00,0.1885,2.9458,122.8143,16.1613,13.3982,15.8691,0.0184999999999999,9.6602,0.1814999999999999,16.4371,14.6575,-7999.0,-7999.0,-1.1468,-0.1160999999999999,4
2010-10-24 17:20:00,0.1887,3.1393,122.7257,16.1055,13.3986,15.8505,0.0106999999999999,9.8254,0.1046,16.4206,14.6102,-7999.0,-7999.0,-1.2072,-0.1162,4
2010-10-24 17:21:00,0.1874,3.0963,122.6817,16.0593,13.3982,15.8422,0.0164,9.4268,0.1544,16.4116,14.6222,-7999.0,-7999.0,-1.3883,-0.1163,4
2010-10-24 17:22:00,0.1880999999999999,2.9888,122.6956,16.0694,13.3973,15.8236,0.0175,8.936899999999998,0.1570999999999999,16.393,14.6574,-7999.0,-7999.0,-1.5694,-0.1168,4
2010-10-24 17:23:00,0.1875999999999999,3.0103,122.6583,16.1081,13.3977,15.8236,0.0114,9.5635,0.1108,16.3958,14.7274,-7999.0,-7999.0,-1.6297,-0.1167,4
2010-10-24 17:24:00,0.1883,3.0748,122.6603,16.1616,13.3982,15.8153,0.0121,8.9142,0.1087999999999999,16.3945,14.7939,-7999.0,-7999.0,-1.7504,-0.1165,4
2010-10-24 17:25:00,0.1887,3.0963,122.64,16.1815,13.3977,15.8029,0.0171,8.6807,0.1487999999999999,16.3849,14.841,-7999.0,-7999.0,-1.6901,-0.1163,4
2010-10-24 17:26:00,0.1887,3.0748,123.9594,16.1106,13.3959,15.7987,0.0086999999999999,8.9541,0.0773999999999999,16.3752,14.8137,-7999.0,-7999.0,-1.6901,-0.1165,4
2010-10-24 17:27:00,0.1885,3.0318,123.0624,16.0867,13.3973,15.7987,0.0149999999999999,8.7661,0.1323,16.3647,14.8046,-7999.0,-7999.0,-1.8108,-0.1169,4
2010-10-24 17:28:00,0.1883,2.9673,122.9943,16.1296,13.3973,15.7987,0.0179999999999999,7.8548,0.1424999999999999,16.3592,14.8172,-7999.0,-7999.0,-1.8712,-0.1174999999999999,4
2010-10-24 17:29:00,0.1887,3.0103,122.9482,16.0573,13.3955,15.7967,0.0141,6.7498,0.0962999999999999,16.3445,14.7297,-7999.0,-7999.0,-1.9919,-0.1171,4
2010-10-24 17:30:00,0.1880999999999999,3.0964,122.9399,16.0576,13.3955,15.778,0.0114,5.753,0.0637999999999999,16.3161,14.7307,-7999.0,-7999.0,-2.1126,-0.1171,4
2010-10-24 17:31:00,0.1875999999999999,3.0749,122.916,16.0528,13.3955,15.7739,0.0155,5.2745,0.0822999999999999,16.3057,14.6985,-7999.0,-7999.0,-2.0523,-0.1181,4
2010-10-24 17:32:00,0.1885,3.0319,122.9025,16.0268,13.3973,15.7739,0.0156999999999999,4.6138,0.0717,16.2918,14.6586,-7999.0,-7999.0,-2.1126,-0.1173,4
2010-10-24 17:33:00,0.1880999999999999,3.0749,122.8752,16.0029,13.395,15.7739,0.0121,4.1068,0.0485999999999999,16.2799,14.639,-7999.0,-7999.0,-2.0523,-0.1186,4
2010-10-24 17:34:00,0.1875999999999999,3.0319,122.8736,16.0057,13.3959,15.7739,0.0134,3.9473,0.0553999999999999,16.2666,14.6173,-7999.0,-7999.0,-2.1126,-0.1177,4
2010-10-24 17:35:00,0.1880999999999999,3.0749,122.8583,15.9741,13.3955,15.7739,0.0074999999999999,3.3493,0.0261,16.2562,14.5641,-7999.0,-7999.0,-2.2937,-0.1186,4
2010-10-24 17:36:00,0.1874,3.0749,122.8532,15.9319,13.3959,15.7739,0.0132,3.5543,0.048,16.2401,14.4983,-7999.0,-7999.0,-2.2937,-0.1191,4
2010-10-24 17:37:00,0.1877999999999999,3.0964,122.843,15.9635,13.3959,15.7739,0.0035999999999999,3.0702,0.0131,16.2317,14.4822,-7999.0,-7999.0,-2.3541,-0.1179,4
2010-10-24 17:38:00,0.1880999999999999,3.0749,122.8636,15.9671,13.3964,15.7718,0.0118,3.1499,0.039,16.2164,14.4269,-7999.0,-7999.0,-2.4748,-0.12,4
2010-10-24 17:39:00,0.1880999999999999,3.0534,122.8619,15.8927,13.3955,15.7656,0.0164,3.2297,0.0531999999999999,16.1977,14.289,-7999.0,-7999.0,-2.5955,-0.1194,4
2010-10-24 17:40:00,0.1883,3.2039,122.862,15.7982,13.3969,15.749,0.0137,3.0702,0.039,16.1616,14.1743,-7999.0,-7999.0,-2.5955,-0.1184,4
2010-10-24 17:41:00,0.1883,3.0534,122.8603,15.7656,13.3955,15.7453,0.0129999999999999,2.7455,0.035,16.1355,14.0746,-7999.0,-7999.0,-2.7162,-0.1189,4
2010-10-24 17:42:00,0.1885,3.0534,122.8671,15.706,13.3982,15.7264,0.0112,2.9506,0.0323,16.1006,13.9863,-7999.0,-7999.0,-2.8369,-0.1192,4
2010-10-24 17:43:00,0.1877999999999999,3.0319,122.8774,15.6392,13.3987,15.7264,0.0073,2.9278,0.0222,16.0755,13.8741,-7999.0,-7999.0,-2.8973,-0.1199,4
2010-10-24 17:44:00,0.1885,3.0534,122.8843,15.5844,13.3992,15.7244,0.0121,2.7683,0.0350999999999999,16.0553,13.7725,-7999.0,-7999.0,-3.0784,-0.1199,4
2010-10-24 17:45:00,0.1877999999999999,3.0749,122.8587,15.5433,13.3987,15.7016,0.0109,2.5063,0.0273,16.0109,13.6984,-7999.0,-7999.0,-2.9577,-0.1199,4
2010-10-24 17:46:00,0.1887,3.0104,122.8929,15.5309,13.3992,15.6891,0.0073,2.6714,0.0201,15.974,13.6698,-7999.0,-7999.0,-3.1991,-0.12,4
2010-10-24 17:47:00,0.1880999999999999,3.0749,122.8775,15.4875,13.3996,15.6767,0.0121,2.7911,0.0335999999999999,15.9372,13.6944,-7999.0,-7999.0,-2.9577,-0.1196,4
2010-10-24 17:48:00,0.1885,3.0104,122.8656,15.5649,13.3996,15.6767,0.0164,2.5234,0.0415,15.9113,13.7603,-7999.0,-7999.0,-2.8369,-0.1196,4
2010-10-24 17:49:00,0.1885,3.0104,122.8536,15.5476,13.4005,15.6602,0.0097999999999999,2.3297,0.0236999999999999,15.8801,13.7928,-7999.0,-7999.0,-2.5955,-0.1198,4
2010-10-24 17:50:00,0.1880999999999999,3.0534,122.8946,15.4746,13.4019,15.6519,0.0123,2.2727,0.0268,15.8537,13.7292,-7999.0,-7999.0,-2.5955,-0.1202,4
2010-10-24 17:51:00,0.1880999999999999,3.0319,122.9647,15.4236,13.4005,15.6353,0.0088999999999999,2.267,0.0208999999999999,15.8176,13.7546,-7999.0,-7999.0,-2.5955,-0.1203,4
2010-10-24 17:52:00,0.1887,3.0749,123.0023,15.3935,13.4037,15.627,0.0171,2.4208,0.0432999999999999,15.7869,13.7617,-7999.0,-7999.0,-2.4748,-0.1208999999999999,4
2010-10-24 17:53:00,0.1885,3.0319,122.9442,15.4164,13.4037,15.6176,0.0159,2.3639,0.0378,15.7608,13.8287,-7999.0,-7999.0,-2.5955,-0.1208,4
2010-10-24 17:54:00,0.1877999999999999,3.0104,122.8827,15.4068,13.4046,15.6044,0.0118,2.2215,0.0277999999999999,15.7357,13.8435,-7999.0,-7999.0,-2.2937,-0.1203999999999999,4
2010-10-24 17:55:00,0.1880999999999999,2.9889,122.9357,15.3761,13.4042,15.592,0.0118,2.2841,0.0271999999999999,15.71,13.8478,-7999.0,-7999.0,-2.2937,-0.1199,4
2010-10-24 17:56:00,0.1887,3.0534,122.9152,15.4958,13.4042,15.5796,0.0137,2.2955,0.0325,15.7004,13.9279,-7999.0,-7999.0,-2.4748,-0.1211,4
2010-10-24 17:57:00,0.1887,3.0534,122.9408,15.524,13.4046,15.5796,0.0137,1.9253,0.0253999999999999,15.7011,13.9082,-7999.0,-7999.0,-2.173,-0.12,4
2010-10-24 17:58:00,0.1885,3.0319,122.8879,15.4207,13.4046,15.5713,0.0141,1.9196,0.031,15.6823,13.8592,-7999.0,-7999.0,-2.3541,-0.1206,4
2010-10-24 17:59:00,0.1875999999999999,3.0749,122.8964,15.312,13.4046,15.5547,0.0155,1.9936,0.029,15.6497,13.8392,-7999.0,-7999.0,-2.2937,-0.1197,4
2010-10-24 18:00:00,0.1880999999999999,3.0534,122.9426,15.3313,13.4046,15.5382,0.0156999999999999,2.0164,0.0335,15.6254,13.8401,-7999.0,-7999.0,-2.3541,-0.1203999999999999,4
2010-10-24 18:01:00,0.1885,3.0319,123.0434,15.3209,13.4046,15.5299,0.0137,1.9651,0.0267,15.6074,13.8121,-7999.0,-7999.0,-2.2334,-0.1208,4
2010-10-24 18:02:00,0.1885,3.0319,123.0314,15.3379,13.4046,15.5257,0.0137,1.9594,0.0281,15.5983,13.8353,-7999.0,-7999.0,-2.5352,-0.1203,4
2010-10-24 18:03:00,0.1883,3.0104,123.0417,15.5324,13.4046,15.505,0.01,1.9025,0.0185999999999999,15.5916,13.8924,-7999.0,-7999.0,-2.5352,-0.1207,4
2010-10-24 18:04:00,0.1874,3.1179,123.0383,15.6566,13.4046,15.4956,0.0112,1.9651,0.0221,15.6088,13.9558,-7999.0,-7999.0,-2.6559,-0.1215,4
2010-10-24 18:05:00,0.1894,3.0319,123.0092,15.5604,13.4046,15.4824,0.0097999999999999,1.9651,0.0205,15.5977,13.8921,-7999.0,-7999.0,-2.2938,-0.1211,4
2010-10-24 18:06:00,0.1877999999999999,2.9459,123.0263,15.4613,13.4046,15.4824,0.0141,1.8398,0.0251,15.5935,13.8255,-7999.0,-7999.0,-2.3541,-0.1212,4
2010-10-24 18:07:00,0.1885,3.0749,123.028,15.4403,13.4046,15.4762,0.0141,1.8398,0.0241999999999999,15.5824,13.7596,-7999.0,-7999.0,-2.2334,-0.1213999999999999,4
2010-10-24 18:08:00,0.1880999999999999,3.0319,123.0263,15.4392,13.4046,15.4596,0.0086999999999999,1.8569,0.0135,15.5651,13.7163,-7999.0,-7999.0,-2.7766,-0.1215,4
2010-10-24 18:09:00,0.1887,3.0964,123.0519,15.5492,13.4046,15.4431,0.0159,1.8569,0.0285,15.5583,13.7545,-7999.0,-7999.0,-2.7766,-0.1218999999999999,4
2010-10-24 18:10:00,0.1874,3.0319,123.0331,15.6289,13.4046,15.4327,0.0144,1.5949,0.0207,15.5669,13.7567,-7999.0,-7999.0,-2.5352,-0.1213,4
2010-10-24 18:11:00,0.1887,3.0319,123.0451,15.544,13.4051,15.4203,0.0125,1.8512,0.0205,15.5628,13.7337,-7999.0,-7999.0,-2.6559,-0.1208999999999999,4
2010-10-24 18:12:00,0.1885,3.0964,123.0246,15.6335,13.4051,15.4099,0.0161999999999999,1.8854,0.0304999999999999,15.5706,13.7899,-7999.0,-7999.0,-2.7163,-0.1216,4
2010-10-24 18:13:00,0.1880999999999999,3.0534,122.9477,15.5761,13.4046,15.406,0.0171,1.9367,0.0321999999999999,15.5688,13.7264,-7999.0,-7999.0,-2.837,-0.1215,4
2010-10-24 18:14:00,0.1883,3.0104,122.9716,15.4274,13.4046,15.3853,0.0088999999999999,1.4981,0.0149,15.5425,13.6172,-7999.0,-7999.0,-2.6559,-0.1212,4
2010-10-24 18:15:00,0.1877999999999999,3.0319,122.9426,15.3353,13.4051,15.3853,0.0152999999999999,1.5835,0.0259999999999999,15.5299,13.5387,-7999.0,-7999.0,-2.7163,-0.121,4
2010-10-24 18:16:00,0.1887,3.0319,122.9238,15.2832,13.4051,15.3853,0.0132,1.7601,0.0229,15.5138,13.4376,-7999.0,-7999.0,-2.837,-0.1218,4
2010-10-24 18:17:00,0.1875999999999999,3.0534,122.9973,15.1963,13.406,15.3687,0.0152999999999999,1.7487,0.0261,15.4826,13.3508,-7999.0,-7999.0,-2.8973,-0.1215,4
2010-10-24 18:18:00,0.1885,3.1179,122.975,15.1403,13.406,15.3542,0.0114,1.7031,0.0184999999999999,15.4506,13.2668,-7999.0,-7999.0,-2.8973,-0.122,4
2010-10-24 18:19:00,0.1877999999999999,3.0534,123.0331,15.0801,13.4069,15.3356,0.0134,1.612,0.0214999999999999,15.4159,13.1653,-7999.0,-7999.0,-3.018,-0.1218999999999999,4
2010-10-24 18:20:00,0.1880999999999999,2.9889,123.0143,15.0599,13.4083,15.3252,0.0148,1.5265,0.0224,15.3909,13.1219,-7999.0,-7999.0,-3.0784,-0.1226,4
2010-10-24 18:21:00,0.1880999999999999,3.0749,123.0571,15.0686,13.4097,15.3051,0.0129999999999999,1.8455,0.0251,15.3589,13.0757,-7999.0,-7999.0,-3.3198,-0.1218,4
2010-10-24 18:22:00,0.1883,3.0534,123.0502,15.1218,13.4101,15.29,0.0020999999999999,1.686,0.0058999999999999,15.3403,13.0296,-7999.0,-7999.0,-3.018,-0.1222,4
2010-10-24 18:23:00,0.1880999999999999,3.0104,123.1083,15.0828,13.4101,15.2778,0.0168999999999999,1.7202,0.0296,15.3274,13.011,-7999.0,-7999.0,-3.1388,-0.1223999999999999,4
2010-10-24 18:24:00,0.1885,3.0104,123.122,15.017,13.4106,15.2571,0.0038999999999999,1.7088,0.0051,15.2955,12.9642,-7999.0,-7999.0,-3.0784,-0.1216,4
2010-10-24 18:25:00,0.1885,3.0749,123.1647,14.99,13.4101,15.2364,0.0095999999999999,1.7202,0.0172999999999999,15.2678,12.9581,-7999.0,-7999.0,-3.1388,-0.1223999999999999,4
2010-10-24 18:26:00,0.1887,2.9889,123.1733,15.0002,13.4106,15.2156,0.0112,1.6234,0.0207,15.238,12.9394,-7999.0,-7999.0,-3.0784,-0.1223999999999999,4
2010-10-24 18:27:00,0.1877999999999999,2.9889,123.1408,15.0824,13.4106,15.1985,0.0128,1.6063,0.0238,15.2236,12.9622,-7999.0,-7999.0,-3.1388,-0.1218999999999999,4
2010-10-24 18:28:00,0.1883,2.9244,123.1681,15.2078,13.4134,15.191,0.0152999999999999,1.7601,0.0263,15.228,13.0003,-7999.0,-7999.0,-3.1991,-0.1215,4
2010-10-24 18:29:00,0.1875999999999999,3.0104,123.1596,15.3117,13.4129,15.1682,0.0138999999999999,1.7145,0.0235,15.2227,13.0498,-7999.0,-7999.0,-3.0784,-0.1226,4
2010-10-24 18:30:00,0.1885,2.9459,123.1698,15.4957,13.4129,15.1454,0.0123,1.4525,0.0179999999999999,15.2433,13.2011,-7999.0,-7999.0,-2.9577,-0.1215,4
2010-10-24 18:31:00,0.1875999999999999,3.0319,123.0981,15.4817,13.4143,15.1413,0.0109,1.7658,0.0173999999999999,15.2706,13.3156,-7999.0,-7999.0,-2.8973,-0.1218,4
2010-10-24 18:32:00,0.1880999999999999,3.0104,123.1374,15.3373,13.4138,15.1164,0.008,1.5835,0.0103,15.2618,13.405,-7999.0,-7999.0,-2.8369,-0.1229,4
2010-10-24 18:33:00,0.1885,2.9889,123.0485,15.2655,13.4143,15.1051,0.0092999999999999,1.3158,0.0109999999999999,15.2498,13.4821,-7999.0,-7999.0,-2.7766,-0.1227,4
2010-10-24 18:34:00,0.1877999999999999,3.0534,123.0366,15.2915,13.4143,15.0938,0.0129999999999999,1.6405,0.0236999999999999,15.2427,13.5493,-7999.0,-7999.0,-2.6559,-0.1218,4
2010-10-24 18:35:00,0.1877999999999999,3.1179,123.0536,15.4118,13.4143,15.0938,0.0077,1.5949,0.0128,15.27,13.663,-7999.0,-7999.0,-2.4144,-0.1222,4
2010-10-24 18:36:00,0.1889,3.0749,123.0639,15.3453,13.4147,15.0793,0.0179999999999999,1.4525,0.0274,15.2576,13.7059,-7999.0,-7999.0,-2.5955,-0.1228,4
2010-10-24 18:37:00,0.1885,3.0749,123.0383,15.3399,13.4156,15.069,0.0190999999999999,1.6405,0.0305999999999999,15.2612,13.7832,-7999.0,-7999.0,-2.5352,-0.1223999999999999,4
2010-10-24 18:38:00,0.1880999999999999,3.0749,123.0793,15.3473,13.4152,15.0462,0.0137,1.6291,0.0211,15.2538,13.8487,-7999.0,-7999.0,-2.6559,-0.1218,4
2010-10-24 18:39:00,0.1889,3.0319,123.1664,15.2876,13.4156,15.0441,0.0109,1.4126,0.0155999999999999,15.2504,13.8621,-7999.0,-7999.0,-2.4748,-0.1229,4
2010-10-24 18:40:00,0.1874,3.0749,123.1288,15.1888,13.4156,15.0347,0.0118,1.8512,0.0216,15.2298,13.8323,-7999.0,-7999.0,-2.2334,-0.1225,4
2010-10-24 18:41:00,0.1880999999999999,3.0964,123.1715,15.1855,13.4156,15.0215,0.0071,1.3671,0.0077999999999999,15.2159,13.8331,-7999.0,-7999.0,-2.4748,-0.1229,4
2010-10-24 18:42:00,0.1883,3.0104,123.1869,15.1981,13.4156,15.0215,0.0125,1.7487,0.0199,15.2173,13.8808,-7999.0,-7999.0,-2.2937,-0.1225,4
2010-10-24 18:43:00,0.1880999999999999,3.0534,123.2057,15.2943,13.4152,14.9967,0.0097999999999999,1.6632,0.0158,15.2071,13.9533,-7999.0,-7999.0,-2.173,-0.1222,4
2010-10-24 18:44:00,0.1887,3.0534,123.1237,15.4624,13.4152,14.9967,0.0121,1.6348,0.0207999999999999,15.2421,14.0781,-7999.0,-7999.0,-2.2334,-0.1231,4
2010-10-24 18:45:00,0.1885,3.0749,123.1664,15.5053,13.4152,14.9967,0.0086999999999999,1.5208,0.0142,15.2519,14.0346,-7999.0,-7999.0,-2.173,-0.1225,4
2010-10-24 18:46:00,0.1887,3.0749,123.1903,15.3809,13.4152,14.9946,0.0095999999999999,1.7373,0.0172,15.24,13.8664,-7999.0,-7999.0,-2.2334,-0.1227,4
2010-10-24 18:47:00,0.1889,3.0319,123.216,15.227,13.4156,14.9863,0.0106999999999999,1.8057,0.0198,15.2101,13.6695,-7999.0,-7999.0,-2.4748,-0.1231,4
2010-10-24 18:48:00,0.1883,3.0104,123.2365,15.1266,13.4156,14.9718,0.0086999999999999,1.7715,0.0152999999999999,15.1746,13.4663,-7999.0,-7999.0,-2.7766,-0.1234,4
2010-10-24 18:49:00,0.1875999999999999,3.0749,123.2143,15.0224,13.4156,14.9605,0.0109,1.6462,0.0184999999999999,15.1444,13.2978,-7999.0,-7999.0,-2.9577,-0.1232,4
2010-10-24 18:50:00,0.1883,3.1179,123.1921,14.9133,13.4156,14.9492,0.0086999999999999,1.7259,0.0159,15.1122,13.125,-7999.0,-7999.0,-3.1992,-0.1235,4
2010-10-24 18:51:00,0.1887,3.0534,123.175,14.7944,13.4156,14.9451,0.0138999999999999,1.7088,0.0239,15.085,12.986,-7999.0,-7999.0,-3.6217,-0.1223999999999999,4
2010-10-24 18:52:00,0.1885,3.0964,123.1117,14.6885,13.4156,14.9244,0.0134,1.6063,0.0225999999999999,15.0391,12.8262,-7999.0,-7999.0,-3.5614,-0.1227,4
2010-10-24 18:53:00,0.1885,3.1824,123.1117,14.5868,13.4175,14.9016,0.0132,1.5949,0.021,14.9925,12.6656,-7999.0,-7999.0,-3.5614,-0.1232,4
2010-10-24 18:54:00,0.1883,3.0749,123.1767,14.5159,13.4179,14.8977,0.0103,1.6234,0.0182,14.9634,12.5492,-7999.0,-7999.0,-3.5614,-0.1228,4
2010-10-24 18:55:00,0.1883,3.1179,123.216,14.4874,13.4189,14.8769,0.0064,1.6803,0.0109,14.921,12.4165,-7999.0,-7999.0,-3.6821,-0.1233,4
2010-10-24 18:56:00,0.1887,3.0964,123.2228,14.4406,13.4198,14.8562,0.01,1.686,0.0171,14.8828,12.3078,-7999.0,-7999.0,-3.6217,-0.1237999999999999,4
2010-10-24 18:57:00,0.1877999999999999,3.0964,123.2433,14.4255,13.4207,14.8355,0.0201,1.8569,0.0356,14.8516,12.2329,-7999.0,-7999.0,-3.6217,-0.1237,4
2010-10-24 18:58:00,0.1880999999999999,3.1179,123.3202,14.347,13.4207,14.8141,0.0097999999999999,1.8455,0.0184,14.8056,12.1734,-7999.0,-7999.0,-3.6217,-0.1226,4
2010-10-24 18:59:00,0.1887,3.1179,123.3407,14.315,13.4211,14.8026,0.0168999999999999,1.6917,0.0273,14.7767,12.1134,-7999.0,-7999.0,-3.8028,-0.124,4
2010-10-24 19:00:00,0.1883,3.0749,123.3629,14.1982,13.4221,14.764,0.0086999999999999,1.6917,0.0159,14.7171,12.0316,-7999.0,-7999.0,-3.8028,-0.124,4
2010-10-24 19:01:00,0.1883,3.0534,123.3031,13.9465,13.4221,14.7324,0.0091,1.7088,0.0135,14.6525,11.9048,-7999.0,-7999.0,-3.8028,-0.1232,4
2010-10-24 19:02:00,0.1885,3.0964,123.2502,13.9803,13.4244,14.6992,0.0123,1.7886,0.0219999999999999,14.5977,11.8447,-7999.0,-7999.0,-4.1046,-0.1235,4
2010-10-24 19:03:00,0.1877999999999999,3.0534,123.2553,13.9947,13.4262,14.6826,0.0092999999999999,1.6632,0.0129999999999999,14.5734,11.7352,-7999.0,-7999.0,-4.0443,-0.1242999999999999,4
2010-10-24 19:04:00,0.1889,3.0534,123.3493,14.0541,13.4266,14.6497,0.0066,1.5664,0.0124,14.5335,11.6626,-7999.0,-7999.0,-4.165,-0.1227,4
2010-10-24 19:05:00,0.1880999999999999,3.0749,123.3834,14.0856,13.4262,14.622,0.008,1.5322,0.0131,14.503,11.5889,-7999.0,-7999.0,-4.2254,-0.1234,4
2010-10-24 19:06:00,0.1880999999999999,3.0964,123.3749,14.1111,13.4266,14.594,0.0103,1.6632,0.0161,14.4735,11.5557,-7999.0,-7999.0,-4.3461,-0.1237,4
2010-10-24 19:07:00,0.1887,3.1179,123.3578,14.0488,13.4266,14.5733,0.0083999999999999,1.4867,0.0135,14.4444,11.5223,-7999.0,-7999.0,-4.2254,-0.1234,4
2010-10-24 19:08:00,0.1877999999999999,3.0534,123.269,13.8555,13.4266,14.5422,0.0071,1.4411,0.0083,14.3909,11.4508,-7999.0,-7999.0,-4.1047,-0.1244,4
2010-10-24 19:09:00,0.1885,3.0749,123.2878,13.788,13.4276,14.503,0.0128,1.7088,0.0224999999999999,14.3363,11.3671,-7999.0,-7999.0,-4.165,-0.1237,4
2010-10-24 19:10:00,0.1885,3.1179,123.2929,13.7984,13.4276,14.4831,0.01,1.7316,0.0155999999999999,14.3164,11.2737,-7999.0,-7999.0,-4.2254,-0.1234,4
2010-10-24 19:11:00,0.1885,3.1609,123.2758,13.7072,13.4298,14.4456,0.0121,1.5095,0.0182,14.2698,11.1654,-7999.0,-7999.0,-4.165,-0.1227,4
2010-10-24 19:12:00,0.1889,2.9459,123.2655,13.6483,13.4312,14.4121,0.0091,1.7487,0.0175,14.223,11.1134,-7999.0,-7999.0,-3.8632,-0.1239,4
2010-10-24 19:13:00,0.1880999999999999,3.0319,123.3134,13.6147,13.4321,14.3863,0.0166,1.5607,0.0256,14.1831,11.1191,-7999.0,-7999.0,-3.7424,-0.1237,4
2010-10-24 19:14:00,0.1872,3.0104,123.2638,13.6485,13.4317,14.3524,0.0123,1.612,0.0212999999999999,14.1387,11.0716,-7999.0,-7999.0,-3.9839,-0.1239,4
2010-10-24 19:15:00,0.1880999999999999,3.0749,123.2416,13.6323,13.4344,14.32,0.0106999999999999,1.5607,0.0171,14.1021,11.0156,-7999.0,-7999.0,-3.7424,-0.1242999999999999,4
2010-10-24 19:16:00,0.1874,3.0749,123.2655,13.6266,13.4353,14.2926,0.01,1.612,0.0168999999999999,14.0739,10.916,-7999.0,-7999.0,-3.7425,-0.1235,4
2010-10-24 19:17:00,0.1883,3.1179,123.2502,13.5557,13.4358,14.259,0.0112,1.4126,0.0164,14.0404,10.8196,-7999.0,-7999.0,-3.7425,-0.1239,4
2010-10-24 19:18:00,0.1883,3.1394,123.2672,13.479,13.4376,14.2191,0.0129999999999999,1.6689,0.0218999999999999,13.9914,10.7689,-7999.0,-7999.0,-3.7425,-0.1242,4
2010-10-24 19:19:00,0.1887,3.0964,123.3664,13.3573,13.4376,14.1935,0.01,1.5208,0.0158,13.9461,10.7657,-7999.0,-7999.0,-3.6217,-0.1241,4
2010-10-24 19:20:00,0.1889,3.0319,123.3834,13.2084,13.4376,14.1562,0.0083999999999999,1.4867,0.0111,13.8878,10.7317,-7999.0,-7999.0,-3.6821,-0.1237,4
2010-10-24 19:26:00,0.1880999999999999,3.1394,123.4467,12.6288,13.4431,13.9433,0.0128,1.4468,0.0178,13.5499,10.5103,-7999.0,-7999.0,-3.9236,-0.1247999999999999,4
2010-10-24 19:27:00,0.1872,3.0749,123.4398,12.604,13.4436,13.9115,0.0118,1.5778,0.0228,13.5054,10.4536,-7999.0,-7999.0,-3.984,-0.124,4
2010-10-24 19:28:00,0.1877999999999999,3.0964,123.4313,12.716,13.4459,13.868,0.0129999999999999,1.5038,0.0207,13.4591,10.438,-7999.0,-7999.0,-3.9236,-0.1239,4
2010-10-24 19:29:00,0.1875999999999999,3.0749,123.4416,12.8614,13.4468,13.8303,0.0148,1.5379,0.0233,13.4242,10.446,-7999.0,-7999.0,-3.984,-0.1239,4
2010-10-24 19:30:00,0.1875999999999999,3.1394,123.4518,12.9298,13.4486,13.797,0.008,1.6006,0.0102,13.393,10.4032,-7999.0,-7999.0,-3.6218,-0.1242,4
2010-10-24 19:31:00,0.1875999999999999,3.1179,123.5133,13.0435,13.4486,13.7575,0.0106999999999999,1.481,0.0146,13.3695,10.3959,-7999.0,-7999.0,-3.8632,-0.1236,4
2010-10-24 19:32:00,0.1877999999999999,3.0964,123.5031,13.1024,13.4486,13.7217,0.0161999999999999,1.7715,0.0274,13.3471,10.386,-7999.0,-7999.0,-3.6822,-0.1235,4
2010-10-24 19:33:00,0.1890999999999999,3.0964,123.4484,13.0868,13.4486,13.6822,0.0083999999999999,1.5721,0.0129999999999999,13.3237,10.301,-7999.0,-7999.0,-3.3804,-0.1237999999999999,4
2010-10-24 19:34:00,0.1874,3.0104,123.5065,13.0259,13.4486,13.646,0.0123,1.6006,0.0196999999999999,13.2938,10.2108,-7999.0,-7999.0,-3.5615,-0.124,4
2010-10-24 19:35:00,0.1885,3.1609,123.4962,12.9601,13.4486,13.6163,0.008,1.5835,0.0132999999999999,13.2745,10.1018,-7999.0,-7999.0,-3.5011,-0.1244,4
2010-10-24 19:36:00,0.1877999999999999,3.0534,123.515,12.9106,13.4491,13.5767,0.0083999999999999,1.6063,0.0132,13.2455,10.0041,-7999.0,-7999.0,-3.4408,-0.1241,4
2010-10-24 19:37:00,0.1875999999999999,3.0534,123.5082,12.9637,13.45,13.5436,0.0091,1.4525,0.0129999999999999,13.2215,9.9877,-7999.0,-7999.0,-3.6823,-0.1247,4
2010-10-24 19:38:00,0.1887,3.1179,123.5765,13.0636,13.4491,13.5037,0.0123,1.7316,0.0212999999999999,13.1956,10.0718,-7999.0,-7999.0,-3.7426,-0.1244,4
2010-10-24 19:39:00,0.1875999999999999,3.0319,123.5594,13.161,13.4514,13.4619,0.0097999999999999,1.5778,0.0131,13.1699,10.2198,-7999.0,-7999.0,-3.6219,-0.1239,4
2010-10-24 19:40:00,0.1885,3.1394,123.5526,12.756,13.4541,13.4393,0.0103,1.4924,0.0134,13.1361,10.2401,-7999.0,-7999.0,-3.5616,-0.1237999999999999,4
2010-10-24 19:41:00,0.1885,3.0964,123.5458,12.2832,13.4541,13.4017,0.0138999999999999,1.4525,0.021,13.0464,10.282,-7999.0,-7999.0,-3.6219,-0.1239,4
2010-10-24 19:42:00,0.1874,3.1179,123.5612,12.2304,13.4541,13.3623,0.0097999999999999,1.6405,0.0156999999999999,12.9691,10.4168,-7999.0,-7999.0,-3.5012,-0.1237999999999999,4
2010-10-24 19:43:00,0.1885,3.1179,123.5492,12.2722,13.4541,13.3348,0.0112,1.7544,0.0205,12.9332,10.4406,-7999.0,-7999.0,-3.4409,-0.124,4
2010-10-24 19:44:00,0.1875999999999999,3.0319,123.5663,12.3788,13.4555,13.2951,0.01,1.6405,0.0129999999999999,12.8998,10.4232,-7999.0,-7999.0,-3.3805,-0.1244,4
2010-10-24 19:45:00,0.187,3.1394,123.5475,12.488,13.4564,13.265,0.0118,1.6576,0.0201,12.8809,10.4254,-7999.0,-7999.0,-2.9579,-0.1247,4
2010-10-24 19:46:00,0.1872,3.0534,123.5765,12.3831,13.4573,13.233,0.0175,1.4924,0.0251,12.8516,10.3199,-7999.0,-7999.0,-3.1994,-0.1239,4
2010-10-24 19:47:00,0.1883,3.2254,123.5851,12.288,13.4592,13.2015,0.0121,1.4582,0.0184999999999999,12.8195,10.1795,-7999.0,-7999.0,-3.5616,-0.1237,4
2010-10-24 19:48:00,0.1880999999999999,3.0749,123.6586,12.2414,13.4587,13.1663,0.0088999999999999,1.5265,0.0132,12.7821,10.06,-7999.0,-7999.0,-3.5012,-0.1245,4
2010-10-24 19:49:00,0.1875999999999999,3.0749,123.6483,12.2447,13.4596,13.1315,0.0057,1.6803,0.0101,12.7522,9.9996,-7999.0,-7999.0,-3.6219,-0.124,4
2010-10-24 19:50:00,0.1874,3.0534,123.6483,12.2757,13.4596,13.0925,0.0073,1.612,0.0097,12.7195,9.9844,-7999.0,-7999.0,-3.5616,-0.1236,4
2010-10-24 19:51:00,0.1883,3.0104,123.691,12.4709,13.4596,13.0656,0.0061999999999999,1.817,0.0159,12.7137,10.0625,-7999.0,-7999.0,-3.5012,-0.1252999999999999,4
2010-10-24 19:52:00,0.1877999999999999,3.1179,123.7611,12.6532,13.4619,13.03,0.0074999999999999,1.7544,0.0121,12.7012,10.1101,-7999.0,-7999.0,-3.2598,-0.1242,4
2010-10-24 19:53:00,0.1875999999999999,3.2039,123.7406,12.7305,13.4615,12.9935,0.0011,1.6291,0.0020999999999999,12.6886,10.1403,-7999.0,-7999.0,-2.9579,-0.1235,4
2010-10-24 19:54:00,0.1872,2.9889,123.6757,12.7262,13.4619,12.9694,0.0125,1.8227,0.0230999999999999,12.6877,10.1874,-7999.0,-7999.0,-2.475,-0.124,4
2010-10-24 19:55:00,0.1880999999999999,3.0964,123.6056,12.6747,13.4633,12.9378,0.0125,1.6348,0.0199,12.6743,10.1776,-7999.0,-7999.0,-2.475,-0.1242999999999999,4
2010-10-24 19:56:00,0.1880999999999999,3.0749,123.6449,12.6206,13.4642,12.9048,0.0129999999999999,1.8284,0.0235,12.6526,10.1544,-7999.0,-7999.0,-2.3543,-0.1241,4
2010-10-24 19:57:00,0.1877999999999999,3.0534,123.7252,12.5929,13.4651,12.8594,0.0074999999999999,1.6632,0.0119,12.6149,10.0904,-7999.0,-7999.0,-2.475,-0.1241,4
2010-10-24 19:58:00,0.1875999999999999,3.1824,123.7611,12.5523,13.4651,12.8331,0.0106999999999999,1.8113,0.0189,12.5991,10.1444,-7999.0,-7999.0,-2.2336,-0.1237999999999999,4
2010-10-24 19:59:00,0.1875999999999999,3.0319,123.7423,12.4763,13.4656,12.808,0.0106999999999999,1.5949,0.0182,12.5811,10.197,-7999.0,-7999.0,-2.475,-0.1237999999999999,4
2010-10-24 20:00:00,0.1877999999999999,3.0749,123.7628,12.3591,13.4656,12.7743,0.0071,1.7088,0.0112999999999999,12.553,10.2231,-7999.0,-7999.0,-2.5958,-0.1239,4
2010-10-24 20:01:00,0.1885,3.1179,123.7491,12.2917,13.467,12.7536,0.0071,1.9253,0.0144,12.5365,10.2454,-7999.0,-7999.0,-2.6561,-0.1247,4
2010-10-24 20:02:00,0.1883,3.0749,123.744,12.3807,13.4679,12.7216,0.0073,1.7772,0.0138,12.522,10.2979,-7999.0,-7999.0,-2.8372,-0.1246,4
2010-10-24 20:03:00,0.1875999999999999,3.0964,123.6927,12.4461,13.4697,12.693,0.0123,1.8341,0.0233,12.5089,10.2479,-7999.0,-7999.0,-2.475,-0.1236,4
2010-10-24 20:04:00,0.1883,3.0749,123.6637,12.4415,13.4697,12.6742,0.0051999999999999,1.7886,0.0115999999999999,12.5027,10.1965,-7999.0,-7999.0,-2.1732,-0.1236,4
2010-10-24 20:05:00,0.1887,3.2254,123.7474,12.4058,13.4697,12.6471,0.0109,1.8626,0.019,12.4861,10.2223,-7999.0,-7999.0,-2.2939,-0.124,4
2010-10-24 20:06:00,0.1880999999999999,3.0964,123.7577,12.3183,13.4702,12.6211,0.0134,1.8,0.0254999999999999,12.4622,10.3106,-7999.0,-7999.0,-2.2939,-0.1237999999999999,4
2010-10-24 20:07:00,0.1874,3.1179,123.756,12.2601,13.4706,12.5947,0.0097999999999999,2.0848,0.0179999999999999,12.4401,10.4154,-7999.0,-7999.0,-2.5354,-0.1242,4
2010-10-24 20:08:00,0.1883,3.1609,123.7423,12.472,13.4706,12.5774,0.0058999999999999,1.8455,0.0097,12.434,10.537,-7999.0,-7999.0,-2.4147,-0.1241,4
2010-10-24 20:09:00,0.1875999999999999,3.1394,123.7577,12.6869,13.4702,12.551,0.0097999999999999,1.7658,0.0166,12.4358,10.5974,-7999.0,-7999.0,-2.1732,-0.1237,4
2010-10-24 20:10:00,0.1875999999999999,3.1179,123.7645,12.8545,13.4706,12.5285,0.0109,1.9879,0.0227,12.4518,10.6403,-7999.0,-7999.0,-2.1732,-0.1242,4
2010-10-24 20:11:00,0.1883,3.0534,123.7816,12.9112,13.4706,12.5074,0.0097999999999999,1.6576,0.0152,12.4497,10.629,-7999.0,-7999.0,-2.1732,-0.1237999999999999,4
2010-10-24 20:12:00,0.1875999999999999,3.0964,123.7662,12.8813,13.4706,12.4867,0.003,1.9708,0.0053,12.4346,10.6096,-7999.0,-7999.0,-2.1732,-0.1244,4
2010-10-24 20:13:00,0.1872,3.1179,123.7577,12.8896,13.4706,12.4772,0.0121,1.9936,0.0245,12.433,10.6164,-7999.0,-7999.0,-2.1732,-0.1234,4
2010-10-24 20:14:00,0.1877999999999999,3.0534,122.9904,12.8227,13.4706,12.4528,0.0103,1.8455,0.0184,12.4345,10.6653,-7999.0,-7999.0,-2.0525,-0.1237999999999999,4
2010-10-24 20:15:00,0.1875999999999999,3.1179,122.553,13.1435,13.4706,12.4415,0.0134,1.8398,0.0247,12.4668,10.8212,-7999.0,-7999.0,-2.1129,-0.1237,4
2010-10-24 20:16:00,0.1874,3.1394,122.5735,13.5457,13.4706,12.4226,0.0097999999999999,1.7088,0.017,12.4852,10.8467,-7999.0,-7999.0,-1.6299,-0.1239,4
2010-10-24 20:17:00,0.1877999999999999,3.1179,122.5239,13.7949,13.4706,12.4065,0.01,1.8227,0.0184999999999999,12.5077,10.8495,-7999.0,-7999.0,-1.4488,-0.1239,4
2010-10-24 20:18:00,0.1875999999999999,3.0534,122.5256,13.9138,13.4706,12.394,0.0121,1.8512,0.0231999999999999,12.5452,10.8624,-7999.0,-7999.0,-1.147,-0.1241,4
2010-10-24 20:19:00,0.1877999999999999,3.0534,122.2044,13.8738,13.4706,12.3921,0.0134,1.8,0.0256,12.5707,10.8789,-7999.0,-7999.0,-0.9659,-0.1246,4
2010-10-24 20:20:00,0.1875999999999999,3.0534,122.2129,13.784,13.4706,12.3827,0.0074999999999999,1.7487,0.0141,12.5754,10.9153,-7999.0,-7999.0,-1.2074,-0.1237,4
2010-10-24 20:21:00,0.187,3.0319,122.2505,13.6605,13.4706,12.3714,0.0035999999999999,1.8569,0.0066,12.5753,10.9223,-7999.0,-7999.0,-1.2074,-0.1244,4
2010-10-24 20:22:00,0.1865999999999999,3.0749,122.7683,13.514,13.4706,12.3583,0.0083999999999999,1.8626,0.0147,12.5594,10.8244,-7999.0,-7999.0,-1.5092,-0.124,4
2010-10-24 20:23:00,0.1883,3.1824,122.7426,13.3387,13.4706,12.3488,0.0086999999999999,2.0278,0.0155999999999999,12.5485,10.7853,-7999.0,-7999.0,-1.6903,-0.1242999999999999,4
2010-10-24 20:24:00,0.1877999999999999,3.1394,122.7375,13.253,13.4706,12.3394,0.0077,1.9822,0.0148,12.5335,10.6736,-7999.0,-7999.0,-1.9922,-0.1247,4
2010-10-24 20:25:00,0.1872,3.1394,122.7854,13.2023,13.4706,12.3262,0.0123,1.874,0.0236999999999999,12.5168,10.6385,-7999.0,-7999.0,-2.1129,-0.125,4
2010-10-24 20:26:00,0.1883,3.0319,122.8298,13.0483,13.4706,12.3262,0.0074999999999999,1.9025,0.0154,12.5203,10.6307,-7999.0,-7999.0,-2.1129,-0.1252999999999999,4
2010-10-24 20:27:00,0.187,3.1179,122.8469,12.6707,13.4711,12.3035,0.0083999999999999,1.8683,0.0172999999999999,12.4933,10.5846,-7999.0,-7999.0,-2.1129,-0.1242999999999999,4
2010-10-24 20:28:00,0.1880999999999999,3.1609,122.8383,12.392,13.4706,12.3014,0.0092999999999999,1.6234,0.0152999999999999,12.4681,10.6143,-7999.0,-7999.0,-2.1733,-0.1249,4
2010-10-24 20:29:00,0.1872,3.1609,122.8947,12.249,13.4706,12.3014,0.0097999999999999,1.743,0.0168999999999999,12.4421,10.6418,-7999.0,-7999.0,-2.2337,-0.1252,4
2010-10-24 20:30:00,0.1874,3.1179,122.8896,12.5458,13.4706,12.2939,0.0067999999999999,1.9537,0.0173999999999999,12.4402,10.7577,-7999.0,-7999.0,-2.2941,-0.1247999999999999,4
2010-10-24 20:31:00,0.1877999999999999,3.0964,122.9631,12.8539,13.4706,12.2788,0.0121,2.0107,0.0236999999999999,12.4532,10.8681,-7999.0,-7999.0,-2.2337,-0.1254,4
2010-10-24 20:32:00,0.1877999999999999,3.1394,122.9426,12.8398,13.472,12.2788,0.0114,1.6803,0.0204,12.4525,10.8709,-7999.0,-7999.0,-2.1733,-0.124,4
2010-10-24 20:33:00,0.1885,3.1824,122.9614,12.7548,13.4715,12.2581,0.0066,1.874,0.0126999999999999,12.4192,10.8297,-7999.0,-7999.0,-2.2337,-0.1252999999999999,4
2010-10-24 20:34:00,0.1885,3.0534,122.9084,12.6893,13.4715,12.2562,0.0092999999999999,1.8512,0.0172999999999999,12.418,10.8391,-7999.0,-7999.0,-2.1733,-0.1242999999999999,4
2010-10-24 20:35:00,0.1874,3.1394,122.946,12.8964,13.4715,12.2562,0.0106999999999999,1.7544,0.019,12.4517,10.9717,-7999.0,-7999.0,-2.1733,-0.1249,4
2010-10-24 20:36:00,0.1885,3.1179,123.0178,13.3115,13.4734,12.2543,0.0054999999999999,1.817,0.0094999999999999,12.4885,11.1362,-7999.0,-7999.0,-2.2337,-0.1242,4
2010-10-24 20:37:00,0.1875999999999999,3.2254,123.028,13.6507,13.4738,12.2525,0.0067999999999999,1.5949,0.0105,12.5316,11.2788,-7999.0,-7999.0,-2.1733,-0.1252,4
2010-10-24 20:38:00,0.1880999999999999,3.1179,123.0297,14.0656,13.4734,12.2355,0.0114,1.9367,0.0223,12.5913,11.502,-7999.0,-7999.0,-1.9922,-0.1247999999999999,4
2010-10-24 20:39:00,0.1875999999999999,3.2039,123.0485,14.3449,13.4752,12.2355,0.01,1.6974,0.0172,12.6679,11.5746,-7999.0,-7999.0,-1.63,-0.1250999999999999,4
2010-10-24 20:40:00,0.1883,3.1394,123.0724,14.5015,13.472,12.2506,0.0106999999999999,1.7487,0.0188,12.7448,11.6932,-7999.0,-7999.0,-1.5093,-0.1246,4
2010-10-24 20:41:00,0.1872,3.0749,123.0536,14.5676,13.4715,12.2525,0.0095999999999999,1.9025,0.0205,12.8085,11.6338,-7999.0,-7999.0,-1.147,-0.1249,4
2010-10-24 20:42:00,0.1872,3.0534,123.0588,14.209,13.4711,12.2562,0.0083999999999999,1.8057,0.0148,12.8306,11.5453,-7999.0,-7999.0,-0.8452,-0.1247999999999999,4
2010-10-24 20:43:00,0.1883,3.0534,123.0724,13.5804,13.4706,12.2562,0.0082,1.9139,0.0138,12.8278,11.4354,-7999.0,-7999.0,-1.0867,-0.1247,4
2010-10-24 20:44:00,0.1877999999999999,3.1609,123.1066,13.2823,13.4706,12.2562,0.0058999999999999,1.8683,0.0126999999999999,12.7982,11.2966,-7999.0,-7999.0,-1.147,-0.126,4
2010-10-24 20:45:00,0.1872,3.0964,123.1767,13.1177,13.4706,12.2562,0.0097999999999999,1.9025,0.0175,12.7722,11.1747,-7999.0,-7999.0,-1.7507,-0.1257,4
2010-10-24 20:46:00,0.1883,3.1179,123.1886,13.0583,13.4706,12.2675,0.0091,1.9708,0.0168999999999999,12.7624,11.0641,-7999.0,-7999.0,-1.9922,-0.1257,4
2010-10-24 20:47:00,0.1874,3.0964,123.1066,13.0258,13.4706,12.2788,0.0047999999999999,1.7316,0.006,12.7435,10.9753,-7999.0,-7999.0,-2.2337,-0.1255,4
2010-10-24 20:48:00,0.1877999999999999,3.0319,123.1032,13.0441,13.4706,12.2788,0.0073,1.8113,0.0144,12.7182,10.9048,-7999.0,-7999.0,-2.5959,-0.1252999999999999,4
2010-10-24 20:49:00,0.1874,3.1609,123.1203,13.1579,13.4706,12.2788,0.005,1.7544,0.0099,12.7049,10.8843,-7999.0,-7999.0,-2.8374,-0.1252,4
2010-10-24 20:50:00,0.1874,3.0749,123.1545,13.3692,13.4711,12.2788,0.0027,1.8113,0.0058999999999999,12.7,10.9675,-7999.0,-7999.0,-2.8977,-0.1246,4
2010-10-24 20:51:00,0.1880999999999999,3.2684,123.1972,13.5959,13.4706,12.2788,0.0077,1.8284,0.0156999999999999,12.7112,11.05,-7999.0,-7999.0,-2.7166,-0.1254,4
2010-10-24 20:52:00,0.1875999999999999,3.1394,123.1989,13.7907,13.4706,12.2788,0.0091,1.8455,0.0167999999999999,12.7414,11.1317,-7999.0,-7999.0,-2.6562,-0.1255,4
2010-10-24 20:53:00,0.1874,3.0319,123.2126,14.0221,13.4706,12.2788,0.0077,1.743,0.0132,12.7941,11.2213,-7999.0,-7999.0,-2.5355,-0.1252,4
2010-10-24 20:54:00,0.1875999999999999,3.1394,123.1408,14.1448,13.4706,12.2788,0.0092999999999999,1.9537,0.0176,12.8405,11.3305,-7999.0,-7999.0,-2.2336,-0.1254,4
2010-10-24 20:55:00,0.1883,3.0319,123.2006,14.0905,13.4706,12.2845,0.0077,1.7715,0.014,12.8932,11.4355,-7999.0,-7999.0,-2.1733,-0.1259,4
2010-10-24 20:56:00,0.1872,3.0964,123.2057,13.8676,13.4706,12.2958,0.0074999999999999,1.8569,0.0151,12.889,11.4461,-7999.0,-7999.0,-2.1129,-0.125,4
2010-10-24 20:57:00,0.1865999999999999,3.0319,123.1989,13.8041,13.4706,12.3014,0.0103,1.7886,0.0167,12.8806,11.4581,-7999.0,-7999.0,-2.1129,-0.1255,4
2010-10-24 20:58:00,0.1883,3.0749,123.1835,13.8203,13.4706,12.3014,0.0166,1.8512,0.0328999999999999,12.8687,11.4067,-7999.0,-7999.0,-2.1732,-0.1252,4
2010-10-24 20:59:00,0.1874,3.1179,123.204,13.9022,13.4706,12.3014,0.0134,1.8569,0.0248999999999999,12.875,11.4257,-7999.0,-7999.0,-2.1733,-0.126,4
2010-10-24 21:00:00,0.1877999999999999,3.2254,123.339,14.1145,13.4706,12.3035,0.0058999999999999,1.6632,0.0103,12.9045,11.4588,-7999.0,-7999.0,-1.8714,-0.1255999999999999,4
2010-10-24 21:01:00,0.1875999999999999,3.1394,123.3561,14.0652,13.4706,12.3262,0.0106999999999999,1.6689,0.0175,12.9132,11.414,-7999.0,-7999.0,-2.1129,-0.1250999999999999,4
2010-10-24 21:02:00,0.1877999999999999,3.0319,123.3681,13.8811,13.4706,12.3262,0.0058999999999999,2.0677,0.0109999999999999,12.8942,11.3513,-7999.0,-7999.0,-2.1129,-0.1249,4
2010-10-24 21:03:00,0.1883,3.1609,123.3783,13.5142,13.4706,12.33,0.0115999999999999,1.6689,0.017,12.8762,11.2621,-7999.0,-7999.0,-2.0525,-0.125,4
2010-10-24 21:04:00,0.1872,3.0749,123.4313,13.1739,13.4706,12.3451,0.01,1.7886,0.0168999999999999,12.8617,11.2053,-7999.0,-7999.0,-2.1129,-0.1255,4
2010-10-24 21:05:00,0.1874,3.0534,123.4706,12.7111,13.4706,12.3488,0.0082,1.9708,0.0152,12.8156,11.1935,-7999.0,-7999.0,-2.1732,-0.1259,4
2010-10-24 21:06:00,0.1880999999999999,3.1824,123.4774,12.8624,13.4706,12.3488,0.0115999999999999,1.9367,0.0233,12.7917,11.2048,-7999.0,-7999.0,-2.2336,-0.1254,4
2010-10-24 21:07:00,0.1887,3.0749,123.4586,14.2772,13.4706,12.3488,0.0067999999999999,1.6917,0.0112,12.9097,11.5881,-7999.0,-7999.0,-2.4147,-0.1260999999999999,4
2010-10-24 21:08:00,0.1877999999999999,3.1394,123.4826,14.6982,13.4706,12.3696,0.0057,1.9651,0.0064,13.0161,11.8194,-7999.0,-7999.0,-1.9922,-0.1252,4
2010-10-24 21:09:00,0.1880999999999999,3.0964,123.3168,14.9708,13.4706,12.3809,0.0083999999999999,1.9082,0.0149,13.0962,12.0566,-7999.0,-7999.0,-1.8714,-0.126,4
2010-10-24 21:10:00,0.1880999999999999,3.0964,123.3014,15.8682,13.4706,12.394,0.0121,1.7601,0.0229,13.3474,12.5768,-7999.0,-7999.0,-1.5696,-0.1259,4
2010-10-24 21:11:00,0.1885,3.1179,123.2707,16.3392,13.4706,12.4127,0.0156999999999999,2.1816,0.0308,13.5877,13.0458,-7999.0,-7999.0,-1.0866,-0.1257,4
2010-10-24 21:12:00,0.1875999999999999,3.0749,123.2553,16.1135,13.4706,12.4528,0.0123,1.9537,0.0241,13.7785,13.2909,-7999.0,-7999.0,-0.6641,-0.1267,4
2010-10-24 21:13:00,0.1885,3.1824,123.2399,16.2107,13.4697,12.4929,0.0123,1.743,0.021,13.9671,13.6017,-7999.0,-7999.0,-0.7848,-0.1263,4
2010-10-24 21:14:00,0.1883,3.2254,123.2843,16.5643,13.467,12.5379,0.0061999999999999,2.0449,0.0117,14.2313,14.061,-7999.0,-7999.0,-0.7244,-0.1255999999999999,4
2010-10-24 21:15:00,0.1883,3.0964,123.3595,16.5285,13.4651,12.5945,0.0045999999999999,1.6576,0.0061999999999999,14.3907,14.1666,-7999.0,-7999.0,-0.5433,-0.1255,4
2010-10-24 21:16:00,0.1880999999999999,3.1394,123.3732,16.4073,13.4628,12.6527,0.0082,1.8341,0.0164,14.4823,14.3037,-7999.0,-7999.0,-0.6037,-0.1255,4
2010-10-24 21:17:00,0.1880999999999999,3.1179,123.3971,15.9531,13.4596,12.7103,0.0047999999999999,1.9424,0.0076,14.5804,14.2855,-7999.0,-7999.0,-0.6641,-0.1254,4
2010-10-24 21:18:00,0.1875999999999999,2.9889,123.38,14.9465,13.4578,12.7745,0.0091,1.9481,0.0189,14.5169,13.9655,-7999.0,-7999.0,-0.6641,-0.1259,4
2010-10-24 21:19:00,0.187,3.2039,123.3749,14.6677,13.456,12.8312,0.0092999999999999,2.0506,0.0190999999999999,14.4648,13.7963,-7999.0,-7999.0,-0.9659,-0.1260999999999999,4
2010-10-24 21:20:00,0.1880999999999999,3.1179,123.3834,14.4925,13.4541,12.8909,0.0112,1.7259,0.0184999999999999,14.4256,13.6336,-7999.0,-7999.0,-1.3885,-0.1258,4
2010-10-24 21:26:00,0.187,3.0319,123.5065,13.051,13.4532,13.0963,0.0114,1.8797,0.0219999999999999,13.9193,12.2733,-7999.0,-7999.0,-3.1995,-0.1258,4
2010-10-24 21:27:00,0.1874,3.1179,123.5509,13.263,13.4532,13.1132,0.0082,1.6462,0.0138,13.8654,12.1349,-7999.0,-7999.0,-3.1391,-0.1260999999999999,4
2010-10-24 21:28:00,0.1885,3.2039,123.5287,13.3154,13.4541,13.1232,0.0023,1.7715,0.004,13.8115,11.9675,-7999.0,-7999.0,-3.5013,-0.1254,4
2010-10-24 21:29:00,0.1877999999999999,3.1394,123.5731,13.4223,13.4541,13.1418,0.0041,1.7943,0.0063,13.7579,11.9278,-7999.0,-7999.0,-3.5013,-0.1267,4
2010-10-24 21:30:00,0.1883,3.0964,123.6398,13.5355,13.4541,13.1456,0.0129999999999999,1.7259,0.0265999999999999,13.7105,11.852,-7999.0,-7999.0,-3.4409,-0.1265,4
2010-10-24 21:31:00,0.1874,3.0319,123.6244,13.6504,13.4541,13.1644,0.0054999999999999,1.5949,0.0066,13.6873,11.7526,-7999.0,-7999.0,-3.622,-0.1258,4
2010-10-24 21:32:00,0.1872,3.1394,123.6158,13.6998,13.4541,13.1644,0.0083999999999999,1.7601,0.0149,13.6578,11.6322,-7999.0,-7999.0,-3.4409,-0.1259,4
2010-10-24 21:33:00,0.1877999999999999,3.1179,123.6312,13.7576,13.4551,13.1644,0.0088999999999999,1.7943,0.0156999999999999,13.6248,11.5301,-7999.0,-7999.0,-3.3806,-0.126,4
2010-10-24 21:34:00,0.187,3.0319,123.6398,13.7612,13.4551,13.1644,0.0138999999999999,2.0848,0.0296,13.596,11.5322,-7999.0,-7999.0,-3.5617,-0.1259,4
2010-10-24 21:35:00,0.1880999999999999,3.0964,123.621,13.7111,13.4564,13.1644,0.0103,1.8569,0.0188,13.5596,11.5667,-7999.0,-7999.0,-3.5013,-0.1255,4
2010-10-24 21:36:00,0.1877999999999999,3.1824,123.6141,13.6228,13.4569,13.1644,0.0095999999999999,1.9708,0.0214999999999999,13.521,11.4899,-7999.0,-7999.0,-3.4409,-0.1270999999999999,4
2010-10-24 21:37:00,0.1877999999999999,3.0749,123.5834,13.3559,13.4587,13.1644,0.0077,1.7943,0.0146,13.4712,11.3462,-7999.0,-7999.0,-3.3806,-0.1262,4
2010-10-24 21:38:00,0.1880999999999999,3.1394,123.6466,13.1899,13.4587,13.1644,0.0109,1.7829,0.0201,13.4143,11.3082,-7999.0,-7999.0,-3.5617,-0.1257,4
2010-10-24 21:39:00,0.1880999999999999,3.1179,123.7491,13.1437,13.4587,13.1663,0.0134,1.7088,0.0235,13.3734,11.1733,-7999.0,-7999.0,-3.622,-0.1262,4
2010-10-24 21:40:00,0.1880999999999999,3.1609,123.7594,13.0662,13.4596,13.1644,0.0086999999999999,1.7259,0.017,13.335,11.091,-7999.0,-7999.0,-3.8031,-0.1260999999999999,4
2010-10-24 21:41:00,0.1885,3.0749,123.7662,13.1793,13.4596,13.1644,0.0043,2.1018,0.0103,13.3062,11.1728,-7999.0,-7999.0,-3.6824,-0.1262,4
2010-10-24 21:42:00,0.1874,3.0964,123.7611,13.0323,13.4596,13.1644,0.0088999999999999,2.005,0.0182,13.2592,11.1947,-7999.0,-7999.0,-3.5617,-0.1262,4
2010-10-24 21:43:00,0.1883,3.1394,123.7577,12.6745,13.4596,13.1644,0.0106999999999999,1.7544,0.0183,13.1967,11.0812,-7999.0,-7999.0,-3.3806,-0.126,4
2010-10-24 21:44:00,0.1880999999999999,3.0964,123.7765,13.0676,13.4605,13.1531,0.0125,1.6177,0.0199,13.1637,11.189,-7999.0,-7999.0,-3.2598,-0.1258,4
2010-10-24 21:45:00,0.1880999999999999,3.0319,123.7901,13.2146,13.4633,13.1418,0.0054999999999999,1.8341,0.0076,13.1587,11.3207,-7999.0,-7999.0,-2.8976,-0.1264,4
2010-10-24 21:46:00,0.1877999999999999,3.1179,123.7987,13.1089,13.4638,13.1315,0.0128,1.7316,0.0223,13.1385,11.4146,-7999.0,-7999.0,-2.6562,-0.1265999999999999,4
2010-10-24 21:47:00,0.1872,3.0749,123.8277,13.0971,13.4651,13.1191,0.0086999999999999,1.8,0.0152999999999999,13.1162,11.5311,-7999.0,-7999.0,-2.4751,-0.1260999999999999,4
2010-10-24 21:48:00,0.1877999999999999,3.1394,123.9081,13.0046,13.4647,13.117,0.0115999999999999,1.7373,0.0212,13.0896,11.4937,-7999.0,-7999.0,-2.1732,-0.1262,4
2010-10-24 21:49:00,0.1872,3.0749,123.7372,12.842,13.4651,13.1113,0.0095999999999999,1.9253,0.0183,13.0495,11.3176,-7999.0,-7999.0,-2.3543,-0.1260999999999999,4
2010-10-24 21:50:00,0.1877999999999999,3.0104,123.3151,12.5867,13.4647,13.0944,0.0033999999999999,1.8512,0.0057999999999999,12.9771,11.161,-7999.0,-7999.0,-2.6562,-0.1264,4
2010-10-24 21:51:00,0.1874,3.1609,123.3852,12.4813,13.4656,13.0944,0.008,1.7316,0.0155999999999999,12.9272,11.0666,-7999.0,-7999.0,-2.7165,-0.1264,4
2010-10-24 21:52:00,0.1880999999999999,3.1179,123.3698,12.6344,13.466,13.0756,0.0058999999999999,1.7601,0.01,12.8824,11.035,-7999.0,-7999.0,-3.0184,-0.1265999999999999,4
2010-10-24 21:53:00,0.1875999999999999,3.1394,123.3322,13.0181,13.4693,13.0718,0.0061999999999999,1.7715,0.0101,12.8906,11.1017,-7999.0,-7999.0,-3.0787,-0.1270999999999999,4
2010-10-24 21:54:00,0.1877999999999999,3.0964,123.2314,13.1503,13.4688,13.0677,0.0134,1.9537,0.0258999999999999,12.8886,11.0905,-7999.0,-7999.0,-3.0184,-0.1255999999999999,4
2010-10-24 21:55:00,0.1880999999999999,3.1394,123.3048,13.0886,13.4702,13.047,0.0051999999999999,2.0392,0.0097999999999999,12.8587,10.9774,-7999.0,-7999.0,-3.0184,-0.1264,4
2010-10-24 21:56:00,0.1877999999999999,3.1394,123.3971,12.9784,13.4693,13.03,0.0106999999999999,1.8113,0.02,12.8277,10.9181,-7999.0,-7999.0,-3.1995,-0.126,4
2010-10-24 21:57:00,0.1877999999999999,3.1179,123.3886,13.0116,13.4706,13.0244,0.0043,1.6632,0.007,12.8171,10.9829,-7999.0,-7999.0,-3.4409,-0.1258,4
2010-10-24 21:58:00,0.1877999999999999,3.1394,123.1425,13.2128,13.4706,13.0037,0.0112,1.6405,0.0193,12.8175,11.0298,-7999.0,-7999.0,-3.5013,-0.1258,4
2010-10-24 21:59:00,0.1875999999999999,3.0319,123.0536,13.2036,13.4706,12.9831,0.0128,1.7886,0.0229,12.8033,10.9499,-7999.0,-7999.0,-3.0787,-0.1269,4
2010-10-24 22:00:00,0.1880999999999999,3.1394,123.11,13.1585,13.4702,12.9769,0.0092999999999999,1.7202,0.0175,12.7858,10.8223,-7999.0,-7999.0,-3.0787,-0.1272,4
2010-10-24 22:01:00,0.1875999999999999,3.1394,123.151,13.0723,13.4706,12.96,0.0106999999999999,1.7943,0.0207,12.7612,10.6883,-7999.0,-7999.0,-3.3202,-0.1260999999999999,4
2010-10-24 22:02:00,0.1880999999999999,3.1394,123.1562,13.0571,13.4706,12.9419,0.0073,1.4582,0.0103,12.7318,10.572,-7999.0,-7999.0,-3.3806,-0.1264,4
2010-10-24 22:03:00,0.1880999999999999,3.0749,123.1032,13.0044,13.4706,12.9238,0.0128,2.0449,0.0259999999999999,12.713,10.5101,-7999.0,-7999.0,-3.1995,-0.1273,4
2010-10-24 22:04:00,0.1865999999999999,3.0534,123.175,12.8121,13.4706,12.9069,0.0064,1.6348,0.0101,12.6884,10.4401,-7999.0,-7999.0,-3.3806,-0.1269,4
2010-10-24 22:05:00,0.1874,2.9889,123.2194,12.63,13.4706,12.8634,0.0086999999999999,1.9879,0.0196999999999999,12.628,10.2694,-7999.0,-7999.0,-3.2598,-0.1264,4
2010-10-24 22:06:00,0.1872,3.1179,123.2519,12.5549,13.4706,12.8519,0.0058999999999999,1.7601,0.0115,12.6031,10.1229,-7999.0,-7999.0,-3.3806,-0.1269,4
2010-10-24 22:07:00,0.1889,3.1824,123.3476,12.4865,13.4706,12.8331,0.0066,1.8683,0.012,12.5703,10.0454,-7999.0,-7999.0,-3.1391,-0.1270999999999999,4
2010-10-24 22:08:00,0.1875999999999999,3.0964,123.1938,12.3969,13.4711,12.8142,0.0161999999999999,1.8968,0.0310999999999999,12.5352,10.0314,-7999.0,-7999.0,-3.3202,-0.1268,4
2010-10-24 22:09:00,0.1885,3.1824,123.2091,12.3,13.4711,12.7896,0.0097999999999999,1.9651,0.021,12.4951,10.0433,-7999.0,-7999.0,-3.3806,-0.1269,4
2010-10-24 22:10:00,0.1885,3.2254,123.1972,12.1647,13.4734,12.7668,0.0109,2.005,0.0218,12.4519,10.0586,-7999.0,-7999.0,-3.4409,-0.1269,4
2010-10-24 22:11:00,0.1877999999999999,3.0534,123.2023,11.9839,13.4738,12.7517,0.0091,1.8797,0.0172999999999999,12.4031,10.1071,-7999.0,-7999.0,-3.1995,-0.1264,4
2010-10-24 22:12:00,0.1865999999999999,3.1179,123.1989,12.1361,13.4748,12.7276,0.0134,2.0221,0.0248999999999999,12.3677,10.1718,-7999.0,-7999.0,-3.5617,-0.1277,4
2010-10-24 22:13:00,0.1883,3.0749,123.2006,12.2473,13.4757,12.7043,0.0125,1.8968,0.023,12.3451,10.1583,-7999.0,-7999.0,-3.1995,-0.1275,4
2010-10-24 22:14:00,0.1874,3.1179,123.2262,12.2688,13.4757,12.6798,0.0121,1.6519,0.0204,12.3171,10.0665,-7999.0,-7999.0,-3.3806,-0.1264,4
2010-10-24 22:15:00,0.1875999999999999,3.1179,123.2792,12.4514,13.4761,12.6685,0.0027,1.7943,0.0041999999999999,12.3079,10.0855,-7999.0,-7999.0,-2.8976,-0.1269,4
2010-10-24 22:16:00,0.1875999999999999,3.0964,123.2912,12.6823,13.477,12.6412,0.0083999999999999,1.7658,0.0158,12.3073,10.1527,-7999.0,-7999.0,-2.8976,-0.1264,4
2010-10-24 22:17:00,0.1880999999999999,3.1824,123.2878,12.6862,13.4784,12.6211,0.0106999999999999,1.9253,0.0189,12.3082,10.1084,-7999.0,-7999.0,-2.7165,-0.1269,4
2010-10-24 22:18:00,0.1872,3.0534,123.2826,12.6009,13.4784,12.5966,0.0082,1.8626,0.014,12.2978,10.1579,-7999.0,-7999.0,-2.2336,-0.1268,4
2010-10-24 22:19:00,0.1872,3.0534,123.3117,12.1966,13.4793,12.5815,0.0057,1.6291,0.0088,12.2686,10.1915,-7999.0,-7999.0,-2.3543,-0.1280999999999999,4
2010-10-24 22:20:00,0.1887,3.1394,123.3561,12.0639,13.4807,12.5629,0.0146,1.7145,0.0236999999999999,12.2345,10.2061,-7999.0,-7999.0,-2.1732,-0.1272,4
2010-10-24 22:21:00,0.1874,3.0964,123.38,12.3808,13.4807,12.5379,0.0038999999999999,1.9025,0.0077999999999999,12.2355,10.356,-7999.0,-7999.0,-2.5958,-0.1274,4
2010-10-24 22:22:00,0.1875999999999999,3.1179,123.3783,12.8199,13.4812,12.5172,0.0066,1.5892,0.01,12.2563,10.5237,-7999.0,-7999.0,-2.7769,-0.1265999999999999,4
2010-10-24 22:23:00,0.1887,3.0964,123.38,13.2421,13.4807,12.5012,0.0088999999999999,1.7829,0.0132,12.2916,10.6693,-7999.0,-7999.0,-2.2939,-0.1275,4
2010-10-24 22:24:00,0.1880999999999999,3.0749,123.3681,13.6965,13.4812,12.4867,0.0061999999999999,1.8,0.0111,12.3418,10.8812,-7999.0,-7999.0,-2.2336,-0.1270999999999999,4
2010-10-24 22:25:00,0.1872,3.0964,123.3834,13.4249,13.4816,12.4848,0.0083999999999999,1.7316,0.0159,12.3624,10.8341,-7999.0,-7999.0,-2.1128,-0.1270999999999999,4
2010-10-24 22:26:00,0.1874,3.0749,123.3886,13.0362,13.4812,12.4641,0.0097999999999999,1.7601,0.0156999999999999,12.3459,10.7901,-7999.0,-7999.0,-2.0525,-0.1265,4
2010-10-24 22:27:00,0.1874,3.1609,123.3971,12.8251,13.4816,12.4509,0.01,1.874,0.0183,12.3307,10.7585,-7999.0,-7999.0,-1.9317,-0.1272,4
2010-10-24 22:28:00,0.1865999999999999,3.0964,123.445,12.6127,13.4816,12.4415,0.0083999999999999,1.9594,0.0172,12.3269,10.7419,-7999.0,-7999.0,-1.9318,-0.1272,4
2010-10-24 22:29:00,0.1883,3.1609,123.4433,12.7252,13.4812,12.4358,0.0128,1.8683,0.0245,12.3409,10.7892,-7999.0,-7999.0,-1.8714,-0.1275,4
2010-10-24 22:30:00,0.1877999999999999,3.0964,123.3954,12.6863,13.4812,12.4189,0.0082,1.8626,0.0135999999999999,12.3352,10.7884,-7999.0,-7999.0,-2.0525,-0.1270999999999999,4
2010-10-24 22:31:00,0.1885,3.1394,123.4313,12.6513,13.4816,12.4065,0.0064,1.9594,0.0137,12.3228,10.7718,-7999.0,-7999.0,-1.9318,-0.1273,4
2010-10-24 22:32:00,0.1874,3.0749,123.3817,12.6211,13.4812,12.394,0.0095999999999999,1.6177,0.0152999999999999,12.304,10.717,-7999.0,-7999.0,-2.0525,-0.1275999999999999,4
2010-10-24 22:33:00,0.1872,3.1824,123.404,12.706,13.4816,12.394,0.0097999999999999,1.8227,0.0175,12.304,10.7445,-7999.0,-7999.0,-2.1733,-0.1269,4
2010-10-24 22:34:00,0.1880999999999999,3.2684,123.421,12.9926,13.4816,12.3865,0.0047999999999999,1.9139,0.0086999999999999,12.3127,10.7715,-7999.0,-7999.0,-2.0525,-0.1268,4
2010-10-24 22:35:00,0.1877999999999999,3.2254,123.3903,13.0433,13.4812,12.3714,0.0105,1.8569,0.019,12.3644,10.937,-7999.0,-7999.0,-2.0525,-0.1275,4
2010-10-24 22:36:00,0.1877999999999999,3.2039,123.421,12.7987,13.4816,12.3658,0.01,1.9025,0.0187,12.3742,11.0025,-7999.0,-7999.0,-1.8714,-0.1275,4
2010-10-24 22:37:00,0.1874,3.0749,123.4381,12.779,13.4812,12.3488,0.0121,1.6519,0.0204,12.3559,10.9834,-7999.0,-7999.0,-1.8714,-0.1274,4
2010-10-24 22:38:00,0.1880999999999999,3.0964,123.5031,12.7323,13.4812,12.3488,0.008,1.9139,0.0146,12.3475,10.9538,-7999.0,-7999.0,-1.9318,-0.1277,4
2010-10-24 22:39:00,0.1875999999999999,3.1824,123.556,12.6319,13.4816,12.3488,0.0083999999999999,1.6462,0.0151,12.3587,10.9566,-7999.0,-7999.0,-2.0526,-0.127,4
2010-10-24 22:40:00,0.187,3.0749,123.5629,12.5626,13.4812,12.3432,0.0061999999999999,1.8227,0.0102,12.3306,10.841,-7999.0,-7999.0,-1.9318,-0.1275,4
2010-10-24 22:41:00,0.1875999999999999,3.1394,123.5988,12.4624,13.4807,12.33,0.0038999999999999,1.8626,0.0076,12.2991,10.7276,-7999.0,-7999.0,-2.1129,-0.1275999999999999,4
2010-10-24 22:42:00,0.1880999999999999,3.1824,123.609,12.3595,13.4816,12.3262,0.0074999999999999,2.0677,0.0151,12.2784,10.6547,-7999.0,-7999.0,-2.2336,-0.1278,4
2010-10-24 22:43:00,0.1874,3.1394,123.6176,12.2889,13.4816,12.32,0.0105,1.8569,0.0198,12.2525,10.5334,-7999.0,-7999.0,-2.294,-0.1278,4
2010-10-24 22:44:00,0.1877999999999999,3.1394,123.5782,12.1627,13.4816,12.3014,0.0067999999999999,1.9708,0.0155999999999999,12.2093,10.4046,-7999.0,-7999.0,-2.5355,-0.1275,4
2010-10-24 22:45:00,0.1880999999999999,3.1394,123.5817,12.123,13.4816,12.3014,0.0057,1.7373,0.0101,12.1903,10.4032,-7999.0,-7999.0,-2.7166,-0.1283,4
2010-10-24 22:46:00,0.1883,3.0964,123.6415,12.2335,13.4816,12.3014,0.0132,1.7715,0.0236999999999999,12.1825,10.4187,-7999.0,-7999.0,-2.8374,-0.127,4
2010-10-24 22:47:00,0.1872,3.1609,123.6671,12.2241,13.4816,12.2863,0.0095999999999999,1.8284,0.019,12.1478,10.328,-7999.0,-7999.0,-2.8374,-0.1275,4
2010-10-24 22:48:00,0.1883,3.1824,123.6654,12.3312,13.4816,12.2788,0.0082,1.9936,0.0155999999999999,12.1269,10.2385,-7999.0,-7999.0,-2.8374,-0.1265999999999999,4
2010-10-24 22:49:00,0.1875999999999999,3.1824,123.6842,12.4393,13.4816,12.2581,0.0073,1.8968,0.0132,12.1048,10.2065,-7999.0,-7999.0,-2.5959,-0.127,4
2010-10-24 22:50:00,0.1880999999999999,3.2254,123.7115,12.6037,13.4816,12.2562,0.0105,1.874,0.0208999999999999,12.1155,10.2434,-7999.0,-7999.0,-2.4148,-0.1275999999999999,4
2010-10-24 22:51:00,0.1872,3.1394,123.7577,12.5716,13.4816,12.2468,0.0097999999999999,1.9082,0.0187,12.104,10.1987,-7999.0,-7999.0,-2.3544,-0.1277,4
2010-10-24 22:52:00,0.1874,3.1609,123.7338,12.5613,13.4816,12.2336,0.0061999999999999,1.8797,0.0132999999999999,12.0838,10.1769,-7999.0,-7999.0,-2.4148,-0.1270999999999999,4
2010-10-24 22:53:00,0.1867999999999999,3.1394,123.7543,12.7725,13.4816,12.215,0.0092999999999999,1.8,0.0179999999999999,12.0743,10.2614,-7999.0,-7999.0,-2.3544,-0.1278,4
2010-10-24 22:54:00,0.1877999999999999,3.2039,123.7611,12.8689,13.4816,12.2088,0.0074999999999999,1.8968,0.0147,12.0765,10.2678,-7999.0,-7999.0,-2.4148,-0.128,4
2010-10-24 22:55:00,0.1875999999999999,3.0964,123.732,12.9381,13.4821,12.2088,0.0106999999999999,1.8455,0.0207999999999999,12.0779,10.2989,-7999.0,-7999.0,-2.2941,-0.1275999999999999,4
2010-10-24 22:56:00,0.1875999999999999,3.1609,123.7167,12.9865,13.4821,12.1899,0.0097999999999999,1.8683,0.0158,12.0577,10.2751,-7999.0,-7999.0,-2.2337,-0.1270999999999999,4
2010-10-24 22:57:00,0.1883,3.2039,123.7098,12.963,13.4825,12.1862,0.0106999999999999,1.8968,0.0212,12.0532,10.2401,-7999.0,-7999.0,-2.1733,-0.127,4
2010-10-24 22:58:00,0.1883,3.0964,123.7064,12.9206,13.483,12.1692,0.0077,2.0221,0.0164,12.0299,10.2104,-7999.0,-7999.0,-2.1733,-0.1269,4
2010-10-24 22:59:00,0.1877999999999999,3.1394,123.756,12.9644,13.483,12.1636,0.008,1.9594,0.0167,12.0271,10.1999,-7999.0,-7999.0,-2.1129,-0.1269,4
2010-10-24 23:00:00,0.1877999999999999,3.2039,123.756,12.9678,13.4853,12.1542,0.0103,1.7088,0.0158,12.0156,10.1643,-7999.0,-7999.0,-1.9922,-0.1278,4
2010-10-24 23:01:00,0.1872,3.0964,123.7491,13.0154,13.4853,12.141,0.0073,1.7829,0.0112,12.0066,10.2421,-7999.0,-7999.0,-1.8715,-0.128,4
2010-10-24 23:02:00,0.1874,3.1609,123.756,13.1441,13.4844,12.141,0.0115999999999999,1.7601,0.0201,12.02,10.2689,-7999.0,-7999.0,-1.9318,-0.1278,4
2010-10-24 23:03:00,0.1880999999999999,3.1179,123.7235,13.0832,13.4848,12.1182,0.0092999999999999,1.8569,0.017,11.9972,10.1727,-7999.0,-7999.0,-1.5092,-0.1278,4
2010-10-24 23:04:00,0.1872,3.2039,123.7184,12.9659,13.4853,12.1161,0.0066,1.9025,0.0155,12.0092,10.2038,-7999.0,-7999.0,-1.63,-0.1273,4
2010-10-24 23:05:00,0.1883,3.1609,123.7372,12.6116,13.4848,12.1161,0.0137,1.9765,0.0241999999999999,12.0155,10.2257,-7999.0,-7999.0,-1.4489,-0.1275,4
2010-10-24 23:06:00,0.1875999999999999,3.0964,123.7628,11.9684,13.4844,12.1143,0.0086999999999999,2.0848,0.0171,11.9841,10.1891,-7999.0,-7999.0,-1.63,-0.1274,4
2010-10-24 23:07:00,0.1880999999999999,3.1394,123.7833,11.616,13.4862,12.0936,0.0128,1.8512,0.0224999999999999,11.9247,10.1337,-7999.0,-7999.0,-2.1733,-0.1279,4
2010-10-24 23:08:00,0.1887,3.2039,123.8124,11.3736,13.4871,12.0936,0.0073,1.9253,0.0149999999999999,11.8831,10.1351,-7999.0,-7999.0,-2.113,-0.1273,4
2010-10-24 23:09:00,0.187,3.2039,123.7713,11.3344,13.4857,12.0728,0.0097999999999999,1.8968,0.0172999999999999,11.8293,10.1299,-7999.0,-7999.0,-2.1733,-0.1269,4
2010-10-24 23:10:00,0.1885,3.2254,123.7645,11.4368,13.4871,12.071,0.0041,1.8512,0.0064,11.8091,10.1181,-7999.0,-7999.0,-2.2337,-0.1275,4
2010-10-24 23:11:00,0.1875999999999999,3.2684,123.7611,11.5183,13.4871,12.0597,0.0077,1.817,0.0128,11.7901,10.116,-7999.0,-7999.0,-2.3544,-0.1274,4
2010-10-24 23:12:00,0.1867999999999999,3.2039,123.785,11.5631,13.4867,12.0463,0.0064,1.7886,0.0109999999999999,11.7669,10.0934,-7999.0,-7999.0,-2.294,-0.1280999999999999,4
2010-10-24 23:13:00,0.1885,3.0964,123.7867,11.5452,13.4876,12.0256,0.01,2.0848,0.0230999999999999,11.7321,10.0669,-7999.0,-7999.0,-2.3544,-0.1277,4
2010-10-24 23:14:00,0.1883,3.0534,123.8448,11.6905,13.4894,12.0235,0.0043,1.9651,0.0086999999999999,11.7251,10.1475,-7999.0,-7999.0,-2.4148,-0.127,4
2010-10-24 23:15:00,0.187,3.2469,123.8363,11.9735,13.4894,12.016,0.0118,1.9708,0.0245,11.7253,10.2049,-7999.0,-7999.0,-2.294,-0.1283,4
2010-10-24 23:16:00,0.1880999999999999,3.3114,123.7884,12.5191,13.4917,12.0009,0.0077,1.9537,0.0149999999999999,11.744,10.3543,-7999.0,-7999.0,-2.2337,-0.1275999999999999,4
2010-10-24 23:17:00,0.1874,3.1394,123.7901,13.1134,13.4917,11.9877,0.0058999999999999,1.9196,0.0099,11.7977,10.5352,-7999.0,-7999.0,-2.1733,-0.1288,4
2010-10-24 23:18:00,0.1875999999999999,3.1609,123.8431,13.4877,13.4926,11.9783,0.01,1.8968,0.0184,11.8495,10.6944,-7999.0,-7999.0,-2.1129,-0.1272,4
2010-10-24 23:19:00,0.1877999999999999,3.2469,123.8499,13.3873,13.4922,11.9783,0.0082,1.9424,0.0164,11.9059,10.8116,-7999.0,-7999.0,-1.6904,-0.1278,4
2010-10-24 23:20:00,0.1875999999999999,3.1824,123.8585,12.9429,13.4926,11.9783,0.0129999999999999,1.8569,0.0248999999999999,11.9523,10.8771,-7999.0,-7999.0,-1.5093,-0.127,4
2010-10-24 23:26:00,0.1880999999999999,3.2039,123.1357,14.2379,13.4876,11.9783,0.0057,1.9594,0.0109999999999999,12.1493,11.3657,-7999.0,-7999.0,-1.4489,-0.1288,4
2010-10-24 23:27:00,0.1875999999999999,3.1824,123.1442,14.5629,13.4871,11.9783,0.0045999999999999,1.9196,0.0091999999999999,12.1958,11.4791,-7999.0,-7999.0,-1.3282,-0.1278,4
2010-10-24 23:28:00,0.187,3.2254,123.1784,14.7781,13.4871,11.9859,0.008,1.9424,0.0156999999999999,12.2321,11.5374,-7999.0,-7999.0,-0.9055,-0.1283999999999999,4
2010-10-24 23:29:00,0.1874,3.0534,123.1647,14.71,13.4867,12.0009,0.0106999999999999,2.0563,0.0214999999999999,12.2873,11.5736,-7999.0,-7999.0,-0.7244,-0.1283999999999999,4
2010-10-24 23:30:00,0.1880999999999999,3.1394,123.1271,14.526,13.4839,12.0235,0.0071,1.931,0.0147,12.3422,11.5659,-7999.0,-7999.0,-0.8452,-0.1277,4
2010-10-24 23:31:00,0.1875999999999999,3.0964,123.0964,14.4957,13.4839,12.0235,0.0114,1.8341,0.0208999999999999,12.3289,11.5053,-7999.0,-7999.0,-1.0263,-0.1275999999999999,4
2010-10-24 23:32:00,0.1875999999999999,3.1609,123.0519,14.5961,13.4816,12.0359,0.0035999999999999,2.005,0.0044,12.342,11.5157,-7999.0,-7999.0,-1.0867,-0.1277,4
2010-10-24 23:33:00,0.1872,3.1179,123.0793,14.6195,13.4816,12.0502,0.0057,1.6405,0.0097999999999999,12.3598,11.58,-7999.0,-7999.0,-1.4489,-0.1274,4
2010-10-24 23:34:00,0.1875999999999999,3.1394,123.0827,14.557,13.4816,12.071,0.0129999999999999,2.0848,0.0293999999999999,12.3791,11.6014,-7999.0,-7999.0,-1.4489,-0.128,4
2010-10-24 23:35:00,0.1875999999999999,3.1824,123.0776,14.4062,13.4818,12.071,0.0058999999999999,1.7829,0.0137,12.3678,11.5049,-7999.0,-7999.0,-1.63,-0.1275,4
2010-10-24 23:36:00,0.1883,3.2254,123.1357,14.3207,13.4821,12.0898,0.0061999999999999,1.874,0.0124,12.3698,11.4702,-7999.0,-7999.0,-1.6904,-0.1285999999999999,4
2010-10-24 23:37:00,0.1877999999999999,3.1824,123.1596,14.1305,13.4821,12.0992,0.0112,1.8227,0.0208999999999999,12.3897,11.4726,-7999.0,-7999.0,-1.6904,-0.1274,4
2010-10-24 23:38:00,0.1883,3.0964,123.1835,13.5531,13.482,12.1161,0.0058999999999999,2.0221,0.0124,12.4292,11.4248,-7999.0,-7999.0,-1.63,-0.1270999999999999,4
2010-10-24 23:39:00,0.1874,3.0964,123.2091,13.1426,13.482,12.1203,0.0114,2.062,0.024,12.4157,11.3486,-7999.0,-7999.0,-2.0526,-0.1272,4
2010-10-24 23:40:00,0.1875999999999999,3.1394,123.2109,13.1039,13.4815,12.141,0.0057,1.9025,0.0074999999999999,12.4252,11.3574,-7999.0,-7999.0,-2.0526,-0.1285,4
2010-10-24 23:41:00,0.1872,3.1824,123.1989,13.1488,13.4819,12.1542,0.0095999999999999,2.0677,0.0205,12.4433,11.4037,-7999.0,-7999.0,-2.1129,-0.1275999999999999,4
2010-10-24 23:42:00,0.1867999999999999,3.1394,123.1527,13.2303,13.4814,12.1636,0.0123,1.8455,0.0208999999999999,12.4323,11.3786,-7999.0,-7999.0,-2.1733,-0.1278,4
2010-10-24 23:43:00,0.1885,3.2039,123.081,13.6592,13.4818,12.1786,0.0129999999999999,1.8227,0.0221,12.4523,11.4085,-7999.0,-7999.0,-2.1733,-0.1279,4
2010-10-24 23:44:00,0.1885,3.2684,123.2057,14.0316,13.4818,12.1862,0.0097999999999999,1.7772,0.0168999999999999,12.4654,11.4068,-7999.0,-7999.0,-2.1733,-0.1283999999999999,4
2010-10-24 23:45:00,0.1877999999999999,3.2899,123.1203,14.2204,13.4809,12.205,0.0058999999999999,1.8057,0.0121,12.4772,11.3538,-7999.0,-7999.0,-1.9922,-0.1283,4
2010-10-24 23:46:00,0.1877999999999999,3.1824,123.0485,14.0619,13.4804,12.2088,0.0051999999999999,1.9708,0.0109999999999999,12.4789,11.2406,-7999.0,-7999.0,-1.9319,-0.1280999999999999,4
2010-10-24 23:47:00,0.1875999999999999,3.1824,123.0331,13.822,13.4804,12.2088,0.0073,1.874,0.014,12.488,11.2462,-7999.0,-7999.0,-1.8111,-0.1278,4
2010-10-24 23:48:00,0.1874,3.2039,123.0742,13.3412,13.4808,12.2315,0.0137,1.9253,0.0292,12.4995,11.2338,-7999.0,-7999.0,-1.8111,-0.1278,4
2010-10-24 23:49:00,0.1880999999999999,3.1394,123.1442,13.1704,13.4799,12.2374,0.0115999999999999,1.8284,0.021,12.4842,11.2199,-7999.0,-7999.0,-1.9922,-0.1272,4
2010-10-24 23:50:00,0.1874,3.1394,123.1938,13.0589,13.4794,12.2525,0.0058999999999999,1.9594,0.0119,12.4705,11.1899,-7999.0,-7999.0,-2.1129,-0.1277,4
2010-10-24 23:51:00,0.1874,3.1824,123.0434,13.1228,13.4799,12.2562,0.0074999999999999,1.8455,0.0128,12.463,11.1881,-7999.0,-7999.0,-2.1733,-0.1293999999999999,4
2010-10-24 23:52:00,0.1880999999999999,3.1609,122.9409,13.4824,13.479,12.2562,0.0071,1.9139,0.0115,12.4749,11.2663,-7999.0,-7999.0,-2.4751,-0.1283999999999999,4
2010-10-24 23:53:00,0.1874,3.2039,122.9289,13.72,13.4799,12.275,0.0132,1.9481,0.0246,12.505,11.3782,-7999.0,-7999.0,-2.1733,-0.1288999999999999,4
2010-10-24 23:54:00,0.1872,3.1179,122.8964,13.7803,13.4803,12.2788,0.0103,1.7658,0.0184999999999999,12.5151,11.4299,-7999.0,-7999.0,-2.2337,-0.1285999999999999,4
2010-10-24 23:55:00,0.1877999999999999,3.0534,122.8674,13.8351,13.4808,12.292,0.0103,1.9537,0.0199,12.5346,11.4973,-7999.0,-7999.0,-2.1733,-0.1275999999999999,4
2010-10-24 23:56:00,0.1875999999999999,3.1609,122.852,13.7231,13.4794,12.3014,0.01,1.7943,0.0184999999999999,12.5426,11.4828,-7999.0,-7999.0,-2.0526,-0.1282,4
2010-10-24 23:57:00,0.1877999999999999,3.0964,122.8674,13.4964,13.4808,12.3014,0.0097999999999999,1.7202,0.0155999999999999,12.5391,11.492,-7999.0,-7999.0,-1.9922,-0.1278,4
2010-10-24 23:58:00,0.1885,3.1824,122.8503,13.4536,13.4798,12.3159,0.0146,1.9025,0.0267,12.5641,11.5424,-7999.0,-7999.0,-2.0526,-0.129,4
2010-10-24 23:59:00,0.1875999999999999,3.1179,122.8708,13.4216,13.4789,12.3262,0.0043,1.9025,0.0094999999999999,12.5695,11.5331,-7999.0,-7999.0,-2.0526,-0.1279,4
