measured_on,ac_current_other_inv_14537,ac_current_other_inv_14537_2,ac_current_other_inv_14537_3,ac_energy_inv_14537,ac_other_meter_1863,ac_other_meter_1863_2,ac_other_meter_1863_3,ac_power_inv_14537,ac_power_meter_1863,ac_power_meter_1863_2,ac_power_meter_1863_3,ac_power_meter_1863_4,ac_power_meter_1863_5,ac_power_other_meter_1863,ac_power_other_meter_1863_2,ac_power_other_meter_1863_3,ac_power_other_meter_1863_4,ac_voltage_other_inv_14537,ac_voltage_other_inv_14537_2,ac_voltage_other_inv_14537_3,ac_voltage_other_meter_1863,ac_voltage_other_meter_1863_2,ac_voltage_other_meter_1863_3,ac_voltage_other_meter_1863_4,ac_voltage_other_meter_1863_5,ac_voltage_other_meter_1863_6,battery_a_avg__82575,battery_v_min__82574,chgsource_min__82578,chgstate_min__82577,ckbatt_max__82579,cr1000temp_c_avg__82491,dc_power_inv_14537,dc_voltage_other_inv_14537,dc_voltage_other_inv_14537_2,dooropen_min__82492,irradiance_ghi_o_2196,irradiance_poa_o_2195,irradiance_poa_o_2197,irradiance_poa_o_2198,irradiance_poa_o_2199,load_a_avg__82576,qloss_ah_max__82580,rtd_c_avg_10__82590,rtd_c_avg_1__82581,rtd_c_avg_2__82582,rtd_c_avg_3__82583,rtd_c_avg_4__82584,rtd_c_avg_5__82585,rtd_c_avg_6__82586,rtd_c_avg_7__82587,rtd_c_avg_8__82588,rtd_c_avg_9__82589,sewspoairrad_wm2_avg__82524,shuntcurrent_a_avg_1__82546,shuntcurrent_a_avg_2__82547,shuntcurrent_a_avg_3__82548,shuntcurrent_a_avg_4__82549,shuntcurrent_a_avg_5__82550,shuntcurrent_a_avg_6__82551,shuntcurrent_a_avg_7__82552,shuntetot_kwh_max_1__82560,shuntetot_kwh_max_2__82561,shuntetot_kwh_max_3__82562,shuntetot_kwh_max_4__82563,shuntetot_kwh_max_5__82564,shuntetot_kwh_max_6__82565,shuntetot_kwh_max_7__82566,shuntpdc_kw_avg_1__82553,shuntpdc_kw_avg_2__82554,shuntpdc_kw_avg_3__82555,shuntpdc_kw_avg_4__82556,shuntpdc_kw_avg_5__82557,shuntpdc_kw_avg_6__82558,shuntpdc_kw_avg_7__82559,system_other_inv_14537,system_other_inv_14537_10,system_other_inv_14537_11,system_other_inv_14537_2,system_other_inv_14537_3,system_other_inv_14537_4,system_other_inv_14537_5,system_other_inv_14537_6,system_other_inv_14537_7,system_other_inv_14537_8,system_other_inv_14537_9,system_other_meter_1863,system_other_meter_1863_2,system_other_meter_1863_3,temperature_ambient_o_2200,temperature_ambient_o_2201,temperature_inverter_inv_14537,temperature_module_o_2201,wind_direction_o_2201,wind_other_o_2201,wind_other_o_2201_2,wind_other_o_2201_3,wind_other_o_2201_4,wind_speed_o_2201,wind_speed_o_2201_2,system_id
2016-03-31 00:00:00,0.0,0.0,0.0,1113180.0,62.9,59.9,60.0,0.0,43233.0,540.0,96872.0,1069924.0,0.0,1.0,0.0,0.0,0.0,277.2,276.4,277.5,0.772,275.0,0.531,274.6,0.842,276.0,0.003,13.8,2.0,3.0,0.0,11.77,0.0,21.24,5.823,0.0,-0.013,-0.013,-0.013,-0.402,-0.152,0.222,0.0,16.56,9.65,9.590000000000002,8.439999999999998,8.92,8.88,8.849999999999998,-132.2,9.25,8.87,0.022,0.003,0.004,0.005,0.005,0.012,0.008,0.008,12041.0,16720.0,16623.0,16953.0,14334.0,14358.0,11638.0,0.0,0.0,0.0,0.0,0.0,0.0,0.0,0.0,4.184,0.0,60.19,0.0,0.0,0.0,0.0,16.0,0.0,0.0,0.0,0.0,0.0,11.15,11.28,0.0,9.62,171.7,20.08,2.0,3.474,-1.0,3.338,6.0,4901
2016-03-31 00:01:00,0.0,0.0,0.0,1113180.0,62.9,59.9,60.0,0.0,43233.0,540.0,96872.0,1069924.0,0.0,1.0,0.0,0.0,0.0,277.1,276.2,277.4,0.772,275.0,0.531,274.0,0.842,276.0,0.003,13.8,2.0,3.0,0.0,11.77,0.0,21.26,5.76,0.0,-0.013,-0.013,-0.013,-0.385,-0.152,0.222,0.0,16.53,9.68,9.65,8.439999999999998,8.92,8.92,8.92,-134.2,9.33,8.92,0.019,0.003,0.002,0.004,0.006,0.011,0.008,0.008,12041.0,16720.0,16623.0,16953.0,14334.0,14358.0,11638.0,0.0,0.0,0.0,0.0,0.0,0.0,0.0,0.0,4.184,0.0,60.17,0.0,0.0,0.0,0.0,16.0,0.0,0.0,0.0,0.0,0.0,11.17,11.25,0.0,9.64,173.0,18.0,2.0,3.473,-1.0,2.608,4.2,4901
2016-03-31 00:02:00,0.0,0.0,0.0,1113180.0,62.9,59.9,60.0,0.0,43233.0,540.0,96872.0,1069924.0,0.0,1.0,0.0,0.0,0.0,277.2,276.2,277.4,0.772,275.0,0.531,274.0,0.842,276.0,0.002,13.47,2.0,1.0,0.0,11.77,0.0,21.21,5.8020000000000005,0.0,-0.013,-0.013,-0.013,-0.387,-0.152,0.223,0.001,16.51,9.65,9.590000000000002,8.439999999999998,8.92,8.92,8.88,-134.6,9.29,8.92,0.0149999999999999,0.003,0.003,0.004,0.005,0.011,0.008,0.008,12041.0,16720.0,16623.0,16953.0,14334.0,14358.0,11638.0,0.0,0.0,0.0,0.0,0.0,0.0,0.0,0.0,4.184,0.0,60.14,0.0,0.0,0.0,0.0,16.0,0.0,0.0,0.0,0.0,0.0,11.2,11.29,0.0,9.63,182.1,15.3,2.0,3.474,-1.0,2.365,5.6,4901
2016-03-31 00:03:00,0.0,0.0,0.0,1113180.0,62.9,59.9,60.0,0.0,43233.0,540.0,96872.0,1069924.0,0.0,1.0,0.0,0.0,0.0,278.0,276.9,278.1,0.772,275.8,0.531,274.9,0.842,276.1,0.005,13.8,2.0,3.0,0.0,11.77,0.0,21.18,5.81,0.0,-0.013,-0.013,-0.013,-0.4039999999999999,-0.152,0.222,0.0,16.51,9.68,9.65,8.529999999999998,8.97,8.949999999999998,8.92,-134.3,9.35,8.949999999999998,0.011,0.003,0.002,0.004,0.005,0.011,0.008,0.009,12041.0,16720.0,16623.0,16953.0,14334.0,14358.0,11638.0,0.0,0.0,0.0,0.0,0.0,0.0,0.0,0.0,4.178,0.0,60.14,0.0,0.0,0.0,0.0,16.0,0.0,0.0,0.0,0.0,0.0,11.3,11.38,0.0,9.670000000000002,184.0,14.18,2.0,3.474,-1.0,3.998,5.5,4901
2016-03-31 00:04:00,0.0,0.0,0.0,1113180.0,62.9,59.9,60.0,0.0,43233.0,540.0,96872.0,1069924.0,0.0,1.0,0.0,0.0,0.0,278.6,277.0,278.1,0.772,276.0,0.531,275.0,0.842,277.0,0.003,13.8,2.0,3.0,0.0,11.77,0.0,21.11,5.807,0.0,-0.013,-0.013,-0.013,-0.402,-0.152,0.222,0.0,16.51,9.75,9.75,8.529999999999998,9.03,9.03,8.97,-134.6,9.36,9.02,0.0149999999999999,0.003,0.003,0.004,0.005,0.012,0.008,0.008,12041.0,16720.0,16623.0,16953.0,14334.0,14358.0,11638.0,0.0,0.0,0.0,0.0,0.0,0.0,0.0,0.0,4.131,0.0,60.13,0.0,0.0,0.0,0.0,16.0,0.0,0.0,0.0,0.0,0.0,11.33,11.44,0.0,9.74,181.7,16.41,2.0,3.474,-1.0,4.15,7.4,4901
2016-03-31 00:05:00,0.0,0.0,0.0,1113180.0,62.9,59.9,60.0,0.0,43233.0,540.0,96872.0,1069924.0,0.0,1.0,0.0,0.0,0.0,278.4,277.2,278.3,0.772,276.0,0.531,275.0,0.842,277.0,0.003,13.8,2.0,3.0,0.0,11.77,0.0,21.2,5.765,0.0,-0.011,-0.013,-0.01,-0.4,-0.152,0.222,0.0,16.51,9.78,9.78,8.599999999999998,9.11,9.11,9.02,-108.2,9.43,9.1,0.008,0.003,0.003,0.004,0.006,0.012,0.008,0.0069999999999999,12041.0,16720.0,16623.0,16953.0,14334.0,14358.0,11638.0,0.0,0.0,0.0,0.0,0.0,0.0,0.0,0.0,4.0760000000000005,0.0,60.14,0.0,0.0,0.0,0.0,16.0,0.0,0.0,0.0,0.0,0.0,11.43,11.5,0.0,9.74,177.5,17.64,2.0,3.473,-1.0,3.468,5.1,4901
2016-03-31 00:06:00,0.0,0.0,0.0,1113180.0,62.9,59.9,60.0,0.0,43233.0,540.0,96872.0,1069924.0,0.0,1.0,0.0,0.0,0.0,278.2,276.7,277.8,0.772,275.4,0.531,275.0,0.842,276.2,0.003,13.8,2.0,3.0,0.0,11.79,0.0,21.19,5.767,0.0,-0.01,-0.013,-0.01,-0.4039999999999999,-0.152,0.222,0.0,16.5,9.78,9.79,8.609999999999998,9.11,9.13,9.03,-134.2,9.43,9.13,0.02,0.002,0.002,0.004,0.005,0.011,0.0069999999999999,0.008,12041.0,16720.0,16623.0,16953.0,14334.0,14358.0,11638.0,0.0,0.0,0.0,0.0,0.0,0.0,0.0,0.0,4.047,0.0,60.15,0.0,0.0,0.0,0.0,16.0,0.0,0.0,0.0,0.0,0.0,11.42,11.48,0.0,9.76,181.0,11.32,2.0,3.475,-1.0,3.088,4.4,4901
2016-03-31 00:07:00,0.0,0.0,0.0,1113180.0,62.9,59.9,60.0,0.0,43233.0,540.0,96872.0,1069924.0,0.0,1.0,0.0,0.0,0.0,277.7,276.9,278.0,0.772,276.0,0.531,275.0,0.842,276.0,0.004,13.8,2.0,3.0,0.0,11.79,0.0,21.2,5.692,0.0,-0.012,-0.013,-0.011,-0.375,-0.152,0.222,0.0,16.47,9.78,9.82,8.63,9.11,9.14,9.03,-134.3,9.43,9.11,0.009,0.003,0.003,0.004,0.005,0.012,0.008,0.008,12041.0,16720.0,16623.0,16953.0,14334.0,14358.0,11638.0,0.0,0.0,0.0,0.0,0.0,0.0,0.0,0.0,3.964,0.0,60.14,0.0,0.0,0.0,0.0,16.0,0.0,0.0,0.0,0.0,0.0,11.36,11.43,0.0,9.78,193.9,12.18,2.0,3.474,-1.0,4.025,6.4,4901
2016-03-31 00:08:00,0.0,0.0,0.0,1113180.0,62.9,59.9,60.0,0.0,43233.0,540.0,96872.0,1069924.0,0.0,1.0,0.0,0.0,0.0,277.9,276.8,277.9,0.772,275.7,0.531,275.0,0.842,276.0,0.002,13.5,2.0,1.0,0.0,11.79,0.0,21.24,5.599,0.0,-0.013,-0.013,-0.011,-0.406,-0.152,0.223,0.001,16.49,9.840000000000002,9.83,8.66,9.170000000000002,9.2,9.02,-134.2,9.41,9.14,0.019,0.003,0.002,0.003,0.005,0.011,0.008,0.008,12041.0,16720.0,16623.0,16953.0,14334.0,14358.0,11638.0,0.0,0.0,0.0,0.0,0.0,0.0,0.0,0.0,3.915,0.0,60.14,0.0,0.0,0.0,0.0,16.0,0.0,0.0,0.0,0.0,0.0,11.34,11.41,0.0,9.8,186.0,12.05,2.0,3.474,-1.0,2.842,4.5,4901
2016-03-31 00:09:00,0.0,0.0,0.0,1113180.0,62.9,59.9,60.0,0.0,43233.0,540.0,96872.0,1069924.0,0.0,1.0,0.0,0.0,0.0,277.7,276.9,278.0,0.772,275.7,0.531,275.0,0.842,276.0,0.004,13.8,2.0,3.0,0.0,11.79,0.0,21.1,5.449,0.0,-0.013,-0.013,-0.012,-0.4039999999999999,-0.152,0.222,0.0,16.45,9.79,9.83,8.64,9.16,9.19,9.07,-107.9,9.5,9.11,0.011,0.003,0.002,0.004,0.005,0.011,0.008,0.008,12041.0,16720.0,16623.0,16953.0,14334.0,14358.0,11638.0,0.0,0.0,0.0,0.0,0.0,0.0,0.0,0.0,3.914,0.0,60.13,0.0,0.0,0.0,0.0,16.0,0.0,0.0,0.0,0.0,0.0,11.39,11.41,0.0,9.79,175.3,21.7,2.0,3.474,-1.0,2.967,4.8,4901
2016-03-31 00:10:00,0.0,0.0,0.0,1113180.0,62.9,59.9,60.0,0.0,43233.0,540.0,96872.0,1069924.0,0.0,1.0,0.0,0.0,0.0,277.9,276.8,277.9,0.772,275.0,0.531,275.0,0.842,276.0,0.003,13.8,2.0,3.0,0.0,11.79,0.0,21.08,5.449,0.0,-0.013,-0.013,-0.013,-0.4039999999999999,-0.152,0.223,0.0,16.48,9.78,9.82,8.689999999999998,9.170000000000002,9.19,9.05,-91.2,9.48,9.19,0.0139999999999999,0.003,0.002,0.004,0.004,0.012,0.0069999999999999,0.0069999999999999,12041.0,16720.0,16623.0,16953.0,14334.0,14358.0,11638.0,0.0,0.0,0.0,0.0,0.0,0.0,0.0,0.0,3.861,0.0,60.14,0.0,0.0,0.0,0.0,16.0,0.0,0.0,0.0,0.0,0.0,11.44,11.44,0.0,9.76,192.9,23.71,2.0,3.474,-1.0,2.43,4.0,4901
2016-03-31 00:11:00,0.0,0.0,0.0,1113180.0,62.9,59.9,60.0,0.0,43233.0,540.0,96872.0,1069924.0,0.0,1.0,0.0,0.0,0.0,277.8,276.8,277.9,0.772,275.0,0.531,275.0,0.842,276.0,0.003,13.8,2.0,3.0,0.0,11.8,0.0,21.19,5.396,0.0,-0.013,-0.013,-0.013,-0.3979999999999999,-0.152,0.223,0.0,16.43,9.78,9.840000000000002,8.66,9.2,9.22,9.05,-133.9,9.46,9.21,0.018,0.002,0.002,0.004,0.004,0.011,0.0069999999999999,0.008,12041.0,16720.0,16623.0,16953.0,14334.0,14358.0,11638.0,0.0,0.0,0.0,0.0,0.0,0.0,0.0,0.0,3.773,0.0,60.14,0.0,0.0,0.0,0.0,16.0,0.0,0.0,0.0,0.0,0.0,11.39,11.45,0.0,9.77,179.9,16.73,2.0,3.474,-1.0,4.313,7.4,4901
2016-03-31 00:12:00,0.0,0.0,0.0,1113180.0,62.9,59.9,60.0,0.0,43233.0,540.0,96872.0,1069924.0,0.0,1.0,0.0,0.0,0.0,277.6,277.0,278.0,0.772,275.2,0.531,275.0,0.842,276.0,0.003,13.8,2.0,3.0,0.0,11.81,0.0,21.31,5.359,0.0,-0.013,-0.013,-0.013,-0.4,-0.152,0.223,0.0,16.41,9.86,9.89,8.72,9.3,9.3,9.18,-133.5,9.54,9.21,0.013,0.003,0.003,0.004,0.005,0.011,0.0069999999999999,0.0069999999999999,12041.0,16720.0,16623.0,16953.0,14334.0,14358.0,11638.0,0.0,0.0,0.0,0.0,0.0,0.0,0.0,0.0,3.693,0.0,60.13,0.0,0.0,0.0,0.0,16.0,0.0,0.0,0.0,0.0,0.0,11.4,11.45,0.0,9.78,185.7,20.7,2.0,3.474,-1.0,3.1180000000000003,5.1,4901
2016-03-31 00:13:00,0.0,0.0,0.0,1113180.0,62.9,59.9,60.0,0.0,43233.0,540.0,96872.0,1069924.0,0.0,1.0,0.0,0.0,0.0,277.9,277.1,278.0,0.772,275.8,0.531,275.0,0.842,276.0,-0.018,13.56,2.0,1.0,0.0,11.82,0.0,21.24,5.347,0.0,-0.013,-0.0139999999999999,-0.013,-0.375,-0.152,0.222,0.001,16.41,9.78,9.86,8.679999999999998,9.2,9.2,9.15,-112.4,9.55,9.14,0.006,0.003,0.003,0.003,0.005,0.011,0.0069999999999999,0.008,12041.0,16720.0,16623.0,16953.0,14334.0,14358.0,11638.0,0.0,0.0,0.0,0.0,0.0,0.0,0.0,0.0,3.644,0.0,60.15,0.0,0.0,0.0,0.0,16.0,0.0,0.0,0.0,0.0,0.0,11.38,11.4,0.0,9.7,171.9,13.23,2.0,3.474,-1.0,2.245,3.9,4901
2016-03-31 00:14:00,0.0,0.0,0.0,1113180.0,62.9,59.9,60.0,0.0,43233.0,540.0,96872.0,1069924.0,0.0,1.0,0.0,0.0,0.0,277.9,277.1,278.0,0.772,275.5,0.531,275.0,0.842,276.0,0.024,13.56,2.0,1.0,0.0,11.82,0.0,21.19,5.325,0.0,-0.0139999999999999,-0.017,-0.013,-0.396,-0.152,0.223,0.001,16.41,9.71,9.78,8.63,9.11,9.12,9.06,-112.9,9.43,9.03,0.022,0.002,0.003,0.004,0.004,0.011,0.0069999999999999,0.008,12041.0,16720.0,16623.0,16953.0,14334.0,14358.0,11638.0,0.0,0.0,0.0,0.0,0.0,0.0,0.0,0.0,3.644,0.0,60.14,0.0,0.0,0.0,0.0,16.0,0.0,0.0,0.0,0.0,0.0,11.34,11.39,0.0,9.62,177.7,14.42,2.0,3.474,-1.0,2.815,4.3,4901
2016-03-31 00:15:00,0.0,0.0,0.0,1113180.0,62.9,59.9,60.0,0.0,43233.0,540.0,96872.0,1069924.0,0.0,1.0,0.0,0.0,0.0,277.3,276.5,277.5,0.772,275.2,0.531,274.3,0.842,276.0,0.004,13.8,2.0,3.0,0.0,11.82,0.0,21.19,5.31,0.0,-0.016,-0.017,-0.013,-0.4039999999999999,-0.152,0.222,0.0,16.41,9.68,9.76,8.529999999999998,9.11,9.11,8.929999999999998,-108.0,9.4,9.02,0.022,0.002,0.003,0.004,0.005,0.011,0.008,0.0069999999999999,12041.0,16720.0,16623.0,16953.0,14334.0,14358.0,11638.0,0.0,0.0,0.0,0.0,0.0,0.0,0.0,0.0,3.644,0.0,60.14,0.0,0.0,0.0,0.0,16.0,0.0,0.0,0.0,0.0,0.0,11.33,11.41,0.0,9.61,187.7,14.36,2.0,3.474,-1.0,2.195,3.4,4901
2016-03-31 00:16:00,0.0,0.0,0.0,1113180.0,62.9,59.9,60.0,0.0,43233.0,540.0,96872.0,1069924.0,0.0,1.0,0.0,0.0,0.0,276.1,275.6,276.6,0.772,274.1,0.531,274.0,0.842,275.1,0.003,13.8,2.0,3.0,0.0,11.84,0.0,21.26,5.327000000000001,0.0,-0.017,-0.018,-0.013,-0.392,-0.152,0.222,0.0,16.41,9.590000000000002,9.7,8.529999999999998,9.08,9.11,8.949999999999998,-134.8,9.37,9.02,0.013,0.003,0.002,0.004,0.005,0.012,0.0069999999999999,0.008,12041.0,16720.0,16623.0,16953.0,14334.0,14358.0,11638.0,0.0,0.0,0.0,0.0,0.0,0.0,0.0,0.0,3.64,0.0,60.14,0.0,0.0,0.0,0.0,16.0,0.0,0.0,0.0,0.0,0.0,11.34,11.41,0.0,9.57,185.8,22.76,2.0,3.474,-1.0,1.96,3.5,4901
2016-03-31 00:17:00,0.0,0.0,0.0,1113180.0,62.9,59.9,60.0,0.0,43233.0,540.0,96872.0,1069924.0,0.0,1.0,0.0,0.0,0.0,276.0,275.4,276.5,0.772,274.0,0.531,273.4,0.842,275.0,0.003,13.8,2.0,3.0,0.0,11.84,0.0,21.21,5.305,0.0,-0.019,-0.02,-0.0139999999999999,-0.3979999999999999,-0.152,0.223,0.0,16.41,9.57,9.65,8.449999999999998,9.03,9.06,8.9,-134.0,9.340000000000002,8.949999999999998,0.008,0.003,0.003,0.004,0.004,0.011,0.006,0.0069999999999999,12041.0,16720.0,16623.0,16953.0,14334.0,14358.0,11638.0,0.0,0.0,0.0,0.0,0.0,0.0,0.0,0.0,3.637,0.0,60.15,0.0,0.0,0.0,0.0,16.0,0.0,0.0,0.0,0.0,0.0,11.37,11.39,0.0,9.51,190.5,18.44,2.0,3.474,-1.0,1.7,3.1,4901
2016-03-31 00:18:00,0.0,0.0,0.0,1113180.0,62.9,59.9,60.0,0.0,43233.0,540.0,96872.0,1069924.0,0.0,1.0,0.0,0.0,0.0,276.0,275.5,276.5,0.772,274.0,0.531,273.8,0.842,275.0,0.003,13.8,2.0,3.0,0.0,11.84,0.0,21.24,5.282,0.0,-0.02,-0.02,-0.017,-0.402,-0.152,0.223,0.0,16.41,9.49,9.590000000000002,8.37,8.929999999999998,9.0,8.779999999999998,-134.3,9.21,8.87,0.009,0.002,0.003,0.004,0.005,0.012,0.0069999999999999,0.0069999999999999,12041.0,16720.0,16623.0,16953.0,14334.0,14358.0,11638.0,0.0,0.0,0.0,0.0,0.0,0.0,0.0,0.0,3.607,0.0,60.16,0.0,0.0,0.0,0.0,16.0,0.0,0.0,0.0,0.0,0.0,11.32,11.37,0.0,9.46,188.0,17.71,2.0,3.473,-1.0,1.367,2.1,4901
2016-03-31 00:19:00,0.0,0.0,0.0,1113180.0,62.9,59.9,60.0,0.0,43233.0,540.0,96872.0,1069924.0,0.0,1.0,0.0,0.0,0.0,276.2,275.4,276.5,0.772,274.0,0.531,273.9,0.842,275.0,-0.006,13.57,2.0,1.0,0.0,11.84,0.0,21.16,5.297999999999999,0.0,-0.02,-0.02,-0.017,-0.3679999999999999,-0.152,0.222,0.001,16.41,9.48,9.54,8.34,8.92,8.929999999999998,8.73,-133.7,9.13,8.81,0.01,0.002,0.002,0.004,0.005,0.012,0.0069999999999999,0.008,12041.0,16720.0,16623.0,16953.0,14334.0,14358.0,11638.0,0.0,0.0,0.0,0.0,0.0,0.0,0.0,0.0,3.593,0.0,60.23,0.0,0.0,0.0,0.0,16.0,0.0,0.0,0.0,0.0,0.0,11.34,11.44,0.0,9.44,190.9,13.92,2.0,3.473,-1.0,1.852,3.3,4901
2016-03-31 00:20:00,0.0,0.0,0.0,1113180.0,62.9,59.9,60.0,0.0,43233.0,540.0,96872.0,1069924.0,0.0,1.0,0.0,0.0,0.0,276.2,275.4,276.5,0.772,274.0,0.531,273.5,0.842,275.0,0.011,13.6,2.0,1.0,0.0,11.84,0.0,21.19,5.299,0.0,-0.02,-0.02,-0.017,-0.3979999999999999,-0.152,0.223,0.001,16.41,9.44,9.49,8.34,8.849999999999998,8.92,8.72,-110.6,9.18,8.73,0.013,0.003,0.002,0.004,0.005,0.011,0.0069999999999999,0.0069999999999999,12041.0,16720.0,16623.0,16953.0,14334.0,14358.0,11638.0,0.0,0.0,0.0,0.0,0.0,0.0,0.0,0.0,3.58,0.0,60.18,0.0,0.0,0.0,0.0,16.0,0.0,0.0,0.0,0.0,0.0,11.35,11.4,0.0,9.44,168.4,25.65,2.0,3.474,-1.0,1.737,3.2,4901
2016-03-31 00:21:00,0.0,0.0,0.0,1113180.0,62.9,59.9,60.0,0.0,43233.0,540.0,96872.0,1069924.0,0.0,1.0,0.0,0.0,0.0,276.5,275.3,276.4,0.772,274.0,0.531,273.5,0.842,275.0,0.003,13.8,2.0,3.0,0.0,11.84,0.0,21.18,5.32,0.0,-0.02,-0.02,-0.017,-0.3979999999999999,-0.152,0.222,0.0,16.41,9.41,9.49,8.34,8.9,8.92,8.699999999999998,-134.5,9.170000000000002,8.73,0.011,0.003,0.002,0.004,0.004,0.011,0.0069999999999999,0.0069999999999999,12041.0,16720.0,16623.0,16953.0,14334.0,14358.0,11638.0,0.0,0.0,0.0,0.0,0.0,0.0,0.0,0.0,3.531,0.0,60.24,0.0,0.0,0.0,0.0,16.0,0.0,0.0,0.0,0.0,0.0,11.39,11.42,0.0,9.4,189.7,12.56,2.0,3.474,-1.0,2.415,3.9,4901
2016-03-31 00:22:00,0.0,0.0,0.0,1113180.0,62.9,59.9,60.0,0.0,43233.0,540.0,96872.0,1069924.0,0.0,1.0,0.0,0.0,0.0,276.2,275.4,276.5,0.772,274.0,0.531,273.5,0.842,275.0,0.003,13.8,2.0,3.0,0.0,11.84,0.0,21.19,5.312,0.0,-0.02,-0.02,-0.017,-0.396,-0.152,0.222,0.0,16.41,9.39,9.41,8.26,8.8,8.84,8.63,-134.4,9.06,8.699999999999998,0.019,0.002,0.002,0.004,0.005,0.011,0.0069999999999999,0.008,12041.0,16720.0,16623.0,16953.0,14334.0,14358.0,11638.0,0.0,0.0,0.0,0.0,0.0,0.0,0.0,0.0,3.5210000000000004,0.0,60.19,0.0,0.0,0.0,0.0,16.0,0.0,0.0,0.0,0.0,0.0,11.36,11.41,0.0,9.340000000000002,180.7,12.28,2.0,3.473,-1.0,1.6969999999999998,2.3,4901
2016-03-31 00:23:00,0.0,0.0,0.0,1113180.0,62.9,59.9,60.0,0.0,43233.0,540.0,96872.0,1069924.0,0.0,1.0,0.0,0.0,0.0,276.3,275.3,276.4,0.772,274.0,0.531,273.0,0.842,275.0,0.003,13.8,2.0,3.0,0.0,11.84,0.0,21.21,5.266,0.0,-0.02,-0.02,-0.017,-0.4,-0.152,0.222,0.0,16.4,9.3,9.39,8.21,8.72,8.79,8.55,-134.8,8.949999999999998,8.63,0.009,0.002,0.003,0.004,0.004,0.012,0.006,0.008,12041.0,16720.0,16623.0,16953.0,14334.0,14358.0,11638.0,0.0,0.0,0.0,0.0,0.0,0.0,0.0,0.0,3.509,0.0,60.14,0.0,0.0,0.0,0.0,16.0,0.0,0.0,0.0,0.0,0.0,11.36,11.37,0.0,9.29,178.7,21.57,2.0,3.474,-1.0,1.932,4.3,4901
2016-03-31 00:24:00,0.0,0.0,0.0,1113180.0,62.9,59.9,60.0,0.0,43233.0,540.0,96872.0,1069924.0,0.0,1.0,0.0,0.0,0.0,276.3,275.2,276.4,0.772,274.0,0.531,273.0,0.842,275.0,0.003,13.8,2.0,3.0,0.0,11.84,0.0,21.21,5.291,0.0,-0.02,-0.02,-0.016,-0.392,-0.152,0.222,0.0,16.4,9.38,9.46,8.23,8.769999999999998,8.82,8.62,-91.5,9.11,8.71,0.0139999999999999,0.002,0.002,0.003,0.005,0.011,0.0069999999999999,0.0069999999999999,12041.0,16720.0,16623.0,16953.0,14334.0,14358.0,11638.0,0.0,0.0,0.0,0.0,0.0,0.0,0.0,0.0,3.502,0.0,60.15,0.0,0.0,0.0,0.0,16.0,0.0,0.0,0.0,0.0,0.0,11.45,11.51,0.0,9.35,194.0,18.01,2.0,3.474,-1.0,3.045,4.7,4901
2016-03-31 00:25:00,0.0,0.0,0.0,1113180.0,62.9,59.9,60.0,0.0,43233.0,540.0,96872.0,1069924.0,0.0,1.0,0.0,0.0,0.0,276.5,275.3,276.4,0.772,274.0,0.531,273.2,0.842,275.0,-0.025,13.36,2.0,1.0,0.0,11.84,0.0,21.14,5.277,0.0,-0.019,-0.02,-0.013,-0.377,-0.152,0.223,0.001,16.41,9.48,9.55,8.33,8.92,8.97,8.75,-134.1,9.14,8.82,0.025,0.002,0.003,0.003,0.004,0.011,0.008,0.008,12041.0,16720.0,16623.0,16953.0,14334.0,14358.0,11638.0,0.0,0.0,0.0,0.0,0.0,0.0,0.0,0.0,3.4330000000000003,0.0,60.17,0.0,0.0,0.0,0.0,16.0,0.0,0.0,0.0,0.0,0.0,11.49,11.61,0.0,9.48,195.3,11.13,2.0,3.474,-1.0,3.028,4.7,4901
2016-03-31 00:26:00,0.0,0.0,0.0,1113180.0,62.9,59.9,60.0,0.0,43233.0,540.0,96872.0,1069924.0,0.0,1.0,0.0,0.0,0.0,276.4,275.5,276.5,0.772,274.0,0.531,273.7,0.842,275.0,0.0289999999999999,13.6,2.0,1.0,0.0,11.84,0.0,21.25,5.146,0.0,-0.017,-0.017,-0.013,-0.402,-0.152,0.223,0.001,16.41,9.590000000000002,9.6,8.359999999999998,8.949999999999998,9.090000000000002,8.75,-113.0,9.22,8.92,0.013,0.003,0.002,0.004,0.004,0.011,0.0069999999999999,0.0069999999999999,12041.0,16720.0,16623.0,16953.0,14334.0,14358.0,11638.0,0.0,0.0,0.0,0.0,0.0,0.0,0.0,0.0,3.387,0.0,60.18,0.0,0.0,0.0,0.0,16.0,0.0,0.0,0.0,0.0,0.0,11.51,11.66,0.0,9.54,188.2,20.72,2.0,3.474,-1.0,2.835,4.7,4901
2016-03-31 00:27:00,0.0,0.0,0.0,1113180.0,62.9,59.9,60.0,0.0,43233.0,540.0,96872.0,1069924.0,0.0,1.0,0.0,0.0,0.0,275.4,274.7,275.7,0.772,273.3,0.531,272.6,0.842,274.3,0.004,13.8,2.0,3.0,0.0,11.84,0.0,21.22,5.093,0.0,-0.0149999999999999,-0.017,-0.013,-0.3979999999999999,-0.152,0.223,0.0,16.4,9.590000000000002,9.62,8.42,9.01,9.11,8.82,-86.79999999999998,9.26,8.92,0.023,0.001,0.002,0.004,0.004,0.011,0.0069999999999999,0.0069999999999999,12041.0,16720.0,16623.0,16953.0,14334.0,14358.0,11638.0,0.0,0.0,0.0,0.0,0.0,0.0,0.0,0.0,3.374,0.0,60.24,0.0,0.0,0.0,0.0,16.0,0.0,0.0,0.0,0.0,0.0,11.56,11.6,0.0,9.57,190.9,18.42,2.0,3.474,-1.0,2.39,4.4,4901
2016-03-31 00:28:00,0.0,0.0,0.0,1113180.0,62.9,59.9,60.0,0.0,43233.0,540.0,96872.0,1069924.0,0.0,1.0,0.0,0.0,0.0,274.8,274.4,275.4,0.772,272.3,0.531,272.0,0.842,274.0,0.004,13.8,2.0,3.0,0.0,11.84,0.0,21.27,5.017,0.0,-0.013,-0.017,-0.013,-0.4,-0.152,0.223,0.0,16.41,9.590000000000002,9.68,8.439999999999998,9.01,9.11,8.83,-134.0,9.29,8.92,0.0149999999999999,0.002,0.002,0.005,0.004,0.011,0.0069999999999999,0.0069999999999999,12041.0,16720.0,16623.0,16953.0,14334.0,14358.0,11638.0,0.0,0.0,0.0,0.0,0.0,0.0,0.0,0.0,3.374,0.0,60.14,0.0,0.0,0.0,0.0,16.0,0.0,0.0,0.0,0.0,0.0,11.55,11.64,0.0,9.590000000000002,176.1,18.24,2.0,3.473,-1.0,3.093,4.9,4901
2016-03-31 00:29:00,0.0,0.0,0.0,1113180.0,62.9,59.9,60.0,0.0,43233.0,540.0,96872.0,1069924.0,0.0,1.0,0.0,0.0,0.0,274.9,274.3,275.2,0.772,272.2,0.531,272.0,0.842,274.0,0.003,13.8,2.0,3.0,0.0,11.84,0.0,21.08,5.053,0.0,-0.013,-0.017,-0.013,-0.3979999999999999,-0.152,0.223,0.0,16.41,9.63,9.71,8.439999999999998,9.01,9.11,8.9,-133.7,9.33,8.97,0.019,0.002,0.002,0.003,0.005,0.01,0.008,0.0069999999999999,12041.0,16720.0,16623.0,16953.0,14334.0,14358.0,11638.0,0.0,0.0,0.0,0.0,0.0,0.0,0.0,0.0,3.374,0.0,60.14,0.0,0.0,0.0,0.0,16.0,0.0,0.0,0.0,0.0,0.0,11.59,11.68,0.0,9.65,189.1,11.31,2.0,3.474,-1.0,2.672,5.4,4901
2016-03-31 00:30:00,0.0,0.0,0.0,1113180.0,62.9,59.9,60.0,0.0,43233.0,540.0,96872.0,1069924.0,0.0,1.0,0.0,0.0,0.0,274.7,274.4,275.3,0.772,272.5,0.531,272.0,0.842,273.8,0.003,13.8,2.0,3.0,0.0,11.84,0.0,21.2,5.067,0.0,-0.013,-0.017,-0.013,-0.402,-0.152,0.223,0.0,16.4,9.68,9.78,8.519999999999998,9.11,9.19,8.9,-134.3,9.32,9.0,0.0149999999999999,0.003,0.002,0.004,0.004,0.011,0.0069999999999999,0.0069999999999999,12041.0,16720.0,16623.0,16953.0,14334.0,14358.0,11638.0,0.0,0.0,0.0,0.0,0.0,0.0,0.0,0.0,3.374,0.0,60.22,0.0,0.0,0.0,0.0,16.0,0.0,0.0,0.0,0.0,0.0,11.58,11.69,0.0,9.7,185.3,15.22,2.0,3.474,-1.0,2.9330000000000003,4.0,4901
2016-03-31 00:31:00,0.0,0.0,0.0,1113180.0,62.9,59.9,60.0,0.0,43233.0,540.0,96872.0,1069924.0,0.0,1.0,0.0,0.0,0.0,274.7,274.2,275.1,0.772,272.0,0.531,272.0,0.842,273.1,-0.059,13.29,2.0,1.0,0.0,11.84,0.0,21.14,5.04,0.0,-0.013,-0.017,-0.013,-0.3489999999999999,-0.152,0.223,0.002,16.35,9.75,9.78,8.529999999999998,9.090000000000002,9.14,8.91,-134.0,9.36,9.0,0.006,0.002,0.002,0.004,0.005,0.01,0.0069999999999999,0.008,12041.0,16720.0,16623.0,16953.0,14334.0,14358.0,11638.0,0.0,0.0,0.0,0.0,0.0,0.0,0.0,0.0,3.374,0.0,60.16,0.0,0.0,0.0,0.0,16.0,0.0,0.0,0.0,0.0,0.0,11.58,11.66,0.0,9.73,172.7,15.72,2.0,3.472,-1.0,2.18,4.0,4901
2016-03-31 00:32:00,0.0,0.0,0.0,1113180.0,62.9,59.9,60.0,0.0,43233.0,540.0,96872.0,1069924.0,0.0,1.0,0.0,0.0,0.0,274.9,274.3,275.3,0.772,272.7,0.531,272.0,0.842,274.0,0.0559999999999999,13.51,2.0,1.0,0.0,11.85,0.0,21.23,5.084,0.0,-0.016,-0.017,-0.013,-0.4,-0.152,0.2239999999999999,0.001,16.32,9.75,9.78,8.519999999999998,9.01,9.12,8.89,-134.0,9.33,8.929999999999998,0.0149999999999999,0.002,0.002,0.004,0.004,0.011,0.006,0.0069999999999999,12041.0,16720.0,16623.0,16953.0,14334.0,14358.0,11638.0,0.0,0.0,0.0,0.0,0.0,0.0,0.0,0.0,3.374,0.0,60.22,0.0,0.0,0.0,0.0,16.0,0.0,0.0,0.0,0.0,0.0,11.56,11.59,0.0,9.71,184.0,17.48,2.0,3.474,-1.0,1.58,3.5,4901
2016-03-31 00:33:00,0.0,0.0,0.0,1113180.0,62.9,59.9,60.0,0.0,43233.0,540.0,96872.0,1069924.0,0.0,1.0,0.0,0.0,0.0,274.9,274.3,275.3,0.772,272.4,0.531,272.0,0.842,273.8,0.004,13.8,2.0,3.0,0.0,11.86,0.0,21.19,5.099,0.0,-0.017,-0.017,-0.013,-0.3979999999999999,-0.152,0.222,0.0,16.32,9.78,9.78,8.47,9.01,9.11,8.91,-85.4,9.27,8.92,0.013,0.003,0.003,0.004,0.004,0.01,0.0069999999999999,0.0069999999999999,12041.0,16720.0,16623.0,16953.0,14334.0,14358.0,11638.0,0.0,0.0,0.0,0.0,0.0,0.0,0.0,0.0,3.374,0.0,60.19,0.0,0.0,0.0,0.0,16.0,0.0,0.0,0.0,0.0,0.0,11.54,11.71,0.0,9.81,181.8,16.09,2.0,3.474,-1.0,2.56,4.0,4901
2016-03-31 00:34:00,0.0,0.0,0.0,1113180.0,62.9,59.9,60.0,0.0,43233.0,540.0,96872.0,1069924.0,0.0,1.0,0.0,0.0,0.0,274.8,274.2,275.3,0.772,272.2,0.531,272.0,0.842,273.9,0.004,13.8,2.0,3.0,0.0,11.86,0.0,21.06,5.158,0.0,-0.017,-0.017,-0.013,-0.402,-0.152,0.223,0.0,16.32,9.8,9.8,8.519999999999998,9.01,9.11,8.91,-134.2,9.28,8.92,0.017,0.003,0.003,0.004,0.005,0.011,0.0069999999999999,0.0069999999999999,12041.0,16720.0,16623.0,16953.0,14334.0,14358.0,11638.0,0.0,0.0,0.0,0.0,0.0,0.0,0.0,0.0,3.374,0.0,60.12,0.0,0.0,0.0,0.0,16.0,0.0,0.0,0.0,0.0,0.0,11.58,11.72,0.0,9.82,180.1,12.72,2.0,3.474,-1.0,3.695,6.0,4901
2016-03-31 00:35:00,0.0,0.0,0.0,1113180.0,62.9,59.9,60.0,0.0,43233.0,540.0,96872.0,1069924.0,0.0,1.0,0.0,0.0,0.0,274.8,274.3,275.3,0.772,272.6,0.531,272.1,0.842,273.8,0.003,13.8,2.0,3.0,0.0,11.86,0.0,21.22,5.122000000000001,0.0,-0.016,-0.017,-0.013,-0.4,-0.152,0.223,0.0,16.32,9.89,9.89,8.55,9.11,9.2,8.949999999999998,-117.2,9.43,9.02,0.022,0.002,0.003,0.004,0.005,0.011,0.006,0.006,12041.0,16720.0,16623.0,16953.0,14334.0,14358.0,11638.0,0.0,0.0,0.0,0.0,0.0,0.0,0.0,0.0,3.375,0.0,60.22,0.0,0.0,0.0,0.0,16.0,0.0,0.0,0.0,0.0,0.0,11.62,11.77,0.0,9.89,186.7,23.63,2.0,3.474,-1.0,2.127,4.8,4901
2016-03-31 00:36:00,0.0,0.0,0.0,1113180.0,62.9,59.9,60.0,0.0,43233.0,540.0,96872.0,1069924.0,0.0,1.0,0.0,0.0,0.0,275.5,274.9,275.8,0.772,272.9,0.531,272.9,0.842,273.9,0.003,13.8,2.0,3.0,0.0,11.86,0.0,21.18,5.218,0.0,-0.016,-0.017,-0.013,-0.402,-0.152,0.223,0.0,16.32,9.81,9.840000000000002,8.529999999999998,9.11,9.2,8.949999999999998,-134.1,9.43,9.02,0.0139999999999999,0.002,0.003,0.005,0.004,0.011,0.006,0.008,12041.0,16720.0,16623.0,16953.0,14334.0,14358.0,11638.0,0.0,0.0,0.0,0.0,0.0,0.0,0.0,0.0,3.397,0.0,60.21,0.0,0.0,0.0,0.0,16.0,0.0,0.0,0.0,0.0,0.0,11.64,11.73,0.0,9.81,180.3,18.12,2.0,3.474,-1.0,2.023,4.2,4901
2016-03-31 00:37:00,0.0,0.0,0.0,1113180.0,62.9,59.9,60.0,0.0,43233.0,540.0,96872.0,1069924.0,0.0,1.0,0.0,0.0,0.0,275.6,275.1,276.0,0.772,273.0,0.531,273.0,0.842,274.0,-0.04,13.34,2.0,1.0,0.0,11.88,0.0,21.21,5.294,0.0,-0.016,-0.017,-0.013,-0.356,-0.152,0.223,0.001,16.32,9.840000000000002,9.86,8.55,9.11,9.2,8.98,-122.2,9.4,9.02,0.008,0.003,0.002,0.004,0.004,0.01,0.0069999999999999,0.006,12041.0,16720.0,16623.0,16953.0,14334.0,14358.0,11638.0,0.0,0.0,0.0,0.0,0.0,0.0,0.0,0.0,3.48,0.0,60.23,0.0,0.0,0.0,0.0,16.0,0.0,0.0,0.0,0.0,0.0,11.66,11.75,0.0,9.88,174.9,21.02,2.0,3.474,-1.0,2.687,4.7,4901
2016-03-31 00:38:00,0.0,0.0,0.0,1113180.0,62.9,59.9,60.0,0.0,43233.0,540.0,96872.0,1069924.0,0.0,1.0,0.0,0.0,0.0,275.5,275.1,276.0,0.772,273.0,0.531,273.0,0.842,274.0,0.0449999999999999,13.4,2.0,1.0,0.0,11.89,0.0,21.19,5.292999999999999,0.0,-0.0139999999999999,-0.017,-0.013,-0.381,-0.152,0.2239999999999999,0.001,16.32,9.95,9.95,8.63,9.16,9.27,9.01,-133.9,9.51,9.08,0.018,0.002,0.002,0.003,0.004,0.011,0.006,0.0069999999999999,12041.0,16720.0,16623.0,16953.0,14334.0,14358.0,11638.0,0.0,0.0,0.0,0.0,0.0,0.0,0.0,0.0,3.509,0.0,60.15,0.0,0.0,0.0,0.0,16.0,0.0,0.0,0.0,0.0,0.0,11.75,11.92,0.0,9.98,188.0,12.52,2.0,3.473,-1.0,2.95,5.5,4901
2016-03-31 00:39:00,0.0,0.0,0.0,1113180.0,62.9,59.9,60.0,0.0,43233.0,540.0,96872.0,1069924.0,0.0,1.0,0.0,0.0,0.0,276.7,275.8,276.9,0.772,274.5,0.531,273.8,0.842,274.9,0.004,13.8,2.0,3.0,0.0,11.89,0.0,21.12,5.3,0.0,-0.013,-0.016,-0.013,-0.402,-0.152,0.223,0.0,16.32,9.97,9.97,8.72,9.24,9.3,9.11,-133.5,9.58,9.13,0.022,0.002,0.002,0.004,0.004,0.011,0.0069999999999999,0.0069999999999999,12041.0,16720.0,16623.0,16953.0,14334.0,14358.0,11638.0,0.0,0.0,0.0,0.0,0.0,0.0,0.0,0.0,3.559,0.0,60.14,0.0,0.0,0.0,0.0,16.0,0.0,0.0,0.0,0.0,0.0,11.75,11.86,0.0,9.99,175.2,12.22,2.0,3.474,-1.0,3.022,5.2,4901
2016-03-31 00:40:00,0.0,0.0,0.0,1113180.0,62.9,59.9,60.0,0.0,43233.0,540.0,96872.0,1069924.0,0.0,1.0,0.0,0.0,0.0,276.7,276.3,277.3,0.772,275.0,0.531,274.0,0.842,275.0,0.004,13.8,2.0,3.0,0.0,11.89,0.0,21.17,5.315,0.0,-0.013,-0.016,-0.013,-0.396,-0.152,0.223,0.0,16.3,9.97,9.97,8.72,9.28,9.3,9.13,-133.7,9.57,9.18,0.011,0.002,0.002,0.004,0.004,0.011,0.006,0.0069999999999999,12041.0,16720.0,16623.0,16953.0,14334.0,14358.0,11638.0,0.0,0.0,0.0,0.0,0.0,0.0,0.0,0.0,3.638,0.0,60.19,0.0,0.0,0.0,0.0,16.0,0.0,0.0,0.0,0.0,0.0,11.74,11.84,0.0,10.02,189.2,14.18,2.0,3.474,-1.0,2.76,4.0,4901
2016-03-31 00:41:00,0.0,0.0,0.0,1113180.0,62.9,59.9,60.0,0.0,43233.0,540.0,96872.0,1069924.0,0.0,1.0,0.0,0.0,0.0,276.8,276.2,277.3,0.772,275.0,0.531,274.0,0.842,275.3,0.003,13.8,2.0,3.0,0.0,11.89,0.0,21.26,5.34,0.0,-0.013,-0.016,-0.013,-0.3939999999999999,-0.152,0.223,0.0,16.24,9.97,9.97,8.72,9.2,9.27,9.13,-133.4,9.53,9.11,0.011,0.002,0.002,0.004,0.005,0.01,0.0069999999999999,0.0069999999999999,12041.0,16720.0,16623.0,16953.0,14334.0,14358.0,11638.0,0.0,0.0,0.0,0.0,0.0,0.0,0.0,0.0,3.644,0.0,60.14,0.0,0.0,0.0,0.0,16.0,0.0,0.0,0.0,0.0,0.0,11.75,11.91,0.0,9.93,180.9,21.27,2.0,3.474,-1.0,1.7719999999999998,3.4,4901
2016-03-31 00:42:00,0.0,0.0,0.0,1113180.0,62.9,59.9,60.0,0.0,43233.0,540.0,96872.0,1069924.0,0.0,1.0,0.0,0.0,0.0,277.2,276.0,277.1,0.772,275.0,0.531,274.0,0.842,275.1,0.003,13.8,2.0,3.0,0.0,11.9,0.0,21.13,5.35,0.0,-0.013,-0.017,-0.013,-0.4039999999999999,-0.152,0.223,0.0,16.24,9.97,9.97,8.72,9.2,9.3,9.1,-133.9,9.51,9.11,0.024,0.003,0.002,0.004,0.004,0.01,0.0069999999999999,0.008,12041.0,16720.0,16623.0,16953.0,14334.0,14358.0,11638.0,0.0,0.0,0.0,0.0,0.0,0.0,0.0,0.0,3.644,0.0,60.15,0.0,0.0,0.0,0.0,16.0,0.0,0.0,0.0,0.0,0.0,11.8,11.89,0.0,9.94,177.5,25.28,2.0,3.474,-1.0,2.188,4.5,4901
2016-03-31 00:43:00,0.0,0.0,0.0,1113180.0,62.9,59.9,60.0,0.0,43233.0,540.0,96872.0,1069924.0,0.0,1.0,0.0,0.0,0.0,276.8,276.0,277.2,0.772,275.0,0.531,274.0,0.842,275.0,-0.006,13.55,2.0,1.0,0.0,11.91,0.0,21.17,5.3660000000000005,0.0,-0.013,-0.017,-0.013,-0.324,-0.152,0.222,0.001,16.22,10.02,9.98,8.72,9.27,9.33,9.1,-107.8,9.54,9.13,0.009,0.002,0.002,0.003,0.004,0.011,0.0069999999999999,0.0069999999999999,12041.0,16720.0,16623.0,16953.0,14334.0,14358.0,11638.0,0.0,0.0,0.0,0.0,0.0,0.0,0.0,0.0,3.644,0.0,60.14,0.0,0.0,0.0,0.0,16.0,0.0,0.0,0.0,0.0,0.0,11.77,11.95,0.0,10.01,186.0,12.98,2.0,3.474,-1.0,2.617,4.1,4901
2016-03-31 00:44:00,0.0,0.0,0.0,1113180.0,62.9,59.9,60.0,0.0,43233.0,540.0,96872.0,1069924.0,0.0,1.0,0.0,0.0,0.0,276.8,276.1,277.2,0.772,275.0,0.531,274.0,0.842,275.2,0.012,13.61,2.0,3.0,0.0,11.91,0.0,21.16,5.392,0.0,-0.013,-0.017,-0.013,-0.387,-0.152,0.223,0.001,16.21,9.97,9.97,8.74,9.29,9.32,9.15,-112.5,9.53,9.11,0.0149999999999999,0.002,0.001,0.003,0.004,0.01,0.006,0.0069999999999999,12041.0,16720.0,16623.0,16953.0,14334.0,14358.0,11638.0,0.0,0.0,0.0,0.0,0.0,0.0,0.0,0.0,3.644,0.0,60.14,0.0,0.0,0.0,0.0,16.0,0.0,0.0,0.0,0.0,0.0,11.79,11.95,0.0,9.97,171.5,16.09,2.0,3.473,-1.0,2.365,3.9,4901
2016-03-31 00:45:00,0.0,0.0,0.0,1113180.0,62.9,59.9,60.0,0.0,43233.0,540.0,96872.0,1069924.0,0.0,1.0,0.0,0.0,0.0,277.0,276.1,277.1,0.772,275.0,0.531,274.0,0.842,275.0,0.003,13.8,2.0,3.0,0.0,11.93,0.0,21.17,5.336,0.0,-0.013,-0.017,-0.013,-0.396,-0.152,0.223,0.0,16.18,9.98,9.97,8.72,9.3,9.38,9.11,-133.8,9.590000000000002,9.18,0.018,0.002,0.002,0.003,0.004,0.01,0.0069999999999999,0.0069999999999999,12041.0,16720.0,16623.0,16953.0,14334.0,14358.0,11638.0,0.0,0.0,0.0,0.0,0.0,0.0,0.0,0.0,3.644,0.0,60.17,0.0,0.0,0.0,0.0,16.0,0.0,0.0,0.0,0.0,0.0,11.79,11.95,0.0,9.99,193.5,22.22,2.0,3.474,-1.0,2.235,3.8,4901
2016-03-31 00:46:00,0.0,0.0,0.0,1113180.0,62.9,59.9,60.0,0.0,43233.0,540.0,96872.0,1069924.0,0.0,1.0,0.0,0.0,0.0,277.1,276.1,277.2,0.772,275.0,0.531,274.0,0.842,275.0,0.003,13.8,2.0,3.0,0.0,11.93,0.0,21.18,5.36,0.0,-0.013,-0.017,-0.013,-0.389,-0.152,0.223,0.0,16.19,10.03,10.08,8.74,9.3,9.4,9.13,-134.3,9.58,9.19,0.004,0.003,0.002,0.004,0.004,0.011,0.006,0.006,12041.0,16720.0,16623.0,16953.0,14334.0,14358.0,11638.0,0.0,0.0,0.0,0.0,0.0,0.0,0.0,0.0,3.644,0.0,60.21,0.0,0.0,0.0,0.0,16.0,0.0,0.0,0.0,0.0,0.0,11.85,11.99,0.0,10.05,184.3,15.74,2.0,3.474,-1.0,3.198,4.6,4901
2016-03-31 00:47:00,0.0,0.0,0.0,1113180.0,62.9,59.9,60.0,0.0,43233.0,540.0,96872.0,1069924.0,0.0,1.0,0.0,0.0,0.0,276.9,276.2,277.2,0.772,275.0,0.531,274.0,0.842,275.2,0.003,13.8,2.0,3.0,0.0,11.93,0.0,21.21,5.393,0.0,-0.013,-0.0149999999999999,-0.013,-0.3939999999999999,-0.152,0.223,0.0,16.21,10.15,10.15,8.84,9.37,9.5,9.23,-107.6,9.69,9.27,0.019,0.002,0.002,0.004,0.004,0.011,0.006,0.0069999999999999,12041.0,16720.0,16623.0,16953.0,14334.0,14358.0,11638.0,0.0,0.0,0.0,0.0,0.0,0.0,0.0,0.0,3.644,0.0,60.21,0.0,0.0,0.0,0.0,16.0,0.0,0.0,0.0,0.0,0.0,11.91,12.05,0.0,10.16,198.5,18.37,2.0,3.474,-1.0,2.895,4.3,4901
2016-03-31 00:48:00,0.0,0.0,0.0,1113180.0,62.9,59.9,60.0,0.0,43233.0,540.0,96872.0,1069924.0,0.0,1.0,0.0,0.0,0.0,277.2,276.2,277.1,0.772,275.0,0.531,274.0,0.842,275.3,0.003,13.8,2.0,3.0,0.0,11.94,0.0,21.23,5.39,0.0,-0.013,-0.013,-0.013,-0.392,-0.152,0.223,0.0,16.19,10.13,10.13,8.9,9.41,9.49,9.26,-133.9,9.74,9.39,0.02,0.001,0.003,0.004,0.004,0.01,0.006,0.0069999999999999,12041.0,16720.0,16623.0,16953.0,14334.0,14358.0,11638.0,0.0,0.0,0.0,0.0,0.0,0.0,0.0,0.0,3.647,0.0,60.19,0.0,0.0,0.0,0.0,16.0,0.0,0.0,0.0,0.0,0.0,11.95,12.03,0.0,10.08,187.2,16.81,2.0,3.473,-1.0,2.382,3.5,4901
2016-03-31 00:49:00,0.0,0.0,0.0,1113180.0,62.9,59.9,60.0,0.0,43233.0,540.0,96872.0,1069924.0,0.0,1.0,0.0,0.0,0.0,276.9,276.4,277.3,0.772,275.0,0.531,274.0,0.842,275.2,-0.002,13.56,2.0,1.0,0.0,11.96,0.0,21.21,5.406000000000001,0.0,-0.013,-0.013,-0.013,-0.311,-0.152,0.223,0.001,16.16,10.07,10.07,8.849999999999998,9.4,9.49,9.21,-133.4,9.670000000000002,9.3,0.0149999999999999,0.002,0.002,0.003,0.005,0.01,0.0069999999999999,0.0069999999999999,12041.0,16720.0,16623.0,16953.0,14334.0,14358.0,11638.0,0.0,0.0,0.0,0.0,0.0,0.0,0.0,0.0,3.692,0.0,60.15,0.0,0.0,0.0,0.0,16.0,0.0,0.0,0.0,0.0,0.0,11.94,11.98,0.0,10.02,180.7,18.89,2.0,3.474,-1.0,2.03,3.0,4901
2016-03-31 00:50:00,0.0,0.0,0.0,1113180.0,62.9,59.9,60.0,0.0,43233.0,540.0,96872.0,1069924.0,0.0,1.0,0.0,0.0,0.0,276.8,276.1,277.2,0.772,274.6,0.531,274.0,0.842,275.0,0.008,13.76,2.0,3.0,0.0,11.96,0.0,21.28,5.52,0.0,-0.013,-0.0139999999999999,-0.013,-0.385,-0.152,0.223,0.0,16.21,10.11,10.12,8.849999999999998,9.4,9.46,9.24,-133.8,9.65,9.32,0.019,0.002,0.002,0.004,0.004,0.01,0.006,0.0069999999999999,12041.0,16720.0,16623.0,16953.0,14334.0,14358.0,11638.0,0.0,0.0,0.0,0.0,0.0,0.0,0.0,0.0,3.735,0.0,60.15,0.0,0.0,0.0,0.0,16.0,0.0,0.0,0.0,0.0,0.0,11.93,11.99,0.0,10.11,172.9,12.62,2.0,3.475,-1.0,2.277,3.3,4901
2016-03-31 00:51:00,0.0,0.0,0.0,1113180.0,62.9,59.9,60.0,0.0,43233.0,540.0,96872.0,1069924.0,0.0,1.0,0.0,0.0,0.0,276.8,276.1,277.1,0.772,274.5,0.531,274.0,0.842,275.0,0.003,13.8,2.0,3.0,0.0,11.97,0.0,21.16,5.502999999999999,0.0,-0.013,-0.0139999999999999,-0.013,-0.387,-0.152,0.223,0.0,16.15,10.12,10.16,8.9,9.4,9.48,9.26,-133.4,9.7,9.4,0.0139999999999999,0.002,0.001,0.003,0.004,0.011,0.006,0.006,12041.0,16720.0,16623.0,16953.0,14334.0,14358.0,11638.0,0.0,0.0,0.0,0.0,0.0,0.0,0.0,0.0,3.779,0.0,60.15,0.0,0.0,0.0,0.0,16.0,0.0,0.0,0.0,0.0,0.0,11.94,12.05,0.0,10.05,180.6,12.56,2.0,3.474,-1.0,1.775,2.7,4901
2016-03-31 00:52:00,0.0,0.0,0.0,1113180.0,62.9,59.9,60.0,0.0,43233.0,540.0,96872.0,1069924.0,0.0,1.0,0.0,0.0,0.0,277.0,275.9,277.0,0.772,274.9,0.531,274.0,0.842,275.0,0.003,13.8,2.0,3.0,0.0,11.98,0.0,21.21,5.505,0.0,-0.013,-0.017,-0.013,-0.389,-0.152,0.223,0.0,16.18,10.1,10.16,8.9,9.4,9.49,9.24,-112.1,9.72,9.340000000000002,0.013,0.002,0.002,0.003,0.004,0.011,0.0069999999999999,0.006,12041.0,16720.0,16623.0,16953.0,14334.0,14358.0,11638.0,0.0,0.0,0.0,0.0,0.0,0.0,0.0,0.0,3.779,0.0,60.17,0.0,0.0,0.0,0.0,16.0,0.0,0.0,0.0,0.0,0.0,11.95,12.06,0.0,10.07,186.3,19.32,2.0,3.474,-1.0,1.517,2.4,4901
2016-03-31 00:53:00,0.0,0.0,0.0,1113180.0,62.9,59.9,60.0,0.0,43233.0,540.0,96872.0,1069924.0,0.0,1.0,0.0,0.0,0.0,276.9,276.1,277.1,0.772,274.8,0.531,274.0,0.842,275.0,0.003,13.8,2.0,3.0,0.0,11.98,0.0,21.21,5.528,0.0,-0.0149999999999999,-0.017,-0.013,-0.387,-0.152,0.223,0.0,16.17,10.07,10.16,8.88,9.4,9.49,9.26,-133.6,9.65,9.3,0.018,0.001,0.002,0.004,0.004,0.011,0.006,0.006,12041.0,16720.0,16623.0,16953.0,14334.0,14358.0,11638.0,0.0,0.0,0.0,0.0,0.0,0.0,0.0,0.0,3.875,0.0,60.24,0.0,0.0,0.0,0.0,16.0,0.0,0.0,0.0,0.0,0.0,11.92,12.09,0.0,10.06,176.9,17.67,2.0,3.474,-1.0,2.073,4.9,4901
2016-03-31 00:54:00,0.0,0.0,0.0,1113180.0,62.9,59.9,60.0,0.0,43233.0,540.0,96872.0,1069924.0,0.0,1.0,0.0,0.0,0.0,276.9,276.1,277.1,0.772,274.9,0.531,274.0,0.842,275.0,0.005,13.8,2.0,3.0,0.0,11.99,0.0,21.19,5.567,0.0,-0.0139999999999999,-0.017,-0.013,-0.3599999999999999,-0.152,0.223,0.0,16.16,10.16,10.16,8.92,9.48,9.49,9.31,-133.6,9.73,9.35,0.008,0.001,0.002,0.004,0.004,0.011,0.006,0.006,12041.0,16720.0,16623.0,16953.0,14334.0,14358.0,11638.0,0.0,0.0,0.0,0.0,0.0,0.0,0.0,0.0,3.914,0.0,60.22,0.0,0.0,0.0,0.0,16.0,0.0,0.0,0.0,0.0,0.0,11.99,12.13,0.0,10.1,173.4,16.96,2.0,3.474,-1.0,3.117,5.4,4901
2016-03-31 00:55:00,0.0,0.0,0.0,1113180.0,62.9,59.9,60.0,0.0,43233.0,540.0,96872.0,1069924.0,0.0,1.0,0.0,0.0,0.0,276.9,276.2,277.2,0.772,275.0,0.531,274.0,0.842,275.0,0.001,13.48,2.0,1.0,0.0,12.0,0.0,21.2,5.7010000000000005,0.0,-0.013,-0.016,-0.013,-0.389,-0.152,0.223,0.001,16.15,10.12,10.16,8.92,9.49,9.54,9.31,-133.6,9.78,9.4,0.019,0.003,0.003,0.003,0.004,0.011,0.006,0.0069999999999999,12041.0,16720.0,16623.0,16953.0,14334.0,14358.0,11638.0,0.0,0.0,0.0,0.0,0.0,0.0,0.0,0.0,3.914,0.0,60.21,0.0,0.0,0.0,0.0,16.0,0.0,0.0,0.0,0.0,0.0,12.01,12.06,0.0,10.11,180.7,21.31,2.0,3.474,-1.0,1.915,3.3,4901
2016-03-31 00:56:00,0.0,0.0,0.0,1113180.0,62.9,59.9,60.0,0.0,43233.0,540.0,96872.0,1069924.0,0.0,1.0,0.0,0.0,0.0,276.7,276.2,277.2,0.772,275.0,0.531,274.0,0.842,275.0,0.004,13.8,2.0,3.0,0.0,12.0,0.0,21.19,5.704,0.0,-0.013,-0.0139999999999999,-0.013,-0.3939999999999999,-0.152,0.223,0.0,16.13,10.19,10.29,9.02,9.51,9.57,9.36,-111.7,9.840000000000002,9.45,0.0139999999999999,0.003,0.001,0.004,0.004,0.01,0.006,0.006,12041.0,16720.0,16623.0,16953.0,14334.0,14358.0,11638.0,0.0,0.0,0.0,0.0,0.0,0.0,0.0,0.0,3.914,0.0,60.21,0.0,0.0,0.0,0.0,16.0,0.0,0.0,0.0,0.0,0.0,12.06,12.2,0.0,10.18,194.1,17.51,2.0,3.473,-1.0,3.638,5.4,4901
2016-03-31 00:57:00,0.0,0.0,0.0,1113180.0,62.9,59.9,60.0,0.0,43233.0,540.0,96872.0,1069924.0,0.0,1.0,0.0,0.0,0.0,276.7,276.2,277.2,0.772,275.0,0.531,274.0,0.842,275.0,0.003,13.8,2.0,3.0,0.0,12.02,0.0,21.13,5.787000000000001,0.0,-0.011,-0.013,-0.011,-0.377,-0.152,0.223,0.0,16.12,10.32,10.35,9.13,9.65,9.68,9.49,-112.0,9.89,9.590000000000002,0.0139999999999999,0.002,0.002,0.003,0.004,0.01,0.006,0.0069999999999999,12041.0,16720.0,16623.0,16953.0,14334.0,14358.0,11638.0,0.0,0.0,0.0,0.0,0.0,0.0,0.0,0.0,3.972,0.0,60.23,0.0,0.0,0.0,0.0,16.0,0.0,0.0,0.0,0.0,0.0,12.16,12.27,0.0,10.27,186.9,13.52,2.0,3.474,-1.0,2.905,5.0,4901
2016-03-31 00:58:00,0.0,0.0,0.0,1113180.0,62.9,59.9,60.0,0.0,43233.0,540.0,96872.0,1069924.0,0.0,1.0,0.0,0.0,0.0,276.7,276.2,277.2,0.772,274.5,0.531,274.0,0.842,275.0,0.003,13.8,2.0,3.0,0.0,12.02,0.0,21.17,5.792000000000001,0.0,-0.01,-0.013,-0.01,-0.385,-0.152,0.223,0.0,16.16,10.35,10.37,9.18,9.68,9.8,9.51,-133.3,9.91,9.61,0.0139999999999999,0.001,0.002,0.003,0.005,0.01,0.0069999999999999,0.006,12041.0,16720.0,16623.0,16953.0,14334.0,14358.0,11638.0,0.0,0.0,0.0,0.0,0.0,0.0,0.0,0.0,4.049,0.0,60.15,0.0,0.0,0.0,0.0,16.0,0.0,0.0,0.0,0.0,0.0,12.17,12.27,0.0,10.28,199.2,12.76,2.0,3.474,-1.0,2.718,4.7,4901
2016-03-31 00:59:00,0.0,0.0,0.0,1113180.0,62.9,59.9,60.0,0.0,43233.0,540.0,96872.0,1069924.0,0.0,1.0,0.0,0.0,0.0,276.8,276.0,277.0,0.772,274.1,0.531,274.0,0.842,275.0,0.003,13.8,2.0,3.0,0.0,12.03,0.0,21.25,5.846,0.0,-0.01,-0.013,-0.01,-0.3939999999999999,-0.152,0.223,0.0,16.15,10.42,10.44,9.27,9.82,9.88,9.61,-133.3,9.94,9.75,0.022,0.002,0.002,0.003,0.004,0.009,0.006,0.0069999999999999,12041.0,16720.0,16623.0,16953.0,14334.0,14358.0,11638.0,0.0,0.0,0.0,0.0,0.0,0.0,0.0,0.0,4.125,0.0,60.14,0.0,0.0,0.0,0.0,16.0,0.0,0.0,0.0,0.0,0.0,12.27,12.34,0.0,10.43,192.2,16.93,2.0,3.474,-1.0,3.71,6.8,4901
2016-03-31 01:00:00,0.0,0.0,0.0,1113180.0,62.9,59.9,60.0,0.0,43233.0,540.0,96872.0,1069924.0,0.0,1.0,0.0,0.0,0.0,277.1,275.9,277.0,0.772,274.7,0.531,274.0,0.842,275.0,-0.031,13.28,2.0,1.0,0.0,12.05,0.0,21.06,5.85,0.0,-0.01,-0.013,-0.01,-0.336,-0.152,0.222,0.001,16.12,10.45,10.45,9.3,9.85,9.88,9.61,-133.2,9.99,9.78,0.018,0.001,0.002,0.003,0.004,0.01,0.006,0.006,12041.0,16720.0,16623.0,16953.0,14334.0,14358.0,11638.0,0.0,0.0,0.0,0.0,0.0,0.0,0.0,0.0,4.182,0.0,60.13,0.0,0.0,0.0,0.0,16.0,0.0,0.0,0.0,0.0,0.0,12.18,12.26,0.0,10.44,186.3,14.74,2.0,3.474,-1.0,2.875,4.7,4901
2016-03-31 01:01:00,0.0,0.0,0.0,1113180.0,62.9,59.9,60.0,0.0,43233.0,540.0,96872.0,1069924.0,0.0,1.0,0.0,0.0,0.0,276.7,276.0,277.0,0.772,274.3,0.531,274.0,0.842,275.0,0.0459999999999999,13.26,2.0,1.0,0.0,12.06,0.0,21.22,5.899,0.0,-0.01,-0.013,-0.01,-0.313,-0.152,0.2269999999999999,0.002,16.12,10.43,10.45,9.3,9.83,9.88,9.61,-132.9,9.99,9.78,0.022,0.001,0.002,0.003,0.004,0.01,0.006,0.006,12041.0,16720.0,16623.0,16953.0,14334.0,14358.0,11638.0,0.0,0.0,0.0,0.0,0.0,0.0,0.0,0.0,4.184,0.0,60.14,0.0,0.0,0.0,0.0,16.0,0.0,0.0,0.0,0.0,0.0,12.17,12.2,0.0,10.38,180.9,18.54,2.0,3.474,-1.0,2.465,4.5,4901
2016-03-31 01:02:00,0.0,0.0,0.0,1113180.0,62.9,59.9,60.0,0.0,43233.0,540.0,96872.0,1069924.0,0.0,1.0,0.0,0.0,0.0,276.6,276.0,277.1,0.772,274.0,0.531,274.0,0.842,275.0,-0.008,13.8,2.0,3.0,0.0,12.07,0.0,21.17,5.916,0.0,-0.01,-0.013,-0.01,-0.381,-0.152,0.222,0.001,16.12,10.45,10.5,9.37,9.88,9.88,9.71,-133.0,10.04,9.78,0.022,0.002,0.001,0.003,0.004,0.01,0.006,0.0069999999999999,12041.0,16720.0,16623.0,16953.0,14334.0,14358.0,11638.0,0.0,0.0,0.0,0.0,0.0,0.0,0.0,0.0,4.184,0.0,60.14,0.0,0.0,0.0,0.0,16.0,0.0,0.0,0.0,0.0,0.0,12.17,12.21,0.0,10.43,175.2,10.91,2.0,3.474,-1.0,3.503,5.3,4901
2016-03-31 01:03:00,0.0,0.0,0.0,1113180.0,62.9,59.9,60.0,0.0,43233.0,540.0,96872.0,1069924.0,0.0,1.0,0.0,0.0,0.0,276.7,276.1,277.1,0.772,274.9,0.531,274.0,0.842,275.0,0.004,13.8,2.0,3.0,0.0,12.08,0.0,21.16,5.938,0.0,-0.01,-0.013,-0.01,-0.379,-0.152,0.223,0.0,16.12,10.45,10.48,9.38,9.86,9.88,9.71,-133.5,10.07,9.78,0.013,0.001,0.001,0.003,0.003,0.01,0.0069999999999999,0.0069999999999999,12041.0,16720.0,16623.0,16953.0,14334.0,14358.0,11638.0,0.0,0.0,0.0,0.0,0.0,0.0,0.0,0.0,4.183,0.0,60.14,0.0,0.0,0.0,0.0,16.0,0.0,0.0,0.0,0.0,0.0,12.13,12.14,0.0,10.4,173.8,16.22,2.0,3.474,-1.0,1.933,3.1,4901
2016-03-31 01:04:00,0.0,0.0,0.0,1113180.0,62.9,59.9,60.0,0.0,43233.0,540.0,96872.0,1069924.0,0.0,1.0,0.0,0.0,0.0,277.0,276.0,277.0,0.772,275.0,0.531,274.0,0.842,275.0,0.003,13.8,2.0,3.0,0.0,12.09,0.0,21.18,5.936,0.0,-0.011,-0.013,-0.01,-0.377,-0.152,0.223,0.0,16.12,10.45,10.45,9.37,9.8,9.88,9.71,-133.0,10.07,9.77,0.006,0.002,0.001,0.003,0.005,0.01,0.006,0.0069999999999999,12041.0,16720.0,16623.0,16953.0,14334.0,14358.0,11638.0,0.0,0.0,0.0,0.0,0.0,0.0,0.0,0.0,4.183,0.0,60.15,0.0,0.0,0.0,0.0,16.0,0.0,0.0,0.0,0.0,0.0,12.1,12.2,0.0,10.45,172.7,21.96,2.0,3.474,-1.0,2.435,3.8,4901
2016-03-31 01:05:00,0.0,0.0,0.0,1113180.0,62.9,59.9,60.0,0.0,43233.0,540.0,96872.0,1069924.0,0.0,1.0,0.0,0.0,0.0,277.0,276.1,277.1,0.772,275.0,0.531,274.0,0.842,275.0,0.003,13.8,2.0,3.0,0.0,12.1,0.0,21.22,5.938,0.0,-0.012,-0.013,-0.01,-0.372,-0.152,0.223,0.0,16.12,10.53,10.55,9.4,9.88,9.93,9.75,-133.3,10.12,9.85,0.019,0.002,0.001,0.003,0.004,0.01,0.006,0.0069999999999999,12041.0,16720.0,16623.0,16953.0,14334.0,14358.0,11638.0,0.0,0.0,0.0,0.0,0.0,0.0,0.0,0.0,4.183,0.0,60.13,0.0,0.0,0.0,0.0,16.0,0.0,0.0,0.0,0.0,0.0,12.17,12.34,0.0,10.52,182.1,16.04,2.0,3.474,-1.0,3.087,6.6,4901
2016-03-31 01:06:00,0.0,0.0,0.0,1113180.0,62.9,59.9,60.0,0.0,43233.0,540.0,96872.0,1069924.0,0.0,1.0,0.0,0.0,0.0,276.9,276.1,277.1,0.772,275.0,0.531,274.0,0.842,275.0,0.006,13.8,2.0,3.0,0.0,12.12,0.0,21.14,5.938,0.0,-0.01,-0.013,-0.01,-0.32,-0.152,0.223,0.0,16.12,10.55,10.61,9.49,9.91,9.94,9.81,-133.5,10.23,9.9,0.01,0.001,0.002,0.002,0.004,0.01,0.0069999999999999,0.006,12041.0,16720.0,16623.0,16953.0,14334.0,14358.0,11638.0,0.0,0.0,0.0,0.0,0.0,0.0,0.0,0.0,4.183,0.0,60.17,0.0,0.0,0.0,0.0,16.0,0.0,0.0,0.0,0.0,0.0,12.22,12.32,0.0,10.52,179.3,22.82,2.0,3.474,-1.0,2.197,4.7,4901
2016-03-31 01:07:00,0.0,0.0,0.0,1113180.0,62.9,59.9,60.0,0.0,43233.0,540.0,96872.0,1069924.0,0.0,1.0,0.0,0.0,0.0,276.9,276.1,277.0,0.772,274.8,0.531,274.0,0.842,275.0,-0.009,13.34,2.0,1.0,0.0,12.12,0.0,21.19,5.895,0.0,-0.012,-0.013,-0.012,-0.37,-0.152,0.2239999999999999,0.001,16.12,10.55,10.55,9.48,9.89,9.94,9.79,-133.0,10.13,9.85,0.023,0.001,0.002,0.003,0.004,0.01,0.005,0.0069999999999999,12041.0,16720.0,16623.0,16953.0,14334.0,14358.0,11638.0,0.0,0.0,0.0,0.0,0.0,0.0,0.0,0.0,4.183,0.0,60.23,0.0,0.0,0.0,0.0,16.0,0.0,0.0,0.0,0.0,0.0,12.2,12.26,0.0,10.48,183.5,16.24,2.0,3.474,-1.0,1.86,3.3,4901
2016-03-31 01:08:00,0.0,0.0,0.0,1113180.0,62.9,59.9,60.0,0.0,43233.0,540.0,96872.0,1069924.0,0.0,1.0,0.0,0.0,0.0,276.9,276.2,277.2,0.772,275.0,0.531,274.0,0.842,275.0,0.012,13.72,2.0,3.0,0.0,12.13,0.0,21.19,5.915,0.0,-0.013,-0.013,-0.013,-0.3639999999999999,-0.152,0.223,0.001,16.12,10.51,10.55,9.41,9.88,9.89,9.79,-133.0,10.08,9.73,0.013,0.002,0.001,0.003,0.004,0.011,0.005,0.0069999999999999,12041.0,16720.0,16623.0,16953.0,14334.0,14358.0,11638.0,0.0,0.0,0.0,0.0,0.0,0.0,0.0,0.0,4.159,0.0,60.21,0.0,0.0,0.0,0.0,16.0,0.0,0.0,0.0,0.0,0.0,12.16,12.23,0.0,10.44,184.3,13.07,2.0,3.473,-1.0,2.233,3.1,4901
2016-03-31 01:09:00,0.0,0.0,0.0,1113180.0,62.9,59.9,60.0,0.0,43233.0,540.0,96872.0,1069924.0,0.0,1.0,0.0,0.0,0.0,277.0,276.3,277.2,0.772,275.0,0.531,274.0,0.842,275.0,0.004,13.8,2.0,3.0,0.0,12.14,0.0,21.17,5.831,0.0,-0.013,-0.013,-0.013,-0.3829999999999999,-0.152,0.223,0.0,16.12,10.52,10.55,9.4,9.88,9.91,9.78,-112.0,10.07,9.73,0.013,0.001,0.002,0.003,0.003,0.009,0.006,0.006,12041.0,16720.0,16623.0,16953.0,14334.0,14358.0,11638.0,0.0,0.0,0.0,0.0,0.0,0.0,0.0,0.0,4.063,0.0,60.22,0.0,0.0,0.0,0.0,16.0,0.0,0.0,0.0,0.0,0.0,12.18,12.22,0.0,10.48,191.8,11.33,2.0,3.474,-1.0,2.4330000000000003,3.5,4901
2016-03-31 01:10:00,0.0,0.0,0.0,1113180.0,62.9,59.9,60.0,0.0,43233.0,540.0,96872.0,1069924.0,0.0,1.0,0.0,0.0,0.0,277.0,276.2,277.1,0.772,275.0,0.531,274.0,0.842,275.0,0.003,13.8,2.0,3.0,0.0,12.16,0.0,21.19,5.696000000000001,0.0,-0.013,-0.013,-0.013,-0.377,-0.152,0.223,0.0,16.12,10.55,10.55,9.4,9.88,9.94,9.81,-133.0,10.07,9.81,0.009,0.002,0.002,0.003,0.004,0.01,0.006,0.0069999999999999,12041.0,16720.0,16623.0,16953.0,14334.0,14358.0,11638.0,0.0,0.0,0.0,0.0,0.0,0.0,0.0,0.0,3.945,0.0,60.23,0.0,0.0,0.0,0.0,16.0,0.0,0.0,0.0,0.0,0.0,12.18,12.3,0.0,10.52,191.8,12.89,2.0,3.474,-1.0,2.66,4.4,4901
2016-03-31 01:11:00,0.0,0.0,0.0,1113180.0,62.9,59.9,60.0,0.0,43233.0,540.0,96872.0,1069924.0,0.0,1.0,0.0,0.0,0.0,277.0,276.2,277.0,0.772,275.0,0.531,274.0,0.842,275.0,0.003,13.8,2.0,3.0,0.0,12.16,0.0,21.24,5.575,0.0,-0.013,-0.013,-0.012,-0.381,-0.152,0.223,0.0,16.12,10.64,10.64,9.46,9.920000000000002,9.97,9.81,-106.7,10.12,9.86,0.011,0.001,0.001,0.003,0.004,0.01,0.006,0.006,12041.0,16720.0,16623.0,16953.0,14334.0,14358.0,11638.0,0.0,0.0,0.0,0.0,0.0,0.0,0.0,0.0,3.913,0.0,60.16,0.0,0.0,0.0,0.0,16.0,0.0,0.0,0.0,0.0,0.0,12.21,12.36,0.0,10.57,180.7,10.49,2.0,3.473,-1.0,2.765,4.1,4901
2016-03-31 01:12:00,0.0,0.0,0.0,1113180.0,62.9,59.9,60.0,0.0,43233.0,540.0,96872.0,1069924.0,0.0,1.0,0.0,0.0,0.0,277.1,276.2,277.0,0.772,275.0,0.531,274.0,0.842,275.0,0.003,13.8,2.0,3.0,0.0,12.17,0.0,21.15,5.617000000000001,0.0,-0.013,-0.013,-0.012,-0.372,-0.152,0.223,0.0,16.12,10.6,10.61,9.48,9.87,9.96,9.81,-107.3,10.1,9.79,0.0149999999999999,0.002,0.002,0.003,0.004,0.011,0.006,0.006,12041.0,16720.0,16623.0,16953.0,14334.0,14358.0,11638.0,0.0,0.0,0.0,0.0,0.0,0.0,0.0,0.0,3.848,0.0,60.19,0.0,0.0,0.0,0.0,16.0,0.0,0.0,0.0,0.0,0.0,12.23,12.29,0.0,10.56,174.3,12.28,2.0,3.473,-1.0,2.242,3.6,4901
2016-03-31 01:13:00,0.0,0.0,0.0,1113180.0,62.9,59.9,60.0,0.0,43233.0,540.0,96872.0,1069924.0,0.0,1.0,0.0,0.0,0.0,277.0,276.2,277.0,0.772,275.0,0.531,274.0,0.842,275.0,-0.1419999999999999,13.23,2.0,1.0,0.0,12.18,0.0,21.13,5.426,0.0,-0.013,-0.013,-0.013,-0.3529999999999999,-0.152,0.226,0.003,16.12,10.61,10.63,9.43,9.91,9.97,9.81,-133.3,10.17,9.81,0.019,0.001,0.001,0.003,0.004,0.01,0.006,0.006,12041.0,16720.0,16623.0,16953.0,14334.0,14358.0,11638.0,0.0,0.0,0.0,0.0,0.0,0.0,0.0,0.0,3.773,0.0,60.14,0.0,0.0,0.0,0.0,16.0,0.0,0.0,0.0,0.0,0.0,12.19,12.3,0.0,10.6,188.4,10.24,2.0,3.474,-1.0,2.197,4.5,4901
2016-03-31 01:14:00,0.0,0.0,0.0,1113180.0,62.9,59.9,60.0,0.0,43233.0,540.0,96872.0,1069924.0,0.0,1.0,0.0,0.0,0.0,277.1,276.1,277.0,0.772,275.0,0.531,274.0,0.842,275.0,0.144,13.23,2.0,1.0,0.0,12.19,0.0,21.16,5.415,0.0,-0.013,-0.013,-0.012,-0.3489999999999999,-0.152,0.225,0.003,16.12,10.77,10.79,9.51,10.01,10.09,9.86,-133.3,10.25,9.9,0.013,0.001,0.001,0.002,0.004,0.01,0.0069999999999999,0.0069999999999999,12041.0,16720.0,16623.0,16953.0,14334.0,14358.0,11638.0,0.0,0.0,0.0,0.0,0.0,0.0,0.0,0.0,3.692,0.0,60.14,0.0,0.0,0.0,0.0,16.0,0.0,0.0,0.0,0.0,0.0,12.28,12.48,0.0,10.79,199.4,16.06,2.0,3.473,-1.0,4.218,6.5,4901
2016-03-31 01:15:00,0.0,0.0,0.0,1113180.0,62.9,59.9,60.0,0.0,43233.0,540.0,96872.0,1069924.0,0.0,1.0,0.0,0.0,0.0,276.8,276.2,277.1,0.772,275.0,0.531,274.0,0.842,275.0,0.005,13.8,2.0,3.0,0.0,12.21,0.0,21.15,5.38,0.0,-0.01,-0.013,-0.01,-0.362,-0.152,0.223,0.001,16.12,10.9,10.91,9.590000000000002,10.12,10.18,9.99,-111.1,10.36,10.0,0.0149999999999999,0.002,0.001,0.003,0.004,0.01,0.006,0.006,12041.0,16720.0,16623.0,16953.0,14334.0,14358.0,11638.0,0.0,0.0,0.0,0.0,0.0,0.0,0.0,0.0,3.643,0.0,60.14,0.0,0.0,0.0,0.0,16.0,0.0,0.0,0.0,0.0,0.0,12.37,12.42,0.0,10.82,179.8,14.23,2.0,3.474,-1.0,3.582,5.4,4901
2016-03-31 01:16:00,0.0,0.0,0.0,1113180.0,62.9,59.9,60.0,0.0,43233.0,540.0,96872.0,1069924.0,0.0,1.0,0.0,0.0,0.0,277.2,276.0,276.9,0.772,275.0,0.531,274.0,0.842,275.0,0.004,13.8,2.0,3.0,0.0,12.21,0.0,21.16,5.349,0.0,-0.01,-0.013,-0.01,-0.351,-0.152,0.223,0.0,16.12,10.87,10.93,9.66,10.14,10.2,10.0,-132.8,10.36,10.02,0.019,0.002,0.001,0.003,0.004,0.01,0.005,0.006,12041.0,16720.0,16623.0,16953.0,14334.0,14358.0,11638.0,0.0,0.0,0.0,0.0,0.0,0.0,0.0,0.0,3.643,0.0,60.22,0.0,0.0,0.0,0.0,16.0,0.0,0.0,0.0,0.0,0.0,12.34,12.38,0.0,10.73,188.8,13.09,2.0,3.474,-1.0,2.9130000000000003,4.3,4901
2016-03-31 01:17:00,0.0,0.0,0.0,1113180.0,62.9,59.9,60.0,0.0,43233.0,540.0,96872.0,1069924.0,0.0,1.0,0.0,0.0,0.0,276.9,276.1,276.9,0.772,275.0,0.531,274.0,0.842,275.0,0.004,13.8,2.0,3.0,0.0,12.22,0.0,21.32,5.339,0.0,-0.01,-0.013,-0.01,-0.3489999999999999,-0.152,0.223,0.0,16.12,10.77,10.82,9.65,10.12,10.17,10.0,-132.8,10.29,10.04,0.01,0.001,0.001,0.002,0.004,0.01,0.006,0.006,12041.0,16720.0,16623.0,16953.0,14334.0,14358.0,11638.0,0.0,0.0,0.0,0.0,0.0,0.0,0.0,0.0,3.641,0.0,60.18,0.0,0.0,0.0,0.0,16.0,0.0,0.0,0.0,0.0,0.0,12.32,12.31,0.0,10.66,176.1,12.1,2.0,3.474,-1.0,2.54,4.0,4901
2016-03-31 01:18:00,0.0,0.0,0.0,1113180.0,62.9,59.9,60.0,0.0,43233.0,540.0,96872.0,1069924.0,0.0,1.0,0.0,0.0,0.0,277.0,275.9,276.9,0.772,274.8,0.531,274.0,0.842,275.0,0.003,13.8,2.0,3.0,0.0,12.23,0.0,21.18,5.32,0.0,-0.012,-0.013,-0.01,-0.362,-0.152,0.223,0.0,16.12,10.72,10.74,9.590000000000002,10.05,10.1,9.99,-132.7,10.26,9.96,0.0139999999999999,0.001,0.001,0.003,0.003,0.009,0.005,0.006,12041.0,16720.0,16623.0,16953.0,14334.0,14358.0,11638.0,0.0,0.0,0.0,0.0,0.0,0.0,0.0,0.0,3.603,0.0,60.15,0.0,0.0,0.0,0.0,16.0,0.0,0.0,0.0,0.0,0.0,12.28,12.26,0.0,10.59,181.4,15.95,2.0,3.474,-1.0,2.0580000000000003,3.5,4901
2016-03-31 01:19:00,0.0,0.0,0.0,1113180.0,62.9,59.9,60.0,0.0,43233.0,540.0,96872.0,1069924.0,0.0,1.0,0.0,0.0,0.0,276.8,276.1,277.0,0.772,274.7,0.531,274.0,0.842,275.0,0.021,13.77,2.0,1.0,0.0,12.25,0.0,21.2,5.265,0.0,-0.013,-0.013,-0.013,-0.3029999999999999,-0.152,0.222,0.0,16.12,10.64,10.72,9.54,10.0,10.07,9.95,-133.1,10.26,9.9,0.0149999999999999,0.001,0.002,0.004,0.004,0.01,0.006,0.0069999999999999,12041.0,16720.0,16623.0,16953.0,14334.0,14358.0,11638.0,0.0,0.0,0.0,0.0,0.0,0.0,0.0,0.0,3.511,0.0,60.15,0.0,0.0,0.0,0.0,16.0,0.0,0.0,0.0,0.0,0.0,12.24,12.24,0.0,10.6,169.3,14.46,2.0,3.473,-1.0,2.5380000000000003,4.4,4901
2016-03-31 01:20:00,0.0,0.0,0.0,1113180.0,62.9,59.9,60.0,0.0,43233.0,540.0,96872.0,1069924.0,0.0,1.0,0.0,0.0,0.0,276.7,276.1,277.0,0.772,275.0,0.531,274.0,0.842,275.0,-0.018,13.32,2.0,1.0,0.0,12.26,0.0,21.15,5.265,0.0,-0.013,-0.0149999999999999,-0.013,-0.3489999999999999,-0.152,0.225,0.001,16.12,10.59,10.61,9.51,9.94,10.04,9.82,-132.9,10.23,9.9,0.02,0.001,0.001,0.003,0.004,0.01,0.006,0.006,12041.0,16720.0,16623.0,16953.0,14334.0,14358.0,11638.0,0.0,0.0,0.0,0.0,0.0,0.0,0.0,0.0,3.437,0.0,60.14,0.0,0.0,0.0,0.0,16.0,0.0,0.0,0.0,0.0,0.0,12.19,12.18,0.0,10.51,177.6,18.98,2.0,3.474,-1.0,2.112,3.6,4901
2016-03-31 01:21:00,0.0,0.0,0.0,1113180.0,62.9,59.9,60.0,0.0,43233.0,540.0,96872.0,1069924.0,0.0,1.0,0.0,0.0,0.0,276.8,276.1,277.0,0.772,274.3,0.531,274.0,0.842,275.0,0.005,13.8,2.0,3.0,0.0,12.26,0.0,21.19,5.118,0.0,-0.013,-0.017,-0.013,-0.3429999999999999,-0.152,0.223,0.0,16.12,10.56,10.63,9.49,9.91,9.97,9.840000000000002,-111.3,10.23,9.96,0.0139999999999999,0.002,0.002,0.003,0.003,0.01,0.006,0.006,12041.0,16720.0,16623.0,16953.0,14334.0,14358.0,11638.0,0.0,0.0,0.0,0.0,0.0,0.0,0.0,0.0,3.373,0.0,60.14,0.0,0.0,0.0,0.0,16.0,0.0,0.0,0.0,0.0,0.0,12.19,12.2,0.0,10.53,169.6,18.0,2.0,3.474,-1.0,2.818,4.5,4901
2016-03-31 01:22:00,0.0,0.0,0.0,1113180.0,62.9,59.9,60.0,0.0,43233.0,540.0,96872.0,1069924.0,0.0,1.0,0.0,0.0,0.0,276.8,276.2,277.0,0.772,274.5,0.531,274.0,0.842,275.0,0.004,13.8,2.0,3.0,0.0,12.27,0.0,21.24,5.086,0.0,-0.016,-0.017,-0.013,-0.3659999999999999,-0.152,0.223,0.0,16.12,10.55,10.59,9.48,9.920000000000002,9.97,9.81,-133.1,10.18,9.88,0.0139999999999999,0.001,0.002,0.003,0.003,0.01,0.006,0.006,12041.0,16720.0,16623.0,16953.0,14334.0,14358.0,11638.0,0.0,0.0,0.0,0.0,0.0,0.0,0.0,0.0,3.359,0.0,60.13,0.0,0.0,0.0,0.0,16.0,0.0,0.0,0.0,0.0,0.0,12.16,12.22,0.0,10.51,184.8,13.03,2.0,3.474,-1.0,2.192,3.5,4901
2016-03-31 01:23:00,0.0,0.0,0.0,1113180.0,62.9,59.9,60.0,0.0,43233.0,540.0,96872.0,1069924.0,0.0,1.0,0.0,0.0,0.0,276.7,276.1,277.1,0.772,274.4,0.531,274.0,0.842,275.0,0.003,13.8,2.0,3.0,0.0,12.28,0.0,21.14,5.029,0.0,-0.017,-0.017,-0.013,-0.3529999999999999,-0.152,0.223,0.0,16.12,10.5,10.53,9.4,9.86,9.93,9.77,-133.5,10.1,9.78,0.0139999999999999,0.001,0.001,0.003,0.004,0.009,0.006,0.006,12041.0,16720.0,16623.0,16953.0,14334.0,14358.0,11638.0,0.0,0.0,0.0,0.0,0.0,0.0,0.0,0.0,3.264,0.0,60.15,0.0,0.0,0.0,0.0,16.0,0.0,0.0,0.0,0.0,0.0,12.16,12.18,0.0,10.43,168.2,16.87,2.0,3.473,-1.0,2.15,3.1,4901
2016-03-31 01:24:00,0.0,0.0,0.0,1113180.0,62.9,59.9,60.0,0.0,43233.0,540.0,96872.0,1069924.0,0.0,1.0,0.0,0.0,0.0,276.8,276.1,277.0,0.772,274.3,0.531,274.0,0.842,275.0,0.003,13.8,2.0,3.0,0.0,12.28,0.0,21.31,4.922,0.0,-0.018,-0.019,-0.013,-0.3429999999999999,-0.152,0.223,0.0,16.12,10.4,10.42,9.32,9.71,9.86,9.7,-132.7,10.02,9.7,0.0139999999999999,0.002,0.001,0.003,0.004,0.009,0.006,0.006,12041.0,16720.0,16623.0,16953.0,14334.0,14358.0,11638.0,0.0,0.0,0.0,0.0,0.0,0.0,0.0,0.0,3.232,0.0,60.14,0.0,0.0,0.0,0.0,16.0,0.0,0.0,0.0,0.0,0.0,12.14,12.1,0.0,10.27,183.1,19.78,2.0,3.474,-1.0,1.615,3.0,4901
2016-03-31 01:25:00,0.0,0.0,0.0,1113180.0,62.9,59.9,60.0,0.0,43233.0,540.0,96872.0,1069924.0,0.0,1.0,0.0,0.0,0.0,276.7,276.2,277.1,0.772,274.3,0.531,274.0,0.842,275.0,0.024,13.8,2.0,1.0,0.0,12.29,0.0,21.13,4.927,0.0,-0.02,-0.02,-0.0139999999999999,-0.286,-0.152,0.222,0.0,16.12,10.39,10.44,9.3,9.68,9.85,9.68,-132.9,9.97,9.62,0.02,0.003,0.001,0.003,0.003,0.01,0.006,0.006,12041.0,16720.0,16623.0,16953.0,14334.0,14358.0,11638.0,0.0,0.0,0.0,0.0,0.0,0.0,0.0,0.0,3.125,0.0,60.13,0.0,0.0,0.0,0.0,16.0,0.0,0.0,0.0,0.0,0.0,12.12,12.19,0.0,10.34,189.0,11.9,2.0,3.474,-1.0,2.668,4.1,4901
2016-03-31 01:26:00,0.0,0.0,0.0,1113180.0,62.9,59.9,60.0,0.0,43233.0,540.0,96872.0,1069924.0,0.0,1.0,0.0,0.0,0.0,276.6,276.4,277.3,0.772,275.0,0.531,274.0,0.842,275.2,-0.023,13.33,2.0,1.0,0.0,12.3,0.0,21.26,4.899,0.0,-0.02,-0.02,-0.013,-0.356,-0.152,0.225,0.001,16.12,10.35,10.35,9.28,9.66,9.86,9.62,-132.6,9.89,9.69,0.017,0.0,0.001,0.002,0.003,0.009,0.005,0.006,12041.0,16720.0,16623.0,16953.0,14334.0,14358.0,11638.0,0.0,0.0,0.0,0.0,0.0,0.0,0.0,0.0,3.105,0.0,60.16,0.0,0.0,0.0,0.0,16.0,0.0,0.0,0.0,0.0,0.0,12.16,12.19,0.0,10.26,188.1,17.26,2.0,3.473,-1.0,1.917,3.4,4901
2016-03-31 01:27:00,0.0,0.0,0.0,1113180.0,62.9,59.9,60.0,0.0,43233.0,540.0,96872.0,1069924.0,0.0,1.0,0.0,0.0,0.0,277.0,276.2,277.1,0.772,275.0,0.531,274.0,0.842,275.0,0.0069999999999999,13.8,2.0,3.0,0.0,12.3,0.0,21.21,4.839,0.0,-0.02,-0.02,-0.0149999999999999,-0.362,-0.152,0.223,0.0,16.12,10.3,10.35,9.19,9.590000000000002,9.78,9.590000000000002,-133.3,9.88,9.62,0.01,0.001,0.001,0.003,0.003,0.01,0.005,0.006,12041.0,16720.0,16623.0,16953.0,14334.0,14358.0,11638.0,0.0,0.0,0.0,0.0,0.0,0.0,0.0,0.0,3.104,0.0,60.14,0.0,0.0,0.0,0.0,16.0,0.0,0.0,0.0,0.0,0.0,12.17,12.17,0.0,10.25,177.7,22.03,2.0,3.474,-1.0,2.073,3.8,4901
2016-03-31 01:28:00,0.0,0.0,0.0,1113180.0,62.9,59.9,60.0,0.0,43233.0,540.0,96872.0,1069924.0,0.0,1.0,0.0,0.0,0.0,277.0,276.2,277.1,0.772,274.9,0.531,274.0,0.842,275.0,0.004,13.8,2.0,3.0,0.0,12.3,0.0,21.16,4.7860000000000005,0.0,-0.02,-0.02,-0.016,-0.3639999999999999,-0.152,0.223,0.0,16.12,10.26,10.27,9.14,9.55,9.7,9.49,-133.4,9.86,9.57,0.018,0.001,0.001,0.003,0.004,0.01,0.006,0.006,12041.0,16720.0,16623.0,16953.0,14334.0,14358.0,11638.0,0.0,0.0,0.0,0.0,0.0,0.0,0.0,0.0,3.104,0.0,60.15,0.0,0.0,0.0,0.0,16.0,0.0,0.0,0.0,0.0,0.0,12.15,12.07,0.0,10.18,166.8,40.29,2.0,3.474,-1.0,1.848,3.9,4901
2016-03-31 01:29:00,0.0,0.0,0.0,1113180.0,62.9,59.9,60.0,0.0,43233.0,540.0,96872.0,1069924.0,0.0,1.0,0.0,0.0,0.0,276.6,276.3,277.2,0.772,274.0,0.531,274.0,0.842,275.0,0.003,13.8,2.0,3.0,0.0,12.3,0.0,21.14,4.761,0.0,-0.02,-0.02,-0.017,-0.3639999999999999,-0.152,0.223,0.0,16.07,10.23,10.29,9.14,9.55,9.670000000000002,9.51,-133.1,9.88,9.52,0.0149999999999999,0.001,0.002,0.003,0.004,0.01,0.005,0.0069999999999999,12041.0,16720.0,16623.0,16953.0,14334.0,14358.0,11638.0,0.0,0.0,0.0,0.0,0.0,0.0,0.0,0.0,3.089,0.0,60.15,0.0,0.0,0.0,0.0,16.0,0.0,0.0,0.0,0.0,0.0,12.18,12.14,0.0,10.18,183.9,16.02,2.0,3.474,-1.0,2.147,4.5,4901
2016-03-31 01:30:00,0.0,0.0,0.0,1113180.0,62.9,59.9,60.0,0.0,43233.0,540.0,96872.0,1069924.0,0.0,1.0,0.0,0.0,0.0,276.9,276.3,277.1,0.772,274.7,0.531,274.0,0.842,275.0,0.003,13.8,2.0,3.0,0.0,12.3,0.0,21.26,4.752,0.0,-0.02,-0.02,-0.0149999999999999,-0.3639999999999999,-0.152,0.223,0.0,16.02,10.28,10.35,9.19,9.590000000000002,9.68,9.57,-133.7,9.94,9.56,0.02,0.001,0.001,0.002,0.003,0.009,0.005,0.006,12041.0,16720.0,16623.0,16953.0,14334.0,14358.0,11638.0,0.0,0.0,0.0,0.0,0.0,0.0,0.0,0.0,3.0860000000000003,0.0,60.14,0.0,0.0,0.0,0.0,16.0,0.0,0.0,0.0,0.0,0.0,12.23,12.28,0.0,10.22,173.7,12.71,2.0,3.474,-1.0,3.533,5.0,4901
2016-03-31 01:31:00,0.0,0.0,0.0,1113180.0,62.9,59.9,60.0,0.0,43233.0,540.0,96872.0,1069924.0,0.0,1.0,0.0,0.0,0.0,276.9,276.3,277.2,0.772,275.0,0.531,274.0,0.842,275.0,0.005,13.8,2.0,3.0,0.0,12.3,0.0,21.21,4.749,0.0,-0.018,-0.02,-0.013,-0.332,-0.152,0.223,0.0,16.02,10.26,10.35,9.170000000000002,9.590000000000002,9.68,9.590000000000002,-111.7,9.97,9.56,0.0139999999999999,0.002,0.001,0.003,0.004,0.01,0.006,0.005,12041.0,16720.0,16623.0,16953.0,14334.0,14358.0,11638.0,0.0,0.0,0.0,0.0,0.0,0.0,0.0,0.0,3.073,0.0,60.22,0.0,0.0,0.0,0.0,16.0,0.0,0.0,0.0,0.0,0.0,12.23,12.22,0.0,10.2,177.6,18.7,2.0,3.474,-1.0,1.747,3.4,4901
2016-03-31 01:32:00,0.0,0.0,0.0,1113180.0,62.9,59.9,60.0,0.0,43233.0,540.0,96872.0,1069924.0,0.0,1.0,0.0,0.0,0.0,277.0,276.2,277.1,0.772,275.0,0.531,274.0,0.842,275.0,-0.023,13.26,2.0,1.0,0.0,12.31,0.0,21.14,4.747,0.0,-0.018,-0.019,-0.013,-0.387,-0.152,0.226,0.002,16.02,10.29,10.35,9.2,9.590000000000002,9.7,9.590000000000002,-133.3,10.01,9.49,0.02,0.002,0.001,0.002,0.004,0.009,0.006,0.006,12041.0,16720.0,16623.0,16953.0,14334.0,14358.0,11638.0,0.0,0.0,0.0,0.0,0.0,0.0,0.0,0.0,3.053,0.0,60.16,0.0,0.0,0.0,0.0,16.0,0.0,0.0,0.0,0.0,0.0,12.21,12.25,0.0,10.23,175.8,17.15,2.0,3.474,-1.0,2.905,4.4,4901
2016-03-31 01:33:00,0.0,0.0,0.0,1113180.0,62.9,59.9,60.0,0.0,43233.0,540.0,96872.0,1069924.0,0.0,1.0,0.0,0.0,0.0,276.8,276.4,277.3,0.772,275.0,0.531,274.0,0.842,275.1,0.025,13.52,2.0,1.0,0.0,12.33,0.0,21.27,4.753,0.0,-0.018,-0.019,-0.013,-0.326,-0.152,0.223,0.001,16.02,10.26,10.35,9.170000000000002,9.590000000000002,9.68,9.62,-133.0,10.05,9.57,0.011,0.001,0.0,0.003,0.004,0.009,0.006,0.006,12041.0,16720.0,16623.0,16953.0,14334.0,14358.0,11638.0,0.0,0.0,0.0,0.0,0.0,0.0,0.0,0.0,3.063,0.0,60.17,0.0,0.0,0.0,0.0,16.0,0.0,0.0,0.0,0.0,0.0,12.21,12.23,0.0,10.21,172.4,16.46,2.0,3.472,-1.0,1.725,2.9,4901
2016-03-31 01:34:00,0.0,0.0,0.0,1113180.0,62.9,59.9,60.0,0.0,43233.0,540.0,96872.0,1069924.0,0.0,1.0,0.0,0.0,0.0,277.2,276.3,277.2,0.772,275.0,0.531,274.9,0.842,276.0,0.004,13.8,2.0,3.0,0.0,12.33,0.0,21.16,4.774,0.0,-0.02,-0.02,-0.0139999999999999,-0.3579999999999999,-0.152,0.223,0.0,16.02,10.31,10.35,9.14,9.590000000000002,9.68,9.590000000000002,-107.1,10.01,9.54,0.019,0.001,0.0,0.002,0.003,0.009,0.006,0.006,12041.0,16720.0,16623.0,16953.0,14334.0,14358.0,11638.0,0.0,0.0,0.0,0.0,0.0,0.0,0.0,0.0,3.049,0.0,60.21,0.0,0.0,0.0,0.0,16.0,0.0,0.0,0.0,0.0,0.0,12.18,12.25,0.0,10.3,177.8,19.66,2.0,3.474,-1.0,2.498,6.0,4901
2016-03-31 01:35:00,0.0,0.0,0.0,1113180.0,62.9,59.9,60.0,0.0,43233.0,540.0,96872.0,1069924.0,0.0,1.0,0.0,0.0,0.0,277.0,276.5,277.3,0.772,275.0,0.531,275.0,0.842,276.0,0.004,13.8,2.0,3.0,0.0,12.33,0.0,21.13,4.738,0.0,-0.019,-0.019,-0.013,-0.3339999999999999,-0.152,0.223,0.0,16.02,10.44,10.45,9.24,9.65,9.78,9.69,-132.8,10.13,9.590000000000002,0.006,0.001,0.001,0.002,0.004,0.01,0.005,0.005,12041.0,16720.0,16623.0,16953.0,14334.0,14358.0,11638.0,0.0,0.0,0.0,0.0,0.0,0.0,0.0,0.0,3.075,0.0,60.14,0.0,0.0,0.0,0.0,16.0,0.0,0.0,0.0,0.0,0.0,12.25,12.31,0.0,10.41,184.6,22.09,2.0,3.473,-1.0,2.592,5.3,4901
2016-03-31 01:36:00,0.0,0.0,0.0,1113180.0,62.9,59.9,60.0,0.0,43233.0,540.0,96872.0,1069924.0,0.0,1.0,0.0,0.0,0.0,276.5,275.7,276.6,0.772,274.1,0.531,274.1,0.842,275.1,0.003,13.8,2.0,3.0,0.0,12.33,0.0,21.2,4.744,0.0,-0.017,-0.017,-0.013,-0.3429999999999999,-0.152,0.223,0.0,16.02,10.41,10.47,9.2,9.63,9.78,9.65,-133.1,10.1,9.56,0.02,0.002,0.001,0.002,0.004,0.01,0.006,0.006,12041.0,16720.0,16623.0,16953.0,14334.0,14358.0,11638.0,0.0,0.0,0.0,0.0,0.0,0.0,0.0,0.0,3.097,0.0,60.14,0.0,0.0,0.0,0.0,16.0,0.0,0.0,0.0,0.0,0.0,12.27,12.31,0.0,10.41,178.2,16.65,2.0,3.473,-1.0,2.967,4.9,4901
2016-03-31 01:37:00,0.0,0.0,0.0,1113180.0,62.9,59.9,60.0,0.0,43233.0,540.0,96872.0,1069924.0,0.0,1.0,0.0,0.0,0.0,276.3,275.6,276.5,0.772,274.0,0.531,274.0,0.842,275.0,0.003,13.8,2.0,3.0,0.0,12.33,0.0,21.06,4.748,0.0,-0.017,-0.017,-0.013,-0.356,-0.152,0.223,0.0,16.01,10.51,10.56,9.3,9.75,9.85,9.72,-133.0,10.2,9.7,0.013,0.002,0.001,0.003,0.003,0.01,0.006,0.006,12041.0,16720.0,16623.0,16953.0,14334.0,14358.0,11638.0,0.0,0.0,0.0,0.0,0.0,0.0,0.0,0.0,3.102,0.0,60.15,0.0,0.0,0.0,0.0,16.0,0.0,0.0,0.0,0.0,0.0,12.31,12.45,0.0,10.52,180.7,11.01,2.0,3.474,-1.0,3.705,5.7,4901
2016-03-31 01:38:00,0.0,0.0,0.0,1113180.0,62.9,59.9,60.0,0.0,43233.0,540.0,96872.0,1069924.0,0.0,1.0,0.0,0.0,0.0,276.4,275.6,276.5,0.772,274.0,0.531,274.0,0.842,275.0,0.003,13.54,2.0,3.0,0.0,12.34,0.0,21.2,4.779,0.0,-0.0139999999999999,-0.017,-0.013,-0.286,-0.152,0.223,0.0,15.97,10.55,10.64,9.29,9.78,9.88,9.75,-111.3,10.23,9.7,0.013,0.001,0.0,0.003,0.003,0.01,0.006,0.006,12041.0,16720.0,16623.0,16953.0,14334.0,14358.0,11638.0,0.0,0.0,0.0,0.0,0.0,0.0,0.0,0.0,3.103,0.0,60.22,0.0,0.0,0.0,0.0,16.0,0.0,0.0,0.0,0.0,0.0,12.39,12.45,0.0,10.52,172.5,20.06,2.0,3.474,-1.0,3.113,5.1,4901
2016-03-31 01:39:00,0.0,0.0,0.0,1113180.0,62.9,59.9,60.0,0.0,43233.0,540.0,96872.0,1069924.0,0.0,1.0,0.0,0.0,0.0,276.4,275.6,276.5,0.772,274.0,0.531,274.0,0.842,275.0,0.004,13.8,2.0,3.0,0.0,12.35,0.0,21.15,4.853,0.0,-0.013,-0.0149999999999999,-0.013,-0.324,-0.152,0.223,0.0,15.99,10.63,10.67,9.38,9.78,9.93,9.77,-111.7,10.25,9.8,0.017,0.001,0.0,0.003,0.003,0.01,0.006,0.005,12041.0,16720.0,16623.0,16953.0,14334.0,14358.0,11638.0,0.0,0.0,0.0,0.0,0.0,0.0,0.0,0.0,3.103,0.0,60.2,0.0,0.0,0.0,0.0,16.0,0.0,0.0,0.0,0.0,0.0,12.42,12.5,0.0,10.55,184.9,13.5,2.0,3.474,-1.0,3.66,5.7,4901
2016-03-31 01:40:00,0.0,0.0,0.0,1113180.0,62.9,59.9,60.0,0.0,43233.0,540.0,96872.0,1069924.0,0.0,1.0,0.0,0.0,0.0,276.4,275.7,276.5,0.772,274.0,0.531,274.0,0.842,275.0,0.003,13.8,2.0,3.0,0.0,12.35,0.0,21.18,4.878,0.0,-0.013,-0.013,-0.013,-0.3429999999999999,-0.152,0.223,0.0,15.96,10.71,10.72,9.44,9.89,9.95,9.8,-133.6,10.26,9.9,0.017,0.001,0.001,0.002,0.003,0.01,0.005,0.004,12041.0,16720.0,16623.0,16953.0,14334.0,14358.0,11638.0,0.0,0.0,0.0,0.0,0.0,0.0,0.0,0.0,3.103,0.0,60.21,0.0,0.0,0.0,0.0,16.0,0.0,0.0,0.0,0.0,0.0,12.48,12.52,0.0,10.62,175.6,20.48,2.0,3.473,-1.0,3.133,5.1,4901
2016-03-31 01:41:00,0.0,0.0,0.0,1113180.0,62.9,59.9,60.0,0.0,43233.0,540.0,96872.0,1069924.0,0.0,1.0,0.0,0.0,0.0,276.3,275.6,276.5,0.772,274.0,0.531,274.0,0.842,275.0,0.003,13.8,2.0,3.0,0.0,12.35,0.0,21.13,4.814,0.0,-0.013,-0.013,-0.013,-0.341,-0.152,0.223,0.0,15.94,10.74,10.74,9.48,9.87,9.97,9.85,-85.29999999999998,10.33,9.91,0.0149999999999999,0.001,0.001,0.002,0.004,0.01,0.005,0.006,12041.0,16720.0,16623.0,16953.0,14334.0,14358.0,11638.0,0.0,0.0,0.0,0.0,0.0,0.0,0.0,0.0,3.103,0.0,60.14,0.0,0.0,0.0,0.0,16.0,0.0,0.0,0.0,0.0,0.0,12.42,12.46,0.0,10.62,183.2,17.11,2.0,3.474,-1.0,3.432,6.4,4901
2016-03-31 01:42:00,0.0,0.0,0.0,1113180.0,62.9,59.9,60.0,0.0,43233.0,540.0,96872.0,1069924.0,0.0,1.0,0.0,0.0,0.0,276.4,275.6,276.5,0.772,274.0,0.531,274.0,0.842,275.0,0.003,13.8,2.0,3.0,0.0,12.36,0.0,21.08,4.852,0.0,-0.013,-0.013,-0.013,-0.351,-0.152,0.223,0.0,15.93,10.74,10.74,9.54,9.95,10.12,9.920000000000002,-132.4,10.36,9.99,0.0139999999999999,0.001,0.001,0.002,0.004,0.01,0.005,0.006,12041.0,16720.0,16623.0,16953.0,14334.0,14358.0,11638.0,0.0,0.0,0.0,0.0,0.0,0.0,0.0,0.0,3.103,0.0,60.16,0.0,0.0,0.0,0.0,16.0,0.0,0.0,0.0,0.0,0.0,12.4,12.47,0.0,10.73,188.7,20.34,2.0,3.473,-1.0,3.253,5.0,4901
2016-03-31 01:43:00,0.0,0.0,0.0,1113180.0,62.9,59.9,60.0,0.0,43233.0,540.0,96872.0,1069924.0,0.0,1.0,0.0,0.0,0.0,276.4,275.7,276.5,0.772,274.0,0.531,274.0,0.842,275.0,0.021,13.77,2.0,1.0,0.0,12.37,0.0,21.19,4.846,0.0,-0.013,-0.013,-0.013,-0.309,-0.152,0.222,0.0,15.93,10.8,10.82,9.49,9.97,10.15,9.97,-106.4,10.42,10.02,0.011,0.001,0.001,0.002,0.004,0.01,0.006,0.006,12041.0,16720.0,16623.0,16953.0,14334.0,14358.0,11638.0,0.0,0.0,0.0,0.0,0.0,0.0,0.0,0.0,3.103,0.0,60.23,0.0,0.0,0.0,0.0,16.0,0.0,0.0,0.0,0.0,0.0,12.4,12.44,0.0,10.74,178.9,14.2,2.0,3.474,-1.0,3.408,6.0,4901
2016-03-31 01:44:00,0.0,0.0,0.0,1113180.0,62.9,59.9,60.0,0.0,43233.0,540.0,96872.0,1069924.0,0.0,1.0,0.0,0.0,0.0,276.3,275.7,276.6,0.772,274.0,0.531,274.0,0.842,275.0,-0.016,13.53,2.0,1.0,0.0,12.37,0.0,21.18,4.789,0.0,-0.013,-0.013,-0.013,-0.307,-0.152,0.2239999999999999,0.001,15.93,10.74,10.83,9.55,10.07,10.2,10.07,-133.1,10.45,10.07,0.0139999999999999,0.002,0.001,0.003,0.004,0.01,0.005,0.005,12041.0,16720.0,16623.0,16953.0,14334.0,14358.0,11638.0,0.0,0.0,0.0,0.0,0.0,0.0,0.0,0.0,3.103,0.0,60.2,0.0,0.0,0.0,0.0,16.0,0.0,0.0,0.0,0.0,0.0,12.46,12.47,0.0,10.72,185.0,16.23,2.0,3.474,-1.0,4.087,7.3,4901
2016-03-31 01:45:00,0.0,0.0,0.0,1113180.0,62.9,59.9,60.0,0.0,43233.0,540.0,96872.0,1069924.0,0.0,1.0,0.0,0.0,0.0,276.1,275.6,276.5,0.772,274.0,0.531,274.0,0.842,275.0,0.004,13.8,2.0,3.0,0.0,12.39,0.0,21.12,4.8580000000000005,0.0,-0.013,-0.013,-0.013,-0.326,-0.152,0.223,0.0,15.93,10.8,10.82,9.55,10.09,10.26,10.1,-111.1,10.45,10.15,0.003,0.001,0.001,0.003,0.004,0.009,0.006,0.006,12041.0,16720.0,16623.0,16953.0,14334.0,14358.0,11638.0,0.0,0.0,0.0,0.0,0.0,0.0,0.0,0.0,3.103,0.0,60.18,0.0,0.0,0.0,0.0,16.0,0.0,0.0,0.0,0.0,0.0,12.46,12.46,0.0,10.75,184.9,14.27,2.0,3.474,-1.0,3.167,6.9,4901
2016-03-31 01:46:00,0.0,0.0,0.0,1113180.0,62.9,59.9,60.0,0.0,43233.0,540.0,96872.0,1069924.0,0.0,1.0,0.0,0.0,0.0,276.0,275.7,276.6,0.772,274.0,0.531,274.0,0.842,275.0,0.003,13.8,2.0,3.0,0.0,12.39,0.0,21.27,4.9030000000000005,0.0,-0.013,-0.013,-0.013,-0.317,-0.152,0.223,0.0,15.93,10.92,10.96,9.64,10.21,10.36,10.17,-106.4,10.52,10.23,0.0149999999999999,0.001,0.0,0.002,0.003,0.01,0.005,0.006,12041.0,16720.0,16623.0,16953.0,14334.0,14358.0,11638.0,0.0,0.0,0.0,0.0,0.0,0.0,0.0,0.0,3.103,0.0,60.14,0.0,0.0,0.0,0.0,16.0,0.0,0.0,0.0,0.0,0.0,12.46,12.52,0.0,10.86,202.9,21.38,2.0,3.474,-1.0,3.98,7.7,4901
2016-03-31 01:47:00,0.0,0.0,0.0,1113180.0,62.9,59.9,60.0,0.0,43233.0,540.0,96872.0,1069924.0,0.0,1.0,0.0,0.0,0.0,276.0,275.5,276.4,0.772,274.0,0.531,274.0,0.842,275.0,0.003,13.8,2.0,3.0,0.0,12.39,0.0,21.12,4.85,0.0,-0.013,-0.013,-0.013,-0.3279999999999999,-0.152,0.223,0.0,15.93,10.83,10.91,9.590000000000002,10.16,10.38,10.12,-132.6,10.45,10.16,0.0139999999999999,0.001,0.001,0.002,0.003,0.009,0.006,0.005,12041.0,16720.0,16623.0,16953.0,14334.0,14358.0,11638.0,0.0,0.0,0.0,0.0,0.0,0.0,0.0,0.0,3.103,0.0,60.15,0.0,0.0,0.0,0.0,16.0,0.0,0.0,0.0,0.0,0.0,12.42,12.41,0.0,10.77,188.4,15.11,2.0,3.474,-1.0,3.188,5.6,4901
2016-03-31 01:48:00,0.0,0.0,0.0,1113180.0,62.9,59.9,60.0,0.0,43233.0,540.0,96872.0,1069924.0,0.0,1.0,0.0,0.0,0.0,276.0,275.6,276.5,0.772,274.0,0.531,274.0,0.842,275.0,0.003,13.8,2.0,3.0,0.0,12.42,0.0,21.15,4.9,0.0,-0.013,-0.013,-0.013,-0.322,-0.152,0.223,0.0,15.93,10.88,10.93,9.62,10.16,10.32,10.08,-132.4,10.45,10.1,0.018,0.001,0.001,0.002,0.003,0.009,0.006,0.006,12041.0,16720.0,16623.0,16953.0,14334.0,14358.0,11638.0,0.0,0.0,0.0,0.0,0.0,0.0,0.0,0.0,3.11,0.0,60.16,0.0,0.0,0.0,0.0,16.0,0.0,0.0,0.0,0.0,0.0,12.4,12.47,0.0,10.83,189.5,17.02,2.0,3.474,-1.0,2.978,4.8,4901
2016-03-31 01:49:00,0.0,0.0,0.0,1113180.0,62.9,59.9,60.0,0.0,43233.0,540.0,96872.0,1069924.0,0.0,1.0,0.0,0.0,0.0,276.2,275.5,276.5,0.772,274.0,0.531,274.0,0.842,275.0,-0.019,13.31,2.0,1.0,0.0,12.42,0.0,21.22,4.773,0.0,-0.013,-0.0139999999999999,-0.013,-0.296,-0.152,0.222,0.001,15.93,10.9,10.93,9.62,10.16,10.36,10.14,-106.0,10.45,10.13,0.017,0.001,0.001,0.002,0.003,0.01,0.005,0.006,12041.0,16720.0,16623.0,16953.0,14334.0,14358.0,11638.0,0.0,0.0,0.0,0.0,0.0,0.0,0.0,0.0,3.076,0.0,60.22,0.0,0.0,0.0,0.0,16.0,0.0,0.0,0.0,0.0,0.0,12.46,12.47,0.0,10.85,193.1,20.99,2.0,3.474,-1.0,3.187,5.9,4901
2016-03-31 01:50:00,0.0,0.0,0.0,1113180.0,62.9,59.9,60.0,0.0,43233.0,540.0,96872.0,1069924.0,0.0,1.0,0.0,0.0,0.0,275.9,275.6,276.6,0.772,274.0,0.531,274.0,0.842,275.0,0.023,13.31,2.0,1.0,0.0,12.44,0.0,21.33,4.832,0.0,-0.013,-0.0149999999999999,-0.013,-0.32,-0.152,0.225,0.001,15.93,10.92,10.93,9.65,10.16,10.36,10.19,-111.3,10.45,10.18,0.018,0.002,0.001,0.003,0.003,0.01,0.006,0.005,12041.0,16720.0,16623.0,16953.0,14334.0,14358.0,11638.0,0.0,0.0,0.0,0.0,0.0,0.0,0.0,0.0,3.057,0.0,60.13,0.0,0.0,0.0,0.0,16.0,0.0,0.0,0.0,0.0,0.0,12.41,12.43,0.0,10.8,183.9,15.52,2.0,3.473,-1.0,5.163,8.099999999999998,4901
2016-03-31 01:51:00,0.0,0.0,0.0,1113180.0,62.9,59.9,60.0,0.0,43233.0,540.0,96872.0,1069924.0,0.0,1.0,0.0,0.0,0.0,276.4,275.3,276.3,0.772,274.0,0.531,274.0,0.842,275.0,0.004,13.8,2.0,3.0,0.0,12.44,0.0,21.17,4.811,0.0,-0.013,-0.013,-0.013,-0.341,-0.152,0.223,0.0,15.93,10.9,10.93,9.68,10.26,10.38,10.13,-106.2,10.45,10.17,0.011,0.001,0.001,0.003,0.003,0.01,0.005,0.005,12041.0,16720.0,16623.0,16953.0,14334.0,14358.0,11638.0,0.0,0.0,0.0,0.0,0.0,0.0,0.0,0.0,3.069,0.0,60.14,0.0,0.0,0.0,0.0,16.0,0.0,0.0,0.0,0.0,0.0,12.45,12.44,0.0,10.79,186.2,9.43,2.0,3.473,-1.0,3.437,4.8,4901
2016-03-31 01:52:00,0.0,0.0,0.0,1113180.0,62.9,59.9,60.0,0.0,43233.0,540.0,96872.0,1069924.0,0.0,1.0,0.0,0.0,0.0,276.3,275.5,276.4,0.772,274.0,0.531,274.0,0.842,275.0,0.003,13.8,2.0,3.0,0.0,12.44,0.0,21.24,4.827,0.0,-0.013,-0.0139999999999999,-0.013,-0.3339999999999999,-0.152,0.223,0.0,15.93,10.83,10.85,9.68,10.21,10.29,10.12,-106.4,10.45,10.16,0.018,0.001,0.001,0.002,0.003,0.009,0.005,0.005,12041.0,16720.0,16623.0,16953.0,14334.0,14358.0,11638.0,0.0,0.0,0.0,0.0,0.0,0.0,0.0,0.0,3.05,0.0,60.15,0.0,0.0,0.0,0.0,16.0,0.0,0.0,0.0,0.0,0.0,12.4,12.39,0.0,10.74,186.7,19.1,2.0,3.474,-1.0,3.275,5.4,4901
2016-03-31 01:53:00,0.0,0.0,0.0,1113180.0,62.9,59.9,60.0,0.0,43233.0,540.0,96872.0,1069924.0,0.0,1.0,0.0,0.0,0.0,276.2,275.5,276.4,0.772,274.0,0.531,274.0,0.842,275.0,0.003,13.8,2.0,3.0,0.0,12.46,0.0,21.22,4.797,0.0,-0.0149999999999999,-0.017,-0.013,-0.3389999999999999,-0.152,0.223,0.0,15.93,10.77,10.74,9.590000000000002,10.16,10.23,10.07,-131.6,10.39,10.1,0.011,0.001,0.0,0.002,0.004,0.009,0.005,0.005,12041.0,16720.0,16623.0,16953.0,14334.0,14358.0,11638.0,0.0,0.0,0.0,0.0,0.0,0.0,0.0,0.0,2.988,0.0,60.15,0.0,0.0,0.0,0.0,16.0,0.0,0.0,0.0,0.0,0.0,12.34,12.34,0.0,10.69,185.9,21.14,2.0,3.474,-1.0,2.5780000000000003,4.1,4901
2016-03-31 01:54:00,0.0,0.0,0.0,1113180.0,62.9,59.9,60.0,0.0,43233.0,540.0,96872.0,1069924.0,0.0,1.0,0.0,0.0,0.0,276.3,275.5,276.5,0.772,274.0,0.531,274.0,0.842,275.0,0.003,13.8,2.0,3.0,0.0,12.46,0.0,21.18,4.784,0.0,-0.017,-0.017,-0.013,-0.3029999999999999,-0.152,0.223,0.0,15.93,10.74,10.69,9.57,10.11,10.16,10.02,-132.9,10.33,10.09,0.017,0.001,0.001,0.002,0.003,0.009,0.005,0.006,12041.0,16720.0,16623.0,16953.0,14334.0,14358.0,11638.0,0.0,0.0,0.0,0.0,0.0,0.0,0.0,0.0,2.968,0.0,60.15,0.0,0.0,0.0,0.0,16.0,0.0,0.0,0.0,0.0,0.0,12.31,12.34,0.0,10.64,187.1,11.28,2.0,3.474,-1.0,2.315,3.9,4901
2016-03-31 01:55:00,0.0,0.0,0.0,1113180.0,62.9,59.9,60.0,0.0,43233.0,540.0,96872.0,1069924.0,0.0,1.0,0.0,0.0,0.0,276.2,275.7,276.6,0.772,274.0,0.531,274.0,0.842,275.0,-0.001,13.48,2.0,1.0,0.0,12.46,0.0,21.2,4.897,0.0,-0.02,-0.019,-0.0139999999999999,-0.2919999999999999,-0.152,0.222,0.001,15.93,10.72,10.71,9.52,10.07,10.18,9.95,-132.8,10.26,9.97,0.0139999999999999,0.001,0.001,0.002,0.004,0.009,0.005,0.005,12041.0,16720.0,16623.0,16953.0,14334.0,14358.0,11638.0,0.0,0.0,0.0,0.0,0.0,0.0,0.0,0.0,3.0380000000000003,0.0,60.22,0.0,0.0,0.0,0.0,16.0,0.0,0.0,0.0,0.0,0.0,12.3,12.36,0.0,10.62,201.0,12.16,2.0,3.473,-1.0,3.982,8.9,4901
2016-03-31 01:56:00,0.0,0.0,0.0,1113180.0,62.9,59.9,60.0,0.0,43233.0,540.0,96872.0,1069924.0,0.0,1.0,0.0,0.0,0.0,276.2,275.6,276.5,0.772,274.0,0.531,274.0,0.842,275.0,0.0069999999999999,13.48,2.0,1.0,0.0,12.49,0.0,21.13,4.867,0.0,-0.018,-0.017,-0.013,-0.332,-0.152,0.2239999999999999,0.001,15.93,10.82,10.83,9.6,10.15,10.27,10.0,-84.79999999999998,10.36,10.1,0.01,0.002,0.0,0.002,0.004,0.009,0.005,0.006,12041.0,16720.0,16623.0,16953.0,14334.0,14358.0,11638.0,0.0,0.0,0.0,0.0,0.0,0.0,0.0,0.0,2.997,0.0,60.17,0.0,0.0,0.0,0.0,16.0,0.0,0.0,0.0,0.0,0.0,12.42,12.48,0.0,10.77,194.9,16.06,2.0,3.474,-1.0,5.407,8.699999999999998,4901
2016-03-31 01:57:00,0.0,0.0,0.0,1113180.0,62.9,59.9,60.0,0.0,43233.0,540.0,96872.0,1069924.0,0.0,1.0,0.0,0.0,0.0,276.3,275.5,276.4,0.772,274.0,0.531,274.0,0.842,275.0,0.003,13.8,2.0,3.0,0.0,12.49,0.0,21.18,4.804,0.0,-0.0149999999999999,-0.017,-0.013,-0.322,-0.152,0.223,0.0,15.93,10.85,10.83,9.68,10.21,10.32,10.06,-110.7,10.39,10.1,0.024,0.001,0.001,0.003,0.004,0.01,0.006,0.006,12041.0,16720.0,16623.0,16953.0,14334.0,14358.0,11638.0,0.0,0.0,0.0,0.0,0.0,0.0,0.0,0.0,2.974,0.0,60.15,0.0,0.0,0.0,0.0,16.0,0.0,0.0,0.0,0.0,0.0,12.42,12.42,0.0,10.74,188.7,13.85,2.0,3.474,-1.0,3.817,5.6,4901
2016-03-31 01:58:00,0.0,0.0,0.0,1113180.0,62.9,59.9,60.0,0.0,43233.0,540.0,96872.0,1069924.0,0.0,1.0,0.0,0.0,0.0,276.4,275.5,276.5,0.772,274.0,0.531,274.0,0.842,275.0,0.003,13.8,2.0,3.0,0.0,12.49,0.0,21.21,4.776,0.0,-0.0149999999999999,-0.017,-0.013,-0.3339999999999999,-0.152,0.223,0.0,15.93,10.77,10.75,9.590000000000002,10.14,10.26,10.04,-58.79,10.31,10.05,0.02,0.001,0.001,0.002,0.003,0.009,0.006,0.006,12041.0,16720.0,16623.0,16953.0,14334.0,14358.0,11638.0,0.0,0.0,0.0,0.0,0.0,0.0,0.0,0.0,2.969,0.0,60.15,0.0,0.0,0.0,0.0,16.0,0.0,0.0,0.0,0.0,0.0,12.4,12.36,0.0,10.67,188.6,11.52,2.0,3.474,-1.0,1.845,3.1,4901
2016-03-31 01:59:00,0.0,0.0,0.0,1113180.0,62.9,59.9,60.0,0.0,43233.0,540.0,96872.0,1069924.0,0.0,1.0,0.0,0.0,0.0,276.3,275.5,276.4,0.772,274.0,0.531,274.0,0.842,275.0,0.003,13.8,2.0,3.0,0.0,12.49,0.0,21.13,4.806,0.0,-0.017,-0.017,-0.013,-0.322,-0.152,0.223,0.0,15.93,10.79,10.79,9.55,10.1,10.21,9.95,-84.7,10.29,10.01,0.011,0.001,0.002,0.003,0.003,0.009,0.005,0.005,12041.0,16720.0,16623.0,16953.0,14334.0,14358.0,11638.0,0.0,0.0,0.0,0.0,0.0,0.0,0.0,0.0,2.968,0.0,60.14,0.0,0.0,0.0,0.0,16.0,0.0,0.0,0.0,0.0,0.0,12.36,12.44,0.0,10.73,192.7,17.41,2.0,3.474,-1.0,4.813,7.5,4901
2016-03-31 02:00:00,0.0,0.0,0.0,1113180.0,62.9,59.9,60.0,0.0,43233.0,540.0,96872.0,1069924.0,0.0,1.0,0.0,0.0,0.0,276.2,275.5,276.5,0.772,274.0,0.531,274.0,0.842,275.0,0.003,13.8,2.0,3.0,0.0,12.51,0.0,21.06,4.782,0.0,-0.017,-0.017,-0.013,-0.3029999999999999,-0.152,0.223,0.0,15.93,10.83,10.83,9.65,10.19,10.28,10.05,-110.9,10.38,10.1,0.01,0.002,0.001,0.003,0.003,0.009,0.005,0.005,12041.0,16720.0,16623.0,16953.0,14334.0,14358.0,11638.0,0.0,0.0,0.0,0.0,0.0,0.0,0.0,0.0,2.968,0.0,60.14,0.0,0.0,0.0,0.0,16.0,0.0,0.0,0.0,0.0,0.0,12.4,12.42,0.0,10.72,199.8,8.39,2.0,3.475,-1.0,3.525,4.7,4901
2016-03-31 02:01:00,0.0,0.0,0.0,1113180.0,62.9,59.9,60.0,0.0,43233.0,540.0,96872.0,1069924.0,0.0,1.0,0.0,0.0,0.0,276.1,275.5,276.5,0.772,274.0,0.531,274.0,0.842,275.0,-0.011,13.3,2.0,1.0,0.0,12.51,0.0,21.2,4.78,0.0,-0.017,-0.017,-0.013,-0.3049999999999999,-0.152,0.2239999999999999,0.001,15.93,10.75,10.77,9.590000000000002,10.15,10.16,10.04,-63.1,10.28,10.07,0.011,0.001,0.001,0.002,0.004,0.009,0.004,0.006,12041.0,16720.0,16623.0,16953.0,14334.0,14358.0,11638.0,0.0,0.0,0.0,0.0,0.0,0.0,0.0,0.0,2.968,0.0,60.23,0.0,0.0,0.0,0.0,16.0,0.0,0.0,0.0,0.0,0.0,12.37,12.36,0.0,10.63,188.4,16.79,2.0,3.474,-1.0,3.37,6.0,4901
2016-03-31 02:02:00,0.0,0.0,0.0,1113180.0,62.9,59.9,60.0,0.0,43233.0,540.0,96872.0,1069924.0,0.0,1.0,0.0,0.0,0.0,276.1,275.5,276.5,0.772,274.0,0.531,274.0,0.842,275.0,0.016,13.76,2.0,3.0,0.0,12.53,0.0,21.24,4.781000000000001,0.0,-0.017,-0.017,-0.013,-0.288,-0.152,0.223,0.001,15.93,10.74,10.74,9.590000000000002,10.09,10.18,9.95,-37.56,10.26,10.04,0.013,0.0,0.001,0.003,0.003,0.009,0.005,0.006,12041.0,16720.0,16623.0,16953.0,14334.0,14358.0,11638.0,0.0,0.0,0.0,0.0,0.0,0.0,0.0,0.0,2.968,0.0,60.21,0.0,0.0,0.0,0.0,16.0,0.0,0.0,0.0,0.0,0.0,12.35,12.32,0.0,10.6,188.9,18.57,2.0,3.474,-1.0,2.407,3.7,4901
2016-03-31 02:03:00,0.0,0.0,0.0,1113180.0,62.9,59.9,60.0,0.0,43233.0,540.0,96872.0,1069924.0,0.0,1.0,0.0,0.0,0.0,276.1,275.5,276.5,0.772,274.0,0.531,274.0,0.842,275.0,0.004,13.8,2.0,3.0,0.0,12.53,0.0,21.16,4.765,0.0,-0.018,-0.018,-0.0139999999999999,-0.309,-0.152,0.223,0.0,15.93,10.62,10.62,9.47,9.98,10.07,9.88,-132.6,10.2,9.920000000000002,0.0139999999999999,0.001,0.001,0.003,0.004,0.009,0.006,0.005,12041.0,16720.0,16623.0,16953.0,14334.0,14358.0,11638.0,0.0,0.0,0.0,0.0,0.0,0.0,0.0,0.0,2.968,0.0,60.19,0.0,0.0,0.0,0.0,16.0,0.0,0.0,0.0,0.0,0.0,12.25,12.23,0.0,10.47,179.6,13.61,2.0,3.474,-1.0,2.335,4.2,4901
2016-03-31 02:04:00,0.0,0.0,0.0,1113180.0,62.9,59.9,60.0,0.0,43233.0,540.0,96872.0,1069924.0,0.0,1.0,0.0,0.0,0.0,276.3,275.4,276.5,0.772,274.0,0.531,274.0,0.842,275.0,0.003,13.8,2.0,3.0,0.0,12.53,0.0,21.34,4.804,0.0,-0.02,-0.02,-0.017,-0.2769999999999999,-0.152,0.223,0.0,15.91,10.56,10.59,9.41,9.94,9.97,9.82,-132.0,10.17,9.9,0.013,0.001,0.001,0.003,0.003,0.009,0.005,0.005,12041.0,16720.0,16623.0,16953.0,14334.0,14358.0,11638.0,0.0,0.0,0.0,0.0,0.0,0.0,0.0,0.0,2.968,0.0,60.13,0.0,0.0,0.0,0.0,16.0,0.0,0.0,0.0,0.0,0.0,12.2,12.15,0.0,10.44,163.6,17.37,2.0,3.473,-1.0,3.205,5.6,4901
2016-03-31 02:05:00,0.0,0.0,0.0,1113180.0,62.9,59.9,60.0,0.0,43233.0,540.0,96872.0,1069924.0,0.0,1.0,0.0,0.0,0.0,276.0,275.3,276.4,0.772,274.0,0.531,273.1,0.842,275.0,0.003,13.8,2.0,3.0,0.0,12.53,0.0,21.19,4.8,0.0,-0.02,-0.02,-0.017,-0.2899999999999999,-0.152,0.223,0.0,15.91,10.48,10.48,9.36,9.840000000000002,9.920000000000002,9.75,-132.5,10.08,9.76,0.02,0.001,0.001,0.003,0.003,0.009,0.005,0.005,12041.0,16720.0,16623.0,16953.0,14334.0,14358.0,11638.0,0.0,0.0,0.0,0.0,0.0,0.0,0.0,0.0,2.968,0.0,60.14,0.0,0.0,0.0,0.0,16.0,0.0,0.0,0.0,0.0,0.0,12.12,12.13,0.0,10.34,189.4,18.23,2.0,3.474,-1.0,1.412,2.2,4901
2016-03-31 02:06:00,0.0,0.0,0.0,1113180.0,62.9,59.9,60.0,0.0,43233.0,540.0,96872.0,1069924.0,0.0,1.0,0.0,0.0,0.0,276.2,275.4,276.5,0.772,274.0,0.531,273.8,0.842,275.0,0.003,13.8,2.0,3.0,0.0,12.53,0.0,21.15,4.811,0.0,-0.023,-0.02,-0.017,-0.288,-0.152,0.223,0.0,15.89,10.45,10.45,9.23,9.74,9.81,9.62,-106.0,9.97,9.7,0.013,0.002,0.001,0.003,0.003,0.009,0.005,0.005,12041.0,16720.0,16623.0,16953.0,14334.0,14358.0,11638.0,0.0,0.0,0.0,0.0,0.0,0.0,0.0,0.0,2.968,0.0,60.19,0.0,0.0,0.0,0.0,16.0,0.0,0.0,0.0,0.0,0.0,12.13,12.15,0.0,10.38,176.6,15.8,2.0,3.474,-1.0,2.702,4.9,4901
2016-03-31 02:07:00,0.0,0.0,0.0,1113180.0,62.9,59.9,60.0,0.0,43233.0,540.0,96872.0,1069924.0,0.0,1.0,0.0,0.0,0.0,276.3,275.4,276.5,0.772,274.0,0.531,273.9,0.842,275.0,-0.003,13.33,2.0,1.0,0.0,12.53,0.0,21.14,4.8180000000000005,0.0,-0.023,-0.02,-0.017,-0.275,-0.152,0.2239999999999999,0.001,15.85,10.45,10.45,9.2,9.73,9.78,9.6,-111.1,9.97,9.68,0.017,0.001,0.001,0.003,0.003,0.009,0.005,0.005,12041.0,16720.0,16623.0,16953.0,14334.0,14358.0,11638.0,0.0,0.0,0.0,0.0,0.0,0.0,0.0,0.0,2.968,0.0,60.2,0.0,0.0,0.0,0.0,16.0,0.0,0.0,0.0,0.0,0.0,12.14,12.11,0.0,10.37,174.0,17.47,2.0,3.474,-1.0,2.532,3.7,4901
2016-03-31 02:08:00,0.0,0.0,0.0,1113180.0,62.9,59.9,60.0,0.0,43233.0,540.0,96872.0,1069924.0,0.0,1.0,0.0,0.0,0.0,276.1,275.5,276.5,0.772,274.0,0.531,274.0,0.842,275.0,0.0069999999999999,13.8,2.0,3.0,0.0,12.54,0.0,21.11,4.862,0.0,-0.023,-0.02,-0.017,-0.3029999999999999,-0.152,0.223,0.001,15.83,10.45,10.42,9.2,9.71,9.78,9.6,-106.7,9.97,9.670000000000002,0.0149999999999999,0.001,0.001,0.002,0.002,0.009,0.005,0.004,12041.0,16720.0,16623.0,16953.0,14334.0,14358.0,11638.0,0.0,0.0,0.0,0.0,0.0,0.0,0.0,0.0,2.968,0.0,60.16,0.0,0.0,0.0,0.0,16.0,0.0,0.0,0.0,0.0,0.0,12.1,12.1,0.0,10.37,172.7,16.22,2.0,3.474,-1.0,3.5380000000000003,6.4,4901
2016-03-31 02:09:00,0.0,0.0,0.0,1113180.0,62.9,59.9,60.0,0.0,43233.0,540.0,96872.0,1069924.0,0.0,1.0,0.0,0.0,0.0,276.0,275.6,276.6,0.772,274.0,0.531,274.0,0.842,275.0,0.004,13.8,2.0,3.0,0.0,12.54,0.0,21.28,4.815,0.0,-0.021,-0.02,-0.017,-0.2979999999999999,-0.152,0.223,0.0,15.83,10.45,10.48,9.27,9.73,9.81,9.69,-84.79999999999998,10.1,9.68,0.011,0.0,0.001,0.002,0.003,0.009,0.005,0.005,12041.0,16720.0,16623.0,16953.0,14334.0,14358.0,11638.0,0.0,0.0,0.0,0.0,0.0,0.0,0.0,0.0,2.968,0.0,60.16,0.0,0.0,0.0,0.0,16.0,0.0,0.0,0.0,0.0,0.0,12.13,12.13,0.0,10.42,180.7,21.42,2.0,3.474,-1.0,3.912,6.7,4901
2016-03-31 02:10:00,0.0,0.0,0.0,1113180.0,62.9,59.9,60.0,0.0,43233.0,540.0,96872.0,1069924.0,0.0,1.0,0.0,0.0,0.0,276.0,275.5,276.6,0.772,274.0,0.531,274.0,0.842,275.0,0.003,13.8,2.0,3.0,0.0,12.55,0.0,21.16,4.837,0.0,-0.02,-0.02,-0.017,-0.288,-0.152,0.223,0.0,15.83,10.5,10.51,9.3,9.83,9.87,9.72,-111.1,10.17,9.76,0.01,0.001,0.001,0.002,0.003,0.008,0.005,0.005,12041.0,16720.0,16623.0,16953.0,14334.0,14358.0,11638.0,0.0,0.0,0.0,0.0,0.0,0.0,0.0,0.0,2.986,0.0,60.14,0.0,0.0,0.0,0.0,16.0,0.0,0.0,0.0,0.0,0.0,12.16,12.12,0.0,10.43,180.9,24.62,2.0,3.475,-1.0,2.658,3.7,4901
2016-03-31 02:11:00,0.0,0.0,0.0,1113180.0,62.9,59.9,60.0,0.0,43233.0,540.0,96872.0,1069924.0,0.0,1.0,0.0,0.0,0.0,276.3,275.5,276.6,0.772,274.0,0.531,274.0,0.842,275.0,0.003,13.8,2.0,3.0,0.0,12.55,0.0,21.12,4.88,0.0,-0.02,-0.02,-0.017,-0.2979999999999999,-0.152,0.223,0.0,15.83,10.43,10.42,9.23,9.76,9.8,9.65,-132.5,10.07,9.670000000000002,0.018,0.002,0.001,0.002,0.003,0.009,0.005,0.005,12041.0,16720.0,16623.0,16953.0,14334.0,14358.0,11638.0,0.0,0.0,0.0,0.0,0.0,0.0,0.0,0.0,3.011,0.0,60.18,0.0,0.0,0.0,0.0,16.0,0.0,0.0,0.0,0.0,0.0,12.08,12.05,0.0,10.34,184.9,21.77,2.0,3.474,-1.0,2.178,4.0,4901
2016-03-31 02:12:00,0.0,0.0,0.0,1113180.0,62.9,59.9,60.0,0.0,43233.0,540.0,96872.0,1069924.0,0.0,1.0,0.0,0.0,0.0,276.1,275.7,276.6,0.772,274.0,0.531,274.0,0.842,275.0,0.005,13.8,2.0,3.0,0.0,12.55,0.0,21.17,4.881,0.0,-0.02,-0.02,-0.017,-0.281,-0.152,0.223,0.0,15.83,10.35,10.35,9.2,9.68,9.78,9.6,-111.5,9.97,9.61,0.013,0.001,0.0,0.002,0.003,0.009,0.005,0.005,12041.0,16720.0,16623.0,16953.0,14334.0,14358.0,11638.0,0.0,0.0,0.0,0.0,0.0,0.0,0.0,0.0,3.02,0.0,60.16,0.0,0.0,0.0,0.0,16.0,0.0,0.0,0.0,0.0,0.0,12.08,12.06,0.0,10.29,195.2,18.47,2.0,3.474,-1.0,3.232,4.6,4901
2016-03-31 02:13:00,0.0,0.0,0.0,1113180.0,62.9,59.9,60.0,0.0,43233.0,540.0,96872.0,1069924.0,0.0,1.0,0.0,0.0,0.0,276.0,275.7,276.6,0.772,274.0,0.531,274.0,0.842,275.0,0.0,13.48,2.0,1.0,0.0,12.54,0.0,21.25,4.868,0.0,-0.02,-0.02,-0.017,-0.288,-0.152,0.223,0.001,15.83,10.42,10.39,9.2,9.73,9.81,9.62,-106.3,10.04,9.68,0.0139999999999999,0.001,0.0,0.003,0.003,0.009,0.005,0.004,12041.0,16720.0,16623.0,16953.0,14334.0,14358.0,11638.0,0.0,0.0,0.0,0.0,0.0,0.0,0.0,0.0,3.04,0.0,60.17,0.0,0.0,0.0,0.0,16.0,0.0,0.0,0.0,0.0,0.0,12.1,12.14,0.0,10.39,168.5,24.97,2.0,3.474,-1.0,3.53,5.8,4901
2016-03-31 02:14:00,0.0,0.0,0.0,1113180.0,62.9,59.9,60.0,0.0,43233.0,540.0,96872.0,1069924.0,0.0,1.0,0.0,0.0,0.0,276.2,275.5,276.5,0.772,274.0,0.531,274.0,0.842,275.0,0.004,13.8,2.0,3.0,0.0,12.55,0.0,21.05,4.91,0.0,-0.02,-0.02,-0.016,-0.309,-0.152,0.223,0.0,15.8,10.45,10.45,9.3,9.78,9.83,9.7,-132.4,10.07,9.7,0.013,0.001,0.001,0.002,0.003,0.009,0.005,0.005,12041.0,16720.0,16623.0,16953.0,14334.0,14358.0,11638.0,0.0,0.0,0.0,0.0,0.0,0.0,0.0,0.0,3.0380000000000003,0.0,60.16,0.0,0.0,0.0,0.0,16.0,0.0,0.0,0.0,0.0,0.0,12.1,12.11,0.0,10.36,180.0,19.03,2.0,3.474,-1.0,3.462,6.1,4901
2016-03-31 02:15:00,0.0,0.0,0.0,1113180.0,62.9,59.9,60.0,0.0,43233.0,540.0,96872.0,1069924.0,0.0,1.0,0.0,0.0,0.0,276.1,275.4,276.5,0.772,274.0,0.531,273.1,0.842,275.0,0.003,13.8,2.0,3.0,0.0,12.55,0.0,21.07,4.933,0.0,-0.02,-0.02,-0.0149999999999999,-0.309,-0.152,0.223,0.0,15.73,10.4,10.42,9.23,9.78,9.81,9.7,-85.09999999999998,10.07,9.68,0.0149999999999999,0.002,0.001,0.003,0.004,0.01,0.006,0.006,12041.0,16720.0,16623.0,16953.0,14334.0,14358.0,11638.0,0.0,0.0,0.0,0.0,0.0,0.0,0.0,0.0,3.073,0.0,60.13,0.0,0.0,0.0,0.0,16.0,0.0,0.0,0.0,0.0,0.0,12.11,12.08,0.0,10.32,186.1,16.16,2.0,3.474,-1.0,2.867,4.1,4901
2016-03-31 02:16:00,0.0,0.0,0.0,1113180.0,62.9,59.9,60.0,0.0,43233.0,540.0,96872.0,1069924.0,0.0,1.0,0.0,0.0,0.0,276.2,275.2,276.2,0.772,274.0,0.531,273.0,0.842,274.5,0.003,13.8,2.0,3.0,0.0,12.54,0.0,21.13,4.984,0.0,-0.02,-0.02,-0.016,-0.3029999999999999,-0.152,0.223,0.0,15.73,10.34,10.35,9.2,9.71,9.81,9.69,-111.3,10.07,9.68,0.0139999999999999,0.001,0.001,0.002,0.003,0.009,0.005,0.005,12041.0,16720.0,16623.0,16953.0,14334.0,14358.0,11638.0,0.0,0.0,0.0,0.0,0.0,0.0,0.0,0.0,3.087,0.0,60.15,0.0,0.0,0.0,0.0,16.0,0.0,0.0,0.0,0.0,0.0,12.09,12.11,0.0,10.3,174.5,20.08,2.0,3.474,-1.0,2.593,4.6,4901
2016-03-31 02:17:00,0.0,0.0,0.0,1113180.0,62.9,59.9,60.0,0.0,43233.0,540.0,96872.0,1069924.0,0.0,1.0,0.0,0.0,0.0,276.0,275.4,276.3,0.772,274.0,0.531,273.0,0.842,275.0,0.003,13.8,2.0,3.0,0.0,12.54,0.0,21.25,4.944,0.0,-0.02,-0.02,-0.017,-0.3029999999999999,-0.152,0.223,0.0,15.73,10.35,10.35,9.18,9.65,9.75,9.64,-132.8,10.07,9.64,0.017,0.002,0.001,0.003,0.003,0.009,0.005,0.005,12041.0,16720.0,16623.0,16953.0,14334.0,14358.0,11638.0,0.0,0.0,0.0,0.0,0.0,0.0,0.0,0.0,3.1,0.0,60.14,0.0,0.0,0.0,0.0,16.0,0.0,0.0,0.0,0.0,0.0,12.1,12.08,0.0,10.27,166.8,17.2,2.0,3.474,-1.0,2.385,4.2,4901
2016-03-31 02:18:00,0.0,0.0,0.0,1113180.0,62.9,59.9,60.0,0.0,43233.0,540.0,96872.0,1069924.0,0.0,1.0,0.0,0.0,0.0,276.2,275.3,276.3,0.772,274.0,0.531,273.0,0.842,275.0,0.008,13.5,2.0,1.0,0.0,12.54,0.0,21.03,4.95,0.0,-0.02,-0.02,-0.017,-0.2239999999999999,-0.152,0.222,0.0,15.73,10.35,10.35,9.11,9.590000000000002,9.68,9.6,-111.6,10.01,9.57,0.013,0.002,0.001,0.002,0.004,0.009,0.005,0.005,12041.0,16720.0,16623.0,16953.0,14334.0,14358.0,11638.0,0.0,0.0,0.0,0.0,0.0,0.0,0.0,0.0,3.103,0.0,60.14,0.0,0.0,0.0,0.0,16.0,0.0,0.0,0.0,0.0,0.0,12.04,12.05,0.0,10.27,178.3,17.35,2.0,3.474,-1.0,2.448,3.7,4901
2016-03-31 02:19:00,0.0,0.0,0.0,1113180.0,62.9,59.9,60.0,0.0,43233.0,540.0,96872.0,1069924.0,0.0,1.0,0.0,0.0,0.0,276.0,275.5,276.4,0.772,274.0,0.531,273.3,0.842,275.0,-0.002,13.5,2.0,1.0,0.0,12.54,0.0,21.05,4.933,0.0,-0.02,-0.02,-0.017,-0.273,-0.152,0.2239999999999999,0.001,15.73,10.35,10.35,9.12,9.590000000000002,9.68,9.6,-108.6,10.04,9.56,0.0149999999999999,0.001,0.001,0.003,0.003,0.009,0.005,0.006,12041.0,16720.0,16623.0,16953.0,14334.0,14358.0,11638.0,0.0,0.0,0.0,0.0,0.0,0.0,0.0,0.0,3.103,0.0,60.14,0.0,0.0,0.0,0.0,16.0,0.0,0.0,0.0,0.0,0.0,12.03,12.1,0.0,10.28,173.3,14.44,2.0,3.474,-1.0,3.827,5.6,4901
2016-03-31 02:20:00,0.0,0.0,0.0,1113180.0,62.9,59.9,60.0,0.0,43233.0,540.0,96872.0,1069924.0,0.0,1.0,0.0,0.0,0.0,276.0,275.5,276.5,0.772,274.0,0.531,273.7,0.842,275.0,0.003,13.8,2.0,3.0,0.0,12.53,0.0,21.19,5.0280000000000005,0.0,-0.02,-0.02,-0.016,-0.2979999999999999,-0.152,0.223,0.0,15.73,10.37,10.39,9.14,9.62,9.73,9.65,-84.7,10.07,9.62,0.018,0.001,0.001,0.002,0.003,0.01,0.005,0.006,12041.0,16720.0,16623.0,16953.0,14334.0,14358.0,11638.0,0.0,0.0,0.0,0.0,0.0,0.0,0.0,0.0,3.103,0.0,60.22,0.0,0.0,0.0,0.0,16.0,0.0,0.0,0.0,0.0,0.0,12.02,12.11,0.0,10.33,180.2,15.56,2.0,3.473,-1.0,3.813,5.8,4901
2016-03-31 02:21:00,0.0,0.0,0.0,1113180.0,62.9,59.9,60.0,0.0,43233.0,540.0,96872.0,1069924.0,0.0,1.0,0.0,0.0,0.0,276.1,275.5,276.4,0.772,274.0,0.531,273.1,0.842,275.0,0.003,13.8,2.0,3.0,0.0,12.53,0.0,21.12,5.092,0.0,-0.02,-0.02,-0.0139999999999999,-0.309,-0.152,0.223,0.0,15.73,10.35,10.37,9.18,9.68,9.76,9.670000000000002,-132.6,10.04,9.670000000000002,0.019,0.001,0.001,0.002,0.002,0.009,0.005,0.006,12041.0,16720.0,16623.0,16953.0,14334.0,14358.0,11638.0,0.0,0.0,0.0,0.0,0.0,0.0,0.0,0.0,3.103,0.0,60.19,0.0,0.0,0.0,0.0,16.0,0.0,0.0,0.0,0.0,0.0,12.09,12.09,0.0,10.29,187.4,12.02,2.0,3.474,-1.0,2.522,3.9,4901
2016-03-31 02:22:00,0.0,0.0,0.0,1113180.0,62.9,59.9,60.0,0.0,43233.0,540.0,96872.0,1069924.0,0.0,1.0,0.0,0.0,0.0,276.1,275.7,276.6,0.772,274.0,0.531,274.0,0.842,275.0,0.003,13.8,2.0,3.0,0.0,12.53,0.0,21.19,5.005,0.0,-0.02,-0.019,-0.013,-0.309,-0.152,0.223,0.0,15.73,10.35,10.35,9.11,9.6,9.68,9.6,-132.6,9.99,9.590000000000002,0.0149999999999999,0.001,0.001,0.002,0.003,0.009,0.005,0.006,12041.0,16720.0,16623.0,16953.0,14334.0,14358.0,11638.0,0.0,0.0,0.0,0.0,0.0,0.0,0.0,0.0,3.104,0.0,60.15,0.0,0.0,0.0,0.0,16.0,0.0,0.0,0.0,0.0,0.0,12.07,12.13,0.0,10.29,174.2,9.26,2.0,3.474,-1.0,3.707,5.3,4901
2016-03-31 02:23:00,0.0,0.0,0.0,1113180.0,62.9,59.9,60.0,0.0,43233.0,540.0,96872.0,1069924.0,0.0,1.0,0.0,0.0,0.0,276.1,275.8,276.7,0.772,274.0,0.531,274.0,0.842,275.0,0.003,13.8,2.0,3.0,0.0,12.53,0.0,21.23,5.099,0.0,-0.02,-0.017,-0.013,-0.2919999999999999,-0.152,0.223,0.0,15.66,10.35,10.35,9.12,9.590000000000002,9.68,9.6,-132.7,10.05,9.62,0.013,0.001,0.002,0.003,0.004,0.009,0.005,0.005,12041.0,16720.0,16623.0,16953.0,14334.0,14358.0,11638.0,0.0,0.0,0.0,0.0,0.0,0.0,0.0,0.0,3.104,0.0,60.17,0.0,0.0,0.0,0.0,16.0,0.0,0.0,0.0,0.0,0.0,12.08,12.07,0.0,10.27,172.0,16.48,2.0,3.473,-1.0,2.647,3.8,4901
2016-03-31 02:24:00,0.0,0.0,0.0,1113180.0,62.9,59.9,60.0,0.0,43233.0,540.0,96872.0,1069924.0,0.0,1.0,0.0,0.0,0.0,276.3,275.8,276.7,0.772,274.0,0.531,274.0,0.842,275.0,-0.013,13.34,2.0,1.0,0.0,12.53,0.0,21.21,5.175,0.0,-0.02,-0.019,-0.0139999999999999,-0.195,-0.152,0.2239999999999999,0.001,15.64,10.34,10.35,9.07,9.590000000000002,9.6,9.6,-133.2,9.97,9.590000000000002,0.0149999999999999,0.0,0.0,0.003,0.003,0.009,0.005,0.005,12041.0,16720.0,16623.0,16953.0,14334.0,14358.0,11638.0,0.0,0.0,0.0,0.0,0.0,0.0,0.0,0.0,3.124,0.0,60.22,0.0,0.0,0.0,0.0,16.0,0.0,0.0,0.0,0.0,0.0,12.02,12.02,0.0,10.23,169.4,11.37,2.0,3.474,-1.0,2.785,4.4,4901
2016-03-31 02:25:00,0.0,0.0,0.0,1113180.0,62.9,59.9,60.0,0.0,43233.0,540.0,96872.0,1069924.0,0.0,1.0,0.0,0.0,0.0,276.2,275.7,276.6,0.772,274.0,0.531,274.0,0.842,275.0,0.018,13.68,2.0,3.0,0.0,12.53,0.0,21.18,5.191,0.0,-0.02,-0.02,-0.016,-0.311,-0.152,0.223,0.001,15.64,10.34,10.35,9.11,9.590000000000002,9.590000000000002,9.6,-85.2,9.97,9.590000000000002,0.011,0.001,0.001,0.002,0.003,0.009,0.005,0.005,12041.0,16720.0,16623.0,16953.0,14334.0,14358.0,11638.0,0.0,0.0,0.0,0.0,0.0,0.0,0.0,0.0,3.21,0.0,60.21,0.0,0.0,0.0,0.0,16.0,0.0,0.0,0.0,0.0,0.0,11.95,11.95,0.0,10.21,173.3,16.6,2.0,3.474,-1.0,3.025,5.4,4901
2016-03-31 02:26:00,0.0,0.0,0.0,1113180.0,62.9,59.9,60.0,0.0,43233.0,540.0,96872.0,1069924.0,0.0,1.0,0.0,0.0,0.0,276.3,275.7,276.6,0.772,274.0,0.531,274.0,0.842,275.0,0.004,13.8,2.0,3.0,0.0,12.53,0.0,21.12,5.167999999999999,0.0,-0.02,-0.02,-0.017,-0.313,-0.152,0.223,0.0,15.64,10.26,10.27,9.090000000000002,9.54,9.57,9.590000000000002,-90.3,9.97,9.51,0.0149999999999999,0.001,0.001,0.002,0.003,0.009,0.005,0.006,12041.0,16720.0,16623.0,16953.0,14334.0,14358.0,11638.0,0.0,0.0,0.0,0.0,0.0,0.0,0.0,0.0,3.242,0.0,60.22,0.0,0.0,0.0,0.0,16.0,0.0,0.0,0.0,0.0,0.0,11.93,11.9,0.0,10.17,177.6,23.17,2.0,3.474,-1.0,2.63,4.3,4901
2016-03-31 02:27:00,0.0,0.0,0.0,1113180.0,62.9,59.9,60.0,0.0,43233.0,540.0,96872.0,1069924.0,0.0,1.0,0.0,0.0,0.0,275.9,275.6,276.5,0.772,274.0,0.531,273.8,0.842,275.0,0.003,13.8,2.0,3.0,0.0,12.53,0.0,21.22,5.268,0.0,-0.02,-0.02,-0.017,-0.281,-0.152,0.223,0.0,15.6,10.19,10.26,9.03,9.49,9.590000000000002,9.53,-106.4,9.96,9.49,0.0139999999999999,0.002,0.0,0.002,0.004,0.009,0.005,0.006,12041.0,16720.0,16623.0,16953.0,14334.0,14358.0,11638.0,0.0,0.0,0.0,0.0,0.0,0.0,0.0,0.0,3.265,0.0,60.18,0.0,0.0,0.0,0.0,16.0,0.0,0.0,0.0,0.0,0.0,11.87,11.99,0.0,10.11,177.5,15.99,2.0,3.474,-1.0,2.522,4.2,4901
2016-03-31 02:28:00,0.0,0.0,0.0,1113180.0,62.9,59.9,60.0,0.0,43233.0,540.0,96872.0,1069924.0,0.0,1.0,0.0,0.0,0.0,276.1,275.4,276.4,0.772,274.0,0.531,273.8,0.842,275.0,0.003,13.8,2.0,3.0,0.0,12.53,0.0,21.2,5.276,0.0,-0.02,-0.02,-0.017,-0.315,-0.152,0.223,0.0,15.59,10.18,10.19,9.01,9.49,9.55,9.5,-132.0,9.94,9.49,0.011,0.001,0.0,0.002,0.002,0.009,0.005,0.005,12041.0,16720.0,16623.0,16953.0,14334.0,14358.0,11638.0,0.0,0.0,0.0,0.0,0.0,0.0,0.0,0.0,3.31,0.0,60.16,0.0,0.0,0.0,0.0,16.0,0.0,0.0,0.0,0.0,0.0,11.89,11.98,0.0,10.12,181.3,19.09,2.0,3.474,-1.0,3.213,6.0,4901
2016-03-31 02:29:00,0.0,0.0,0.0,1113180.0,62.9,59.9,60.0,0.0,43233.0,540.0,96872.0,1069924.0,0.0,1.0,0.0,0.0,0.0,276.1,275.5,276.5,0.772,274.0,0.531,273.6,0.842,275.0,0.003,13.8,2.0,3.0,0.0,12.53,0.0,21.17,5.297000000000001,0.0,-0.02,-0.02,-0.017,-0.307,-0.152,0.223,0.0,15.56,10.16,10.19,9.01,9.52,9.55,9.5,-133.0,9.94,9.49,0.02,0.001,0.001,0.002,0.003,0.009,0.005,0.005,12041.0,16720.0,16623.0,16953.0,14334.0,14358.0,11638.0,0.0,0.0,0.0,0.0,0.0,0.0,0.0,0.0,3.357,0.0,60.2,0.0,0.0,0.0,0.0,16.0,0.0,0.0,0.0,0.0,0.0,11.96,12.05,0.0,10.08,172.2,12.68,2.0,3.472,-1.0,3.3680000000000003,5.1,4901
2016-03-31 02:30:00,0.0,0.0,0.0,1113180.0,62.9,59.9,60.0,0.0,43233.0,540.0,96872.0,1069924.0,0.0,1.0,0.0,0.0,0.0,276.0,275.5,276.5,0.772,274.0,0.531,273.6,0.842,275.0,-0.001,13.48,2.0,1.0,0.0,12.53,0.0,21.14,5.29,0.0,-0.02,-0.02,-0.0149999999999999,-0.2979999999999999,-0.152,0.223,0.001,15.54,10.21,10.23,9.01,9.590000000000002,9.590000000000002,9.57,-111.7,9.94,9.49,0.017,0.002,0.001,0.002,0.003,0.009,0.005,0.005,12041.0,16720.0,16623.0,16953.0,14334.0,14358.0,11638.0,0.0,0.0,0.0,0.0,0.0,0.0,0.0,0.0,3.373,0.0,60.2,0.0,0.0,0.0,0.0,16.0,0.0,0.0,0.0,0.0,0.0,11.98,11.99,0.0,10.17,170.8,16.26,2.0,3.474,-1.0,3.315,5.2,4901
2016-03-31 02:31:00,0.0,0.0,0.0,1113180.0,62.9,59.9,60.0,0.0,43233.0,540.0,96872.0,1069924.0,0.0,1.0,0.0,0.0,0.0,275.9,275.4,276.4,0.772,274.0,0.531,273.2,0.842,274.8,0.0069999999999999,13.8,2.0,3.0,0.0,12.53,0.0,21.19,5.321000000000001,0.0,-0.02,-0.02,-0.016,-0.2979999999999999,-0.152,0.223,0.0,15.54,10.19,10.24,9.01,9.5,9.54,9.53,-132.5,9.94,9.44,0.02,0.001,0.001,0.002,0.003,0.008,0.005,0.005,12041.0,16720.0,16623.0,16953.0,14334.0,14358.0,11638.0,0.0,0.0,0.0,0.0,0.0,0.0,0.0,0.0,3.373,0.0,60.21,0.0,0.0,0.0,0.0,16.0,0.0,0.0,0.0,0.0,0.0,11.88,11.87,0.0,10.11,181.0,12.32,2.0,3.474,-1.0,2.48,4.6,4901
2016-03-31 02:32:00,0.0,0.0,0.0,1113180.0,62.9,59.9,60.0,0.0,43233.0,540.0,96872.0,1069924.0,0.0,1.0,0.0,0.0,0.0,275.8,275.3,276.3,0.772,273.9,0.531,273.0,0.842,274.1,0.003,13.8,2.0,3.0,0.0,12.53,0.0,21.04,5.336,0.0,-0.02,-0.02,-0.0149999999999999,-0.2939999999999999,-0.152,0.223,0.0,15.54,10.24,10.26,9.01,9.49,9.5,9.56,-80.79999999999998,9.91,9.46,0.008,0.001,0.001,0.002,0.004,0.009,0.004,0.004,12041.0,16720.0,16623.0,16953.0,14334.0,14358.0,11638.0,0.0,0.0,0.0,0.0,0.0,0.0,0.0,0.0,3.373,0.0,60.16,0.0,0.0,0.0,0.0,16.0,0.0,0.0,0.0,0.0,0.0,11.94,11.99,0.0,10.21,164.2,16.13,2.0,3.474,-1.0,3.455,6.1,4901
2016-03-31 02:33:00,0.0,0.0,0.0,1113180.0,62.9,59.9,60.0,0.0,43233.0,540.0,96872.0,1069924.0,0.0,1.0,0.0,0.0,0.0,275.9,275.3,276.3,0.772,274.0,0.531,273.0,0.842,274.3,0.003,13.8,2.0,3.0,0.0,12.53,0.0,21.14,5.341,0.0,-0.02,-0.019,-0.0149999999999999,-0.309,-0.152,0.223,0.0,15.54,10.24,10.24,9.01,9.47,9.49,9.55,-106.8,9.920000000000002,9.48,0.013,0.002,0.001,0.003,0.003,0.009,0.004,0.005,12041.0,16720.0,16623.0,16953.0,14334.0,14358.0,11638.0,0.0,0.0,0.0,0.0,0.0,0.0,0.0,0.0,3.403,0.0,60.14,0.0,0.0,0.0,0.0,16.0,0.0,0.0,0.0,0.0,0.0,11.9,11.98,0.0,10.17,171.0,11.9,2.0,3.473,-1.0,2.59,4.1,4901
2016-03-31 02:34:00,0.0,0.0,0.0,1113180.0,62.9,59.9,60.0,0.0,43233.0,540.0,96872.0,1069924.0,0.0,1.0,0.0,0.0,0.0,275.9,275.3,276.2,0.772,273.8,0.531,273.0,0.842,274.0,0.003,13.8,2.0,3.0,0.0,12.53,0.0,21.18,5.349,0.0,-0.02,-0.02,-0.016,-0.3049999999999999,-0.152,0.223,0.0,15.54,10.18,10.19,8.949999999999998,9.41,9.43,9.49,-64.24,9.86,9.4,0.017,0.001,0.001,0.003,0.003,0.009,0.005,0.006,12041.0,16720.0,16623.0,16953.0,14334.0,14358.0,11638.0,0.0,0.0,0.0,0.0,0.0,0.0,0.0,0.0,3.427,0.0,60.15,0.0,0.0,0.0,0.0,16.0,0.0,0.0,0.0,0.0,0.0,11.86,11.92,0.0,10.1,181.2,16.65,2.0,3.473,-1.0,2.418,4.4,4901
2016-03-31 02:35:00,0.0,0.0,0.0,1113180.0,62.9,59.9,60.0,0.0,43233.0,540.0,96872.0,1069924.0,0.0,1.0,0.0,0.0,0.0,275.9,275.2,276.1,0.772,273.1,0.531,273.0,0.842,274.0,0.004,13.8,2.0,3.0,0.0,12.51,0.0,21.15,5.364,0.0,-0.02,-0.02,-0.016,-0.2789999999999999,-0.152,0.222,0.0,15.48,10.19,10.26,8.91,9.39,9.44,9.49,-85.7,9.88,9.420000000000002,0.011,0.001,0.0,0.002,0.003,0.009,0.006,0.005,12041.0,16720.0,16623.0,16953.0,14334.0,14358.0,11638.0,0.0,0.0,0.0,0.0,0.0,0.0,0.0,0.0,3.5,0.0,60.15,0.0,0.0,0.0,0.0,16.0,0.0,0.0,0.0,0.0,0.0,11.9,11.94,0.0,10.15,167.9,12.78,2.0,3.474,-1.0,3.167,4.7,4901
2016-03-31 02:36:00,0.0,0.0,0.0,1113180.0,62.9,59.9,60.0,0.0,43233.0,540.0,96872.0,1069924.0,0.0,1.0,0.0,0.0,0.0,275.7,275.1,276.1,0.772,273.0,0.531,273.0,0.842,274.0,-0.005,13.31,2.0,1.0,0.0,12.51,0.0,21.16,5.382000000000001,0.0,-0.02,-0.02,-0.0149999999999999,-0.3279999999999999,-0.152,0.225,0.001,15.45,10.24,10.24,9.01,9.44,9.48,9.44,-111.3,9.88,9.4,0.0139999999999999,0.001,0.001,0.003,0.003,0.009,0.005,0.005,12041.0,16720.0,16623.0,16953.0,14334.0,14358.0,11638.0,0.0,0.0,0.0,0.0,0.0,0.0,0.0,0.0,3.508,0.0,60.15,0.0,0.0,0.0,0.0,16.0,0.0,0.0,0.0,0.0,0.0,11.91,11.97,0.0,10.15,182.5,17.55,2.0,3.474,-1.0,3.233,4.7,4901
2016-03-31 02:37:00,0.0,0.0,0.0,1113180.0,62.9,59.9,60.0,0.0,43233.0,540.0,96872.0,1069924.0,0.0,1.0,0.0,0.0,0.0,275.8,275.2,276.1,0.772,273.2,0.531,273.0,0.842,274.0,0.009,13.77,2.0,3.0,0.0,12.51,0.0,21.12,5.384,0.0,-0.02,-0.019,-0.013,-0.307,-0.152,0.223,0.001,15.45,10.21,10.26,9.01,9.48,9.49,9.47,-121.7,9.88,9.4,0.017,0.001,0.001,0.002,0.003,0.009,0.005,0.005,12041.0,16720.0,16623.0,16953.0,14334.0,14358.0,11638.0,0.0,0.0,0.0,0.0,0.0,0.0,0.0,0.0,3.568,0.0,60.15,0.0,0.0,0.0,0.0,16.0,0.0,0.0,0.0,0.0,0.0,11.89,11.98,0.0,10.1,178.0,11.15,2.0,3.474,-1.0,3.138,5.0,4901
2016-03-31 02:38:00,0.0,0.0,0.0,1113180.0,62.9,59.9,60.0,0.0,43233.0,540.0,96872.0,1069924.0,0.0,1.0,0.0,0.0,0.0,275.8,275.2,276.1,0.772,273.9,0.531,273.0,0.842,274.0,0.004,13.8,2.0,3.0,0.0,12.51,0.0,21.04,5.448,0.0,-0.02,-0.018,-0.013,-0.309,-0.152,0.223,0.0,15.45,10.16,10.16,8.99,9.41,9.49,9.44,-132.4,9.88,9.420000000000002,0.006,0.001,0.0,0.002,0.003,0.009,0.005,0.005,12041.0,16720.0,16623.0,16953.0,14334.0,14358.0,11638.0,0.0,0.0,0.0,0.0,0.0,0.0,0.0,0.0,3.642,0.0,60.14,0.0,0.0,0.0,0.0,16.0,0.0,0.0,0.0,0.0,0.0,11.9,11.91,0.0,10.09,166.1,11.1,2.0,3.474,-1.0,2.755,4.9,4901
2016-03-31 02:39:00,0.0,0.0,0.0,1113180.0,62.9,59.9,60.0,0.0,43233.0,540.0,96872.0,1069924.0,0.0,1.0,0.0,0.0,0.0,276.0,275.1,276.1,0.772,273.9,0.531,273.0,0.842,274.0,0.003,13.8,2.0,3.0,0.0,12.51,0.0,21.13,5.554,0.0,-0.02,-0.019,-0.0139999999999999,-0.313,-0.152,0.223,0.0,15.45,10.16,10.16,8.91,9.39,9.39,9.4,-111.0,9.83,9.33,0.013,0.002,0.0,0.002,0.002,0.009,0.005,0.005,12041.0,16720.0,16623.0,16953.0,14334.0,14358.0,11638.0,0.0,0.0,0.0,0.0,0.0,0.0,0.0,0.0,3.642,0.0,60.19,0.0,0.0,0.0,0.0,16.0,0.0,0.0,0.0,0.0,0.0,11.86,11.88,0.0,10.08,171.7,22.64,2.0,3.473,-1.0,2.735,6.6,4901
2016-03-31 02:40:00,0.0,0.0,0.0,1113180.0,62.9,59.9,60.0,0.0,43233.0,540.0,96872.0,1069924.0,0.0,1.0,0.0,0.0,0.0,275.9,275.2,276.1,0.772,273.6,0.531,273.0,0.842,274.0,0.003,13.8,2.0,3.0,0.0,12.51,0.0,21.3,5.537000000000001,0.0,-0.02,-0.018,-0.0139999999999999,-0.307,-0.152,0.223,0.0,15.43,10.21,10.24,8.98,9.41,9.48,9.44,-106.5,9.86,9.37,0.0139999999999999,0.0,0.0,0.002,0.003,0.009,0.006,0.005,12041.0,16720.0,16623.0,16953.0,14334.0,14358.0,11638.0,0.0,0.0,0.0,0.0,0.0,0.0,0.0,0.0,3.642,0.0,60.15,0.0,0.0,0.0,0.0,16.0,0.0,0.0,0.0,0.0,0.0,11.9,12.03,0.0,10.15,182.4,13.1,2.0,3.474,-1.0,3.233,5.5,4901
2016-03-31 02:41:00,0.0,0.0,0.0,1113180.0,62.9,59.9,60.0,0.0,43233.0,540.0,96872.0,1069924.0,0.0,1.0,0.0,0.0,0.0,275.7,275.3,276.2,0.772,273.6,0.531,273.0,0.842,274.0,0.005,13.8,2.0,3.0,0.0,12.51,0.0,21.28,5.626,0.0,-0.018,-0.017,-0.013,-0.26,-0.152,0.223,0.0,15.4,10.26,10.23,9.01,9.49,9.49,9.47,-89.7,9.88,9.41,0.02,0.002,0.0,0.002,0.002,0.009,0.005,0.004,12041.0,16720.0,16623.0,16953.0,14334.0,14358.0,11638.0,0.0,0.0,0.0,0.0,0.0,0.0,0.0,0.0,3.642,0.0,60.14,0.0,0.0,0.0,0.0,16.0,0.0,0.0,0.0,0.0,0.0,11.98,12.06,0.0,10.19,181.5,16.9,2.0,3.474,-1.0,3.465,6.0,4901
2016-03-31 02:42:00,0.0,0.0,0.0,1113180.0,62.9,59.9,60.0,0.0,43233.0,540.0,96872.0,1069924.0,0.0,1.0,0.0,0.0,0.0,275.7,275.3,276.2,0.772,273.6,0.531,273.0,0.842,274.1,-0.003,13.35,2.0,1.0,0.0,12.51,0.0,21.15,5.598,0.0,-0.017,-0.017,-0.013,-0.317,-0.152,0.2239999999999999,0.001,15.35,10.28,10.26,9.01,9.52,9.54,9.420000000000002,-87.4,9.88,9.49,0.022,0.002,0.0,0.002,0.003,0.009,0.005,0.004,12041.0,16720.0,16623.0,16953.0,14334.0,14358.0,11638.0,0.0,0.0,0.0,0.0,0.0,0.0,0.0,0.0,3.642,0.0,60.22,0.0,0.0,0.0,0.0,16.0,0.0,0.0,0.0,0.0,0.0,11.99,12.06,0.0,10.18,179.9,12.45,2.0,3.474,-1.0,2.832,5.8,4901
2016-03-31 02:43:00,0.0,0.0,0.0,1113180.0,62.9,59.9,60.0,0.0,43233.0,540.0,96872.0,1069924.0,0.0,1.0,0.0,0.0,0.0,275.9,275.1,276.2,0.772,273.0,0.531,273.0,0.842,274.0,0.005,13.8,2.0,3.0,0.0,12.49,0.0,21.1,5.632999999999999,0.0,-0.017,-0.017,-0.013,-0.313,-0.152,0.223,0.0,15.35,10.26,10.26,9.01,9.56,9.590000000000002,9.5,-132.3,9.88,9.49,0.0149999999999999,0.001,0.0,0.003,0.003,0.009,0.005,0.004,12041.0,16720.0,16623.0,16953.0,14334.0,14358.0,11638.0,0.0,0.0,0.0,0.0,0.0,0.0,0.0,0.0,3.642,0.0,60.17,0.0,0.0,0.0,0.0,16.0,0.0,0.0,0.0,0.0,0.0,11.95,11.99,0.0,10.17,176.8,25.11,2.0,3.474,-1.0,2.88,4.4,4901
2016-03-31 02:44:00,0.0,0.0,0.0,1113180.0,62.9,59.9,60.0,0.0,43233.0,540.0,96872.0,1069924.0,0.0,1.0,0.0,0.0,0.0,276.0,275.1,276.2,0.772,273.3,0.531,273.0,0.842,274.0,0.003,13.8,2.0,3.0,0.0,12.49,0.0,21.09,5.716,0.0,-0.017,-0.017,-0.013,-0.315,-0.152,0.223,0.0,15.35,10.24,10.24,9.03,9.49,9.590000000000002,9.47,-105.7,9.88,9.46,0.019,0.001,0.0,0.002,0.004,0.009,0.005,0.005,12041.0,16720.0,16623.0,16953.0,14334.0,14358.0,11638.0,0.0,0.0,0.0,0.0,0.0,0.0,0.0,0.0,3.653,0.0,60.13,0.0,0.0,0.0,0.0,16.0,0.0,0.0,0.0,0.0,0.0,11.93,11.97,0.0,10.12,178.1,14.37,2.0,3.474,-1.0,2.562,4.4,4901
2016-03-31 02:45:00,0.0,0.0,0.0,1113180.0,62.9,59.9,60.0,0.0,43233.0,540.0,96872.0,1069924.0,0.0,1.0,0.0,0.0,0.0,275.7,275.1,276.1,0.772,273.0,0.531,273.0,0.842,274.0,0.003,13.8,2.0,3.0,0.0,12.49,0.0,21.14,5.731,0.0,-0.018,-0.017,-0.013,-0.311,-0.152,0.223,0.0,15.35,10.18,10.23,9.01,9.49,9.49,9.4,-131.6,9.88,9.43,0.013,0.001,0.001,0.002,0.003,0.008,0.005,0.005,12041.0,16720.0,16623.0,16953.0,14334.0,14358.0,11638.0,0.0,0.0,0.0,0.0,0.0,0.0,0.0,0.0,3.642,0.0,60.15,0.0,0.0,0.0,0.0,16.0,0.0,0.0,0.0,0.0,0.0,11.96,11.93,0.0,10.09,177.2,15.67,2.0,3.473,-1.0,2.67,4.7,4901
2016-03-31 02:46:00,0.0,0.0,0.0,1113180.0,62.9,59.9,60.0,0.0,43233.0,540.0,96872.0,1069924.0,0.0,1.0,0.0,0.0,0.0,275.7,275.1,276.1,0.772,273.0,0.531,273.0,0.842,274.0,0.003,13.8,2.0,3.0,0.0,12.49,0.0,21.18,5.674,0.0,-0.02,-0.017,-0.013,-0.307,-0.152,0.223,0.0,15.35,10.18,10.23,9.01,9.49,9.49,9.420000000000002,-131.7,9.88,9.43,0.018,0.001,0.001,0.001,0.002,0.009,0.005,0.005,12041.0,16720.0,16623.0,16953.0,14334.0,14358.0,11638.0,0.0,0.0,0.0,0.0,0.0,0.0,0.0,0.0,3.648,0.0,60.13,0.0,0.0,0.0,0.0,16.0,0.0,0.0,0.0,0.0,0.0,11.88,11.96,0.0,10.11,183.1,13.07,2.0,3.473,-1.0,3.192,5.5,4901
2016-03-31 02:47:00,0.0,0.0,0.0,1113180.0,62.9,59.9,60.0,0.0,43233.0,540.0,96872.0,1069924.0,0.0,1.0,0.0,0.0,0.0,275.7,275.0,276.1,0.772,273.0,0.531,273.0,0.842,274.0,0.004,13.8,2.0,3.0,0.0,12.49,0.0,21.25,5.72,0.0,-0.02,-0.017,-0.013,-0.288,-0.152,0.222,0.0,15.35,10.23,10.26,9.01,9.49,9.52,9.420000000000002,-84.4,9.83,9.41,0.0149999999999999,0.001,0.001,0.002,0.002,0.008,0.005,0.004,12041.0,16720.0,16623.0,16953.0,14334.0,14358.0,11638.0,0.0,0.0,0.0,0.0,0.0,0.0,0.0,0.0,3.659,0.0,60.14,0.0,0.0,0.0,0.0,16.0,0.0,0.0,0.0,0.0,0.0,11.89,11.96,0.0,10.11,187.8,13.64,2.0,3.474,-1.0,2.732,4.0,4901
2016-03-31 02:48:00,0.0,0.0,0.0,1113180.0,62.9,59.9,60.0,0.0,43233.0,540.0,96872.0,1069924.0,0.0,1.0,0.0,0.0,0.0,275.6,275.1,276.1,0.772,273.0,0.531,273.0,0.842,274.0,-0.005,13.31,2.0,1.0,0.0,12.49,0.0,21.18,5.783,0.0,-0.02,-0.017,-0.013,-0.33,-0.152,0.225,0.001,15.35,10.23,10.18,8.949999999999998,9.48,9.5,9.39,-110.2,9.76,9.43,0.0149999999999999,0.001,0.0,0.002,0.002,0.009,0.004,0.005,12041.0,16720.0,16623.0,16953.0,14334.0,14358.0,11638.0,0.0,0.0,0.0,0.0,0.0,0.0,0.0,0.0,3.696,0.0,60.22,0.0,0.0,0.0,0.0,16.0,0.0,0.0,0.0,0.0,0.0,11.88,11.94,0.0,10.16,181.1,14.52,2.0,3.474,-1.0,2.212,3.3,4901
2016-03-31 02:49:00,0.0,0.0,0.0,1113180.0,62.9,59.9,60.0,0.0,43233.0,540.0,96872.0,1069924.0,0.0,1.0,0.0,0.0,0.0,275.6,274.9,275.9,0.772,273.0,0.531,273.0,0.842,274.0,0.009,13.72,2.0,3.0,0.0,12.49,0.0,21.17,5.807,0.0,-0.02,-0.017,-0.0139999999999999,-0.2899999999999999,-0.152,0.223,0.001,15.35,10.23,10.19,8.929999999999998,9.41,9.46,9.35,-131.8,9.8,9.35,0.009,0.001,0.001,0.002,0.003,0.009,0.005,0.005,12041.0,16720.0,16623.0,16953.0,14334.0,14358.0,11638.0,0.0,0.0,0.0,0.0,0.0,0.0,0.0,0.0,3.701,0.0,60.17,0.0,0.0,0.0,0.0,16.0,0.0,0.0,0.0,0.0,0.0,11.87,11.92,0.0,10.17,167.5,16.02,2.0,3.474,-1.0,2.887,4.4,4901
2016-03-31 02:50:00,0.0,0.0,0.0,1113180.0,62.9,59.9,60.0,0.0,43233.0,540.0,96872.0,1069924.0,0.0,1.0,0.0,0.0,0.0,275.5,274.8,275.8,0.772,273.0,0.531,273.0,0.842,274.0,0.004,13.8,2.0,3.0,0.0,12.49,0.0,21.2,5.828,0.0,-0.02,-0.017,-0.0139999999999999,-0.2979999999999999,-0.152,0.223,0.0,15.35,10.24,10.24,8.98,9.41,9.46,9.37,-109.8,9.88,9.420000000000002,0.0139999999999999,0.0,0.0,0.002,0.002,0.009,0.005,0.005,12041.0,16720.0,16623.0,16953.0,14334.0,14358.0,11638.0,0.0,0.0,0.0,0.0,0.0,0.0,0.0,0.0,3.72,0.0,60.18,0.0,0.0,0.0,0.0,16.0,0.0,0.0,0.0,0.0,0.0,11.82,11.89,0.0,10.17,181.1,14.35,2.0,3.474,-1.0,2.893,5.2,4901
2016-03-31 02:51:00,0.0,0.0,0.0,1113180.0,62.9,59.9,60.0,0.0,43233.0,540.0,96872.0,1069924.0,0.0,1.0,0.0,0.0,0.0,275.6,274.8,275.8,0.772,273.0,0.531,273.0,0.842,274.0,0.003,13.8,2.0,3.0,0.0,12.49,0.0,21.11,5.846,0.0,-0.02,-0.017,-0.0139999999999999,-0.332,-0.152,0.223,0.0,15.35,10.14,10.18,8.929999999999998,9.39,9.41,9.32,-130.8,9.76,9.33,0.009,0.001,0.0,0.002,0.003,0.009,0.006,0.005,12041.0,16720.0,16623.0,16953.0,14334.0,14358.0,11638.0,0.0,0.0,0.0,0.0,0.0,0.0,0.0,0.0,3.765,0.0,60.14,0.0,0.0,0.0,0.0,16.0,0.0,0.0,0.0,0.0,0.0,11.78,11.8,0.0,10.04,183.4,16.29,2.0,3.473,-1.0,2.28,4.3,4901
2016-03-31 02:52:00,0.0,0.0,0.0,1113180.0,62.9,59.9,60.0,0.0,43233.0,540.0,96872.0,1069924.0,0.0,1.0,0.0,0.0,0.0,275.8,274.7,275.7,0.772,273.0,0.531,273.0,0.842,274.0,0.003,13.8,2.0,3.0,0.0,12.49,0.0,21.16,5.808,0.0,-0.02,-0.019,-0.016,-0.313,-0.152,0.223,0.0,15.35,10.14,10.08,8.849999999999998,9.31,9.38,9.32,-130.8,9.68,9.3,0.013,0.001,0.001,0.002,0.004,0.009,0.006,0.005,12041.0,16720.0,16623.0,16953.0,14334.0,14358.0,11638.0,0.0,0.0,0.0,0.0,0.0,0.0,0.0,0.0,3.77,0.0,60.15,0.0,0.0,0.0,0.0,16.0,0.0,0.0,0.0,0.0,0.0,11.74,11.82,0.0,10.02,167.6,13.36,2.0,3.474,-1.0,2.555,4.3,4901
2016-03-31 02:53:00,0.0,0.0,0.0,1113180.0,62.9,59.9,60.0,0.0,43233.0,540.0,96872.0,1069924.0,0.0,1.0,0.0,0.0,0.0,275.5,274.7,275.7,0.772,273.0,0.531,273.0,0.842,274.0,0.003,13.8,2.0,3.0,0.0,12.49,0.0,21.18,5.772,0.0,-0.02,-0.019,-0.0149999999999999,-0.332,-0.152,0.223,0.0,15.27,10.16,10.15,8.88,9.35,9.36,9.32,-53.92,9.75,9.3,0.01,0.001,0.001,0.001,0.003,0.009,0.005,0.004,12041.0,16720.0,16623.0,16953.0,14334.0,14358.0,11638.0,0.0,0.0,0.0,0.0,0.0,0.0,0.0,0.0,3.751,0.0,60.14,0.0,0.0,0.0,0.0,16.0,0.0,0.0,0.0,0.0,0.0,11.8,11.88,0.0,10.05,164.6,16.35,2.0,3.474,-1.0,3.5980000000000003,5.4,4901
2016-03-31 02:54:00,0.0,0.0,0.0,1113180.0,62.9,59.9,60.0,0.0,43233.0,540.0,96872.0,1069924.0,0.0,1.0,0.0,0.0,0.0,275.7,274.6,275.6,0.772,273.0,0.531,273.0,0.842,274.0,-0.009,13.31,2.0,1.0,0.0,12.48,0.0,21.18,5.756,0.0,-0.02,-0.019,-0.0139999999999999,-0.311,-0.152,0.2239999999999999,0.001,15.25,10.16,10.14,8.91,9.39,9.39,9.32,-88.5,9.78,9.3,0.019,0.001,0.001,0.002,0.003,0.009,0.006,0.005,12041.0,16720.0,16623.0,16953.0,14334.0,14358.0,11638.0,0.0,0.0,0.0,0.0,0.0,0.0,0.0,0.0,3.745,0.0,60.14,0.0,0.0,0.0,0.0,16.0,0.0,0.0,0.0,0.0,0.0,11.81,11.82,0.0,10.08,176.5,21.73,2.0,3.474,-1.0,2.213,3.5,4901
2016-03-31 02:55:00,0.0,0.0,0.0,1113180.0,62.9,59.9,60.0,0.0,43233.0,540.0,96872.0,1069924.0,0.0,1.0,0.0,0.0,0.0,275.6,274.7,275.7,0.772,273.0,0.531,273.0,0.842,274.0,0.0139999999999999,13.64,2.0,3.0,0.0,12.46,0.0,21.16,5.839,0.0,-0.02,-0.018,-0.0139999999999999,-0.332,-0.152,0.223,0.001,15.25,10.16,10.16,8.91,9.39,9.39,9.35,-129.9,9.78,9.32,0.01,0.001,0.001,0.002,0.003,0.009,0.005,0.004,12041.0,16720.0,16623.0,16953.0,14334.0,14358.0,11638.0,0.0,0.0,0.0,0.0,0.0,0.0,0.0,0.0,3.748,0.0,60.15,0.0,0.0,0.0,0.0,16.0,0.0,0.0,0.0,0.0,0.0,11.79,11.88,0.0,10.11,172.5,12.36,2.0,3.474,-1.0,2.87,4.3,4901
2016-03-31 02:56:00,0.0,0.0,0.0,1113180.0,62.9,59.9,60.0,0.0,43233.0,540.0,96872.0,1069924.0,0.0,1.0,0.0,0.0,0.0,276.2,275.5,276.5,0.772,273.9,0.531,273.9,0.842,274.9,0.004,13.8,2.0,3.0,0.0,12.46,0.0,21.14,5.836,0.0,-0.02,-0.017,-0.013,-0.32,-0.152,0.223,0.0,15.25,10.16,10.18,8.91,9.39,9.39,9.38,-130.3,9.81,9.35,0.019,0.0,0.0,0.002,0.003,0.01,0.005,0.005,12041.0,16720.0,16623.0,16953.0,14334.0,14358.0,11638.0,0.0,0.0,0.0,0.0,0.0,0.0,0.0,0.0,3.775,0.0,60.14,0.0,0.0,0.0,0.0,16.0,0.0,0.0,0.0,0.0,0.0,11.84,11.95,0.0,10.12,187.1,15.52,2.0,3.474,-1.0,2.662,4.1,4901
2016-03-31 02:57:00,0.0,0.0,0.0,1113180.0,62.9,59.9,60.0,0.0,43233.0,540.0,96872.0,1069924.0,0.0,1.0,0.0,0.0,0.0,276.3,275.6,276.6,0.772,274.0,0.531,274.0,0.842,275.0,0.003,13.8,2.0,3.0,0.0,12.46,0.0,21.08,5.872000000000001,0.0,-0.02,-0.018,-0.0139999999999999,-0.3279999999999999,-0.152,0.223,0.0,15.25,10.15,10.16,8.859999999999998,9.340000000000002,9.39,9.33,-109.5,9.72,9.33,0.013,0.001,0.0,0.002,0.004,0.009,0.005,0.005,12041.0,16720.0,16623.0,16953.0,14334.0,14358.0,11638.0,0.0,0.0,0.0,0.0,0.0,0.0,0.0,0.0,3.843,0.0,60.14,0.0,0.0,0.0,0.0,16.0,0.0,0.0,0.0,0.0,0.0,11.84,11.85,0.0,10.04,166.8,23.74,2.0,3.474,-1.0,1.113,2.2,4901
2016-03-31 02:58:00,0.0,0.0,0.0,1113180.0,62.9,59.9,60.0,0.0,43233.0,540.0,96872.0,1069924.0,0.0,1.0,0.0,0.0,0.0,276.7,275.5,276.4,0.772,274.0,0.531,274.0,0.842,275.0,0.003,13.8,2.0,3.0,0.0,12.46,0.0,21.21,5.931,0.0,-0.02,-0.02,-0.017,-0.3009999999999999,-0.152,0.223,0.0,15.24,10.16,10.12,8.82,9.3,9.3,9.29,-104.9,9.68,9.2,0.0139999999999999,0.001,0.001,0.002,0.003,0.009,0.004,0.005,12041.0,16720.0,16623.0,16953.0,14334.0,14358.0,11638.0,0.0,0.0,0.0,0.0,0.0,0.0,0.0,0.0,3.912,0.0,60.14,0.0,0.0,0.0,0.0,16.0,0.0,0.0,0.0,0.0,0.0,11.78,11.9,0.0,10.03,176.2,12.33,2.0,3.474,-1.0,2.802,3.9,4901
2016-03-31 02:59:00,0.0,0.0,0.0,1113180.0,62.9,59.9,60.0,0.0,43233.0,540.0,96872.0,1069924.0,0.0,1.0,0.0,0.0,0.0,276.4,275.6,276.5,0.772,274.0,0.531,274.0,0.842,275.0,0.003,13.8,2.0,3.0,0.0,12.46,0.0,21.1,5.935,0.0,-0.02,-0.02,-0.017,-0.326,-0.152,0.222,0.0,15.22,10.11,10.07,8.82,9.3,9.3,9.29,-104.5,9.670000000000002,9.25,0.02,0.001,0.0,0.002,0.005,0.008,0.005,0.005,12041.0,16720.0,16623.0,16953.0,14334.0,14358.0,11638.0,0.0,0.0,0.0,0.0,0.0,0.0,0.0,0.0,3.937,0.0,60.18,0.0,0.0,0.0,0.0,16.0,0.0,0.0,0.0,0.0,0.0,11.76,11.87,0.0,10.0,175.6,11.49,2.0,3.474,-1.0,2.5,3.8,4901
2016-03-31 03:00:00,0.0,0.0,0.0,1113180.0,62.9,59.9,60.0,0.0,43233.0,540.0,96872.0,1069924.0,0.0,1.0,0.0,0.0,0.0,276.3,275.6,276.6,0.772,274.0,0.531,274.0,0.842,275.0,-0.009,13.36,2.0,1.0,0.0,12.45,0.0,21.11,5.938,0.0,-0.02,-0.019,-0.017,-0.262,-0.152,0.2239999999999999,0.001,15.22,10.08,10.07,8.82,9.3,9.3,9.27,-105.0,9.68,9.26,0.019,0.001,0.0,0.002,0.003,0.009,0.005,0.005,12041.0,16720.0,16623.0,16953.0,14334.0,14358.0,11638.0,0.0,0.0,0.0,0.0,0.0,0.0,0.0,0.0,4.005,0.0,60.17,0.0,0.0,0.0,0.0,16.0,0.0,0.0,0.0,0.0,0.0,11.78,11.83,0.0,10.03,167.5,19.87,2.0,3.474,-1.0,2.158,3.7,4901
2016-03-31 03:01:00,0.0,0.0,0.0,1113180.0,62.9,59.9,60.0,0.0,43233.0,540.0,96872.0,1069924.0,0.0,1.0,0.0,0.0,0.0,276.1,275.6,276.5,0.772,274.0,0.531,273.5,0.842,275.0,0.013,13.59,2.0,3.0,0.0,12.44,0.0,21.13,5.932,0.0,-0.02,-0.019,-0.016,-0.3029999999999999,-0.152,0.223,0.001,15.24,10.15,10.13,8.87,9.33,9.37,9.32,-104.8,9.73,9.27,0.017,0.001,0.001,0.002,0.002,0.01,0.006,0.005,12041.0,16720.0,16623.0,16953.0,14334.0,14358.0,11638.0,0.0,0.0,0.0,0.0,0.0,0.0,0.0,0.0,4.012,0.0,60.22,0.0,0.0,0.0,0.0,16.0,0.0,0.0,0.0,0.0,0.0,11.8,11.93,0.0,10.12,189.1,18.58,2.0,3.474,-1.0,3.225,5.6,4901
2016-03-31 03:02:00,0.0,0.0,0.0,1113180.0,62.9,59.9,60.0,0.0,43233.0,540.0,96872.0,1069924.0,0.0,1.0,0.0,0.0,0.0,276.1,275.5,276.4,0.772,274.0,0.531,273.0,0.842,274.6,0.004,13.8,2.0,3.0,0.0,12.44,0.0,21.13,5.928,0.0,-0.019,-0.017,-0.013,-0.311,-0.152,0.222,0.0,15.19,10.16,10.16,8.91,9.39,9.39,9.36,-130.4,9.85,9.33,0.019,0.001,0.001,0.002,0.003,0.009,0.004,0.005,12041.0,16720.0,16623.0,16953.0,14334.0,14358.0,11638.0,0.0,0.0,0.0,0.0,0.0,0.0,0.0,0.0,3.927,0.0,60.14,0.0,0.0,0.0,0.0,16.0,0.0,0.0,0.0,0.0,0.0,11.86,11.96,0.0,10.12,179.3,13.39,2.0,3.474,-1.0,2.943,4.5,4901
2016-03-31 03:03:00,0.0,0.0,0.0,1113180.0,62.9,59.9,60.0,0.0,43233.0,540.0,96872.0,1069924.0,0.0,1.0,0.0,0.0,0.0,275.9,275.5,276.4,0.772,274.0,0.531,273.0,0.842,274.2,0.003,13.8,2.0,3.0,0.0,12.44,0.0,21.15,5.915,0.0,-0.017,-0.017,-0.013,-0.317,-0.152,0.222,0.0,15.16,10.16,10.16,8.91,9.39,9.41,9.39,-129.8,9.86,9.32,0.011,0.001,0.0,0.001,0.003,0.009,0.005,0.005,12041.0,16720.0,16623.0,16953.0,14334.0,14358.0,11638.0,0.0,0.0,0.0,0.0,0.0,0.0,0.0,0.0,3.912,0.0,60.19,0.0,0.0,0.0,0.0,16.0,0.0,0.0,0.0,0.0,0.0,11.9,11.95,0.0,10.1,180.2,17.86,2.0,3.474,-1.0,2.3280000000000003,3.8,4901
2016-03-31 03:04:00,0.0,0.0,0.0,1113180.0,62.9,59.9,60.0,0.0,43233.0,540.0,96872.0,1069924.0,0.0,1.0,0.0,0.0,0.0,276.1,275.4,276.4,0.772,274.0,0.531,273.3,0.842,274.8,0.003,13.8,2.0,3.0,0.0,12.44,0.0,21.16,5.9270000000000005,0.0,-0.017,-0.017,-0.013,-0.326,-0.152,0.222,0.0,15.16,10.16,10.16,8.91,9.39,9.39,9.4,-88.0,9.78,9.3,0.023,0.0,0.001,0.001,0.002,0.009,0.005,0.005,12041.0,16720.0,16623.0,16953.0,14334.0,14358.0,11638.0,0.0,0.0,0.0,0.0,0.0,0.0,0.0,0.0,3.912,0.0,60.2,0.0,0.0,0.0,0.0,16.0,0.0,0.0,0.0,0.0,0.0,11.85,11.96,0.0,10.1,183.3,18.02,2.0,3.474,-1.0,2.412,3.4,4901
2016-03-31 03:05:00,0.0,0.0,0.0,1113180.0,62.9,59.9,60.0,0.0,43233.0,540.0,96872.0,1069924.0,0.0,1.0,0.0,0.0,0.0,275.9,275.3,276.3,0.772,274.0,0.531,273.0,0.842,274.5,0.003,13.8,2.0,3.0,0.0,12.44,0.0,21.17,5.862,0.0,-0.018,-0.017,-0.013,-0.315,-0.152,0.222,0.0,15.16,10.16,10.16,8.91,9.39,9.39,9.4,-129.5,9.78,9.340000000000002,0.01,0.001,0.001,0.002,0.003,0.009,0.004,0.005,12041.0,16720.0,16623.0,16953.0,14334.0,14358.0,11638.0,0.0,0.0,0.0,0.0,0.0,0.0,0.0,0.0,3.78,0.0,60.14,0.0,0.0,0.0,0.0,16.0,0.0,0.0,0.0,0.0,0.0,11.82,11.93,0.0,10.13,167.1,31.44,2.0,3.474,-1.0,2.31,3.8,4901
2016-03-31 03:06:00,0.0,0.0,0.0,1113180.0,62.9,59.9,60.0,0.0,43233.0,540.0,96872.0,1069924.0,0.0,1.0,0.0,0.0,0.0,276.0,275.2,276.3,0.772,274.0,0.531,273.0,0.842,274.3,-0.005,13.47,2.0,1.0,0.0,12.44,0.0,21.13,5.641,0.0,-0.02,-0.017,-0.0139999999999999,-0.3049999999999999,-0.152,0.223,0.001,15.16,10.1,10.08,8.9,9.33,9.41,9.39,-109.1,9.7,9.22,0.017,0.002,0.001,0.002,0.002,0.009,0.005,0.004,12041.0,16720.0,16623.0,16953.0,14334.0,14358.0,11638.0,0.0,0.0,0.0,0.0,0.0,0.0,0.0,0.0,3.642,0.0,60.17,0.0,0.0,0.0,0.0,16.0,0.0,0.0,0.0,0.0,0.0,11.81,11.79,0.0,9.98,184.8,37.31,2.0,3.474,-1.0,1.682,3.4,4901
2016-03-31 03:07:00,0.0,0.0,0.0,1113180.0,62.9,59.9,60.0,0.0,43233.0,540.0,96872.0,1069924.0,0.0,1.0,0.0,0.0,0.0,276.0,275.3,276.3,0.772,274.0,0.531,273.0,0.842,274.5,0.011,13.69,2.0,3.0,0.0,12.44,0.0,21.15,5.562,0.0,-0.02,-0.018,-0.016,-0.332,-0.152,0.223,0.001,15.16,10.07,10.05,8.82,9.3,9.39,9.31,-37.36,9.68,9.21,0.022,0.002,0.001,0.002,0.002,0.008,0.005,0.004,12041.0,16720.0,16623.0,16953.0,14334.0,14358.0,11638.0,0.0,0.0,0.0,0.0,0.0,0.0,0.0,0.0,3.537,0.0,60.22,0.0,0.0,0.0,0.0,16.0,0.0,0.0,0.0,0.0,0.0,11.81,11.92,0.0,9.97,183.0,14.82,2.0,3.474,-1.0,2.125,3.3,4901
2016-03-31 03:08:00,0.0,0.0,0.0,1113180.0,62.9,59.9,60.0,0.0,43233.0,540.0,96872.0,1069924.0,0.0,1.0,0.0,0.0,0.0,276.2,275.3,276.3,0.772,274.0,0.531,273.0,0.842,274.9,0.003,13.8,2.0,3.0,0.0,12.43,0.0,21.17,5.442,0.0,-0.02,-0.019,-0.017,-0.3279999999999999,-0.152,0.222,0.0,15.16,10.05,9.97,8.82,9.3,9.340000000000002,9.29,-108.4,9.68,9.22,0.017,0.001,0.0,0.001,0.003,0.009,0.004,0.004,12041.0,16720.0,16623.0,16953.0,14334.0,14358.0,11638.0,0.0,0.0,0.0,0.0,0.0,0.0,0.0,0.0,3.495,0.0,60.22,0.0,0.0,0.0,0.0,16.0,0.0,0.0,0.0,0.0,0.0,11.82,11.94,0.0,9.98,171.8,13.27,2.0,3.474,-1.0,2.3,4.0,4901
2016-03-31 03:09:00,0.0,0.0,0.0,1113180.0,62.9,59.9,60.0,0.0,43233.0,540.0,96872.0,1069924.0,0.0,1.0,0.0,0.0,0.0,276.3,275.2,276.3,0.772,274.0,0.531,273.0,0.842,275.0,0.003,13.8,2.0,3.0,0.0,12.42,0.0,21.12,5.419,0.0,-0.02,-0.018,-0.0149999999999999,-0.3279999999999999,-0.152,0.222,0.0,15.16,10.08,10.13,8.88,9.33,9.36,9.37,-83.4,9.78,9.24,0.0149999999999999,0.001,0.0,0.001,0.002,0.009,0.005,0.005,12041.0,16720.0,16623.0,16953.0,14334.0,14358.0,11638.0,0.0,0.0,0.0,0.0,0.0,0.0,0.0,0.0,3.508,0.0,60.2,0.0,0.0,0.0,0.0,16.0,0.0,0.0,0.0,0.0,0.0,11.89,12.05,0.0,10.09,167.8,11.31,2.0,3.474,-1.0,3.623,4.7,4901
2016-03-31 03:10:00,0.0,0.0,0.0,1113180.0,62.9,59.9,60.0,0.0,43233.0,540.0,96872.0,1069924.0,0.0,1.0,0.0,0.0,0.0,275.9,275.4,276.4,0.772,274.0,0.531,273.0,0.842,275.0,0.003,13.8,2.0,3.0,0.0,12.42,0.0,21.19,5.509,0.0,-0.017,-0.017,-0.013,-0.324,-0.152,0.223,0.0,15.16,10.16,10.16,8.98,9.43,9.46,9.4,-108.4,9.86,9.3,0.022,0.001,0.0,0.002,0.003,0.008,0.004,0.005,12041.0,16720.0,16623.0,16953.0,14334.0,14358.0,11638.0,0.0,0.0,0.0,0.0,0.0,0.0,0.0,0.0,3.593,0.0,60.16,0.0,0.0,0.0,0.0,16.0,0.0,0.0,0.0,0.0,0.0,11.98,12.03,0.0,10.11,180.0,16.57,2.0,3.474,-1.0,3.138,5.3,4901
2016-03-31 03:11:00,0.0,0.0,0.0,1113180.0,62.9,59.9,60.0,0.0,43233.0,540.0,96872.0,1069924.0,0.0,1.0,0.0,0.0,0.0,275.9,275.3,276.3,0.772,274.0,0.531,273.0,0.842,274.7,0.003,13.8,2.0,3.0,0.0,12.42,0.0,21.11,5.719,0.0,-0.017,-0.017,-0.013,-0.324,-0.152,0.223,0.0,15.14,10.16,10.16,8.929999999999998,9.39,9.49,9.39,-108.9,9.81,9.32,0.02,0.001,0.001,0.002,0.003,0.008,0.005,0.005,12041.0,16720.0,16623.0,16953.0,14334.0,14358.0,11638.0,0.0,0.0,0.0,0.0,0.0,0.0,0.0,0.0,3.643,0.0,60.21,0.0,0.0,0.0,0.0,16.0,0.0,0.0,0.0,0.0,0.0,11.95,12.0,0.0,10.11,189.3,16.16,2.0,3.474,-1.0,2.257,3.0,4901
2016-03-31 03:12:00,0.0,0.0,0.0,1113180.0,62.9,59.9,60.0,0.0,43233.0,540.0,96872.0,1069924.0,0.0,1.0,0.0,0.0,0.0,275.9,275.1,276.2,0.772,274.0,0.531,273.0,0.842,274.2,-0.001,13.52,2.0,1.0,0.0,12.42,0.0,21.17,5.785,0.0,-0.017,-0.017,-0.013,-0.315,-0.152,0.223,0.001,15.16,10.16,10.16,8.949999999999998,9.41,9.41,9.39,-109.0,9.8,9.35,0.0149999999999999,0.001,0.001,0.002,0.004,0.009,0.005,0.005,12041.0,16720.0,16623.0,16953.0,14334.0,14358.0,11638.0,0.0,0.0,0.0,0.0,0.0,0.0,0.0,0.0,3.643,0.0,60.18,0.0,0.0,0.0,0.0,16.0,0.0,0.0,0.0,0.0,0.0,11.94,12.04,0.0,10.13,178.3,13.63,2.0,3.474,-1.0,3.107,5.2,4901
2016-03-31 03:13:00,0.0,0.0,0.0,1113180.0,62.9,59.9,60.0,0.0,43233.0,540.0,96872.0,1069924.0,0.0,1.0,0.0,0.0,0.0,275.7,275.3,276.3,0.772,274.0,0.531,273.0,0.842,274.5,0.0069999999999999,13.79,2.0,3.0,0.0,12.42,0.0,21.17,5.828,0.0,-0.017,-0.017,-0.013,-0.332,-0.152,0.223,0.0,15.14,10.18,10.18,8.96,9.47,9.52,9.4,-130.3,9.78,9.38,0.02,0.001,0.001,0.002,0.003,0.008,0.005,0.004,12041.0,16720.0,16623.0,16953.0,14334.0,14358.0,11638.0,0.0,0.0,0.0,0.0,0.0,0.0,0.0,0.0,3.672,0.0,60.14,0.0,0.0,0.0,0.0,16.0,0.0,0.0,0.0,0.0,0.0,11.94,12.09,0.0,10.14,183.9,16.81,2.0,3.474,-1.0,2.472,3.6,4901
2016-03-31 03:14:00,0.0,0.0,0.0,1113180.0,62.9,59.9,60.0,0.0,43233.0,540.0,96872.0,1069924.0,0.0,1.0,0.0,0.0,0.0,275.9,275.2,276.3,0.772,274.0,0.531,273.0,0.842,274.8,0.003,13.8,2.0,3.0,0.0,12.42,0.0,21.16,5.902,0.0,-0.017,-0.017,-0.013,-0.3339999999999999,-0.152,0.223,0.0,15.13,10.16,10.16,8.929999999999998,9.41,9.43,9.4,-108.3,9.78,9.36,0.019,0.0,0.001,0.003,0.002,0.008,0.005,0.005,12041.0,16720.0,16623.0,16953.0,14334.0,14358.0,11638.0,0.0,0.0,0.0,0.0,0.0,0.0,0.0,0.0,3.742,0.0,60.14,0.0,0.0,0.0,0.0,16.0,0.0,0.0,0.0,0.0,0.0,11.95,11.97,0.0,10.09,177.3,21.81,2.0,3.473,-1.0,2.6,4.8,4901
2016-03-31 03:15:00,0.0,0.0,0.0,1113180.0,62.9,59.9,60.0,0.0,43233.0,540.0,96872.0,1069924.0,0.0,1.0,0.0,0.0,0.0,276.0,275.2,276.2,0.772,274.0,0.531,273.0,0.842,274.6,0.003,13.8,2.0,3.0,0.0,12.4,0.0,21.23,5.799,0.0,-0.017,-0.017,-0.013,-0.313,-0.152,0.223,0.0,15.09,10.16,10.16,8.91,9.39,9.41,9.4,-104.1,9.78,9.37,0.02,0.001,0.0,0.002,0.003,0.008,0.004,0.004,12041.0,16720.0,16623.0,16953.0,14334.0,14358.0,11638.0,0.0,0.0,0.0,0.0,0.0,0.0,0.0,0.0,3.695,0.0,60.19,0.0,0.0,0.0,0.0,16.0,0.0,0.0,0.0,0.0,0.0,11.95,12.03,0.0,10.16,181.7,15.24,2.0,3.474,-1.0,2.765,3.9,4901
2016-03-31 03:16:00,0.0,0.0,0.0,1113180.0,62.9,59.9,60.0,0.0,43233.0,540.0,96872.0,1069924.0,0.0,1.0,0.0,0.0,0.0,276.5,275.8,276.8,0.772,274.0,0.531,273.9,0.842,275.0,0.003,13.8,2.0,3.0,0.0,12.39,0.0,21.15,5.892,0.0,-0.017,-0.017,-0.013,-0.317,-0.152,0.223,0.0,15.06,10.16,10.16,8.91,9.39,9.53,9.4,-108.7,9.78,9.4,0.0139999999999999,0.0,0.001,0.002,0.003,0.009,0.004,0.004,12041.0,16720.0,16623.0,16953.0,14334.0,14358.0,11638.0,0.0,0.0,0.0,0.0,0.0,0.0,0.0,0.0,3.762,0.0,60.2,0.0,0.0,0.0,0.0,16.0,0.0,0.0,0.0,0.0,0.0,11.96,12.03,0.0,10.12,188.2,13.67,2.0,3.474,-1.0,2.315,3.6,4901
2016-03-31 03:17:00,0.0,0.0,0.0,1113180.0,62.9,59.9,60.0,0.0,43233.0,540.0,96872.0,1069924.0,0.0,1.0,0.0,0.0,0.0,276.5,275.8,276.9,0.772,274.0,0.531,274.0,0.842,275.0,0.005,13.8,2.0,3.0,0.0,12.39,0.0,21.21,5.917000000000001,0.0,-0.017,-0.017,-0.013,-0.288,-0.152,0.222,0.0,15.06,10.12,10.1,8.88,9.38,9.46,9.39,-129.6,9.68,9.35,0.013,0.001,0.001,0.002,0.002,0.009,0.005,0.005,12041.0,16720.0,16623.0,16953.0,14334.0,14358.0,11638.0,0.0,0.0,0.0,0.0,0.0,0.0,0.0,0.0,3.777,0.0,60.14,0.0,0.0,0.0,0.0,16.0,0.0,0.0,0.0,0.0,0.0,11.94,11.94,0.0,10.07,174.6,20.18,2.0,3.474,-1.0,1.97,3.1,4901
2016-03-31 03:18:00,0.0,0.0,0.0,1113180.0,62.9,59.9,60.0,0.0,43233.0,540.0,96872.0,1069924.0,0.0,1.0,0.0,0.0,0.0,276.8,275.6,276.6,0.772,274.0,0.531,274.0,0.842,275.0,-0.01,13.31,2.0,1.0,0.0,12.39,0.0,21.06,5.888,0.0,-0.018,-0.017,-0.013,-0.3279999999999999,-0.152,0.225,0.001,15.06,10.08,10.08,8.83,9.33,9.46,9.3,-129.5,9.68,9.33,0.018,0.001,0.001,0.002,0.003,0.008,0.005,0.004,12041.0,16720.0,16623.0,16953.0,14334.0,14358.0,11638.0,0.0,0.0,0.0,0.0,0.0,0.0,0.0,0.0,3.799,0.0,60.14,0.0,0.0,0.0,0.0,16.0,0.0,0.0,0.0,0.0,0.0,11.92,11.97,0.0,10.03,182.5,23.71,2.0,3.474,-1.0,2.24,3.2,4901
2016-03-31 03:19:00,0.0,0.0,0.0,1113180.0,62.9,59.9,60.0,0.0,43233.0,540.0,96872.0,1069924.0,0.0,1.0,0.0,0.0,0.0,276.7,275.7,276.8,0.772,274.0,0.531,274.0,0.842,275.0,0.012,13.78,2.0,3.0,0.0,12.39,0.0,21.12,5.88,0.0,-0.02,-0.017,-0.0139999999999999,-0.3339999999999999,-0.152,0.223,0.001,15.06,10.07,10.07,8.82,9.33,9.36,9.29,-108.2,9.670000000000002,9.33,0.022,0.001,0.0,0.002,0.003,0.008,0.005,0.004,12041.0,16720.0,16623.0,16953.0,14334.0,14358.0,11638.0,0.0,0.0,0.0,0.0,0.0,0.0,0.0,0.0,3.803,0.0,60.17,0.0,0.0,0.0,0.0,16.0,0.0,0.0,0.0,0.0,0.0,11.87,11.86,0.0,9.98,172.5,31.4,2.0,3.473,-1.0,1.925,3.7,4901
2016-03-31 03:20:00,0.0,0.0,0.0,1113180.0,62.9,59.9,60.0,0.0,43233.0,540.0,96872.0,1069924.0,0.0,1.0,0.0,0.0,0.0,276.3,275.8,276.9,0.772,274.0,0.531,274.0,0.842,275.0,0.004,13.8,2.0,3.0,0.0,12.39,0.0,21.27,5.892,0.0,-0.02,-0.018,-0.0139999999999999,-0.33,-0.152,0.223,0.0,15.06,10.1,10.15,8.82,9.33,9.39,9.35,-78.2,9.65,9.32,0.009,0.001,0.001,0.001,0.002,0.009,0.004,0.005,12041.0,16720.0,16623.0,16953.0,14334.0,14358.0,11638.0,0.0,0.0,0.0,0.0,0.0,0.0,0.0,0.0,3.784,0.0,60.13,0.0,0.0,0.0,0.0,16.0,0.0,0.0,0.0,0.0,0.0,11.86,12.01,0.0,10.06,187.7,24.25,2.0,3.474,-1.0,3.385,5.5,4901
2016-03-31 03:21:00,0.0,0.0,0.0,1113180.0,62.9,59.9,60.0,0.0,43233.0,540.0,96872.0,1069924.0,0.0,1.0,0.0,0.0,0.0,276.4,275.8,276.9,0.772,274.0,0.531,274.0,0.842,275.0,0.003,13.8,2.0,3.0,0.0,12.39,0.0,21.16,5.924,0.0,-0.019,-0.017,-0.013,-0.32,-0.152,0.223,0.0,15.06,10.16,10.16,8.84,9.39,9.44,9.39,-128.5,9.77,9.32,0.0149999999999999,0.001,0.0,0.001,0.003,0.008,0.004,0.005,12041.0,16720.0,16623.0,16953.0,14334.0,14358.0,11638.0,0.0,0.0,0.0,0.0,0.0,0.0,0.0,0.0,3.8,0.0,60.15,0.0,0.0,0.0,0.0,16.0,0.0,0.0,0.0,0.0,0.0,11.92,12.07,0.0,10.11,171.6,13.93,2.0,3.474,-1.0,3.198,5.1,4901
2016-03-31 03:22:00,0.0,0.0,0.0,1113180.0,62.9,59.9,60.0,0.0,43233.0,540.0,96872.0,1069924.0,0.0,1.0,0.0,0.0,0.0,276.7,275.6,276.7,0.772,274.0,0.531,274.0,0.842,275.0,0.003,13.8,2.0,3.0,0.0,12.39,0.0,20.97,5.9110000000000005,0.0,-0.017,-0.017,-0.013,-0.326,-0.152,0.223,0.0,15.06,10.21,10.24,8.96,9.43,9.51,9.44,-103.2,9.8,9.37,0.0139999999999999,0.0,0.001,0.002,0.003,0.008,0.005,0.005,12041.0,16720.0,16623.0,16953.0,14334.0,14358.0,11638.0,0.0,0.0,0.0,0.0,0.0,0.0,0.0,0.0,3.825,0.0,60.13,0.0,0.0,0.0,0.0,16.0,0.0,0.0,0.0,0.0,0.0,12.0,12.11,0.0,10.18,183.7,12.44,2.0,3.473,-1.0,3.56,6.1,4901
2016-03-31 03:23:00,0.0,0.0,0.0,1113180.0,62.9,59.9,60.0,0.0,43233.0,540.0,96872.0,1069924.0,0.0,1.0,0.0,0.0,0.0,276.5,275.7,276.8,0.772,274.0,0.531,274.0,0.842,275.0,0.003,13.8,2.0,3.0,0.0,12.39,0.0,21.07,5.908,0.0,-0.017,-0.017,-0.013,-0.326,-0.152,0.223,0.0,15.06,10.2,10.26,9.04,9.46,9.57,9.44,-107.6,9.85,9.4,0.008,0.001,0.0,0.002,0.003,0.008,0.003,0.005,12041.0,16720.0,16623.0,16953.0,14334.0,14358.0,11638.0,0.0,0.0,0.0,0.0,0.0,0.0,0.0,0.0,3.78,0.0,60.13,0.0,0.0,0.0,0.0,16.0,0.0,0.0,0.0,0.0,0.0,11.98,12.04,0.0,10.15,181.1,16.25,2.0,3.474,-1.0,2.603,4.2,4901
2016-03-31 03:24:00,0.0,0.0,0.0,1113180.0,62.9,59.9,60.0,0.0,43233.0,540.0,96872.0,1069924.0,0.0,1.0,0.0,0.0,0.0,276.2,275.7,276.8,0.772,274.0,0.531,274.0,0.842,275.0,0.002,13.5,2.0,1.0,0.0,12.39,0.0,21.18,5.863,0.0,-0.017,-0.017,-0.013,-0.3029999999999999,-0.152,0.223,0.001,15.06,10.23,10.19,9.01,9.44,9.52,9.4,-128.3,9.75,9.38,0.022,0.0,0.0,0.001,0.003,0.009,0.005,0.004,12041.0,16720.0,16623.0,16953.0,14334.0,14358.0,11638.0,0.0,0.0,0.0,0.0,0.0,0.0,0.0,0.0,3.778,0.0,60.14,0.0,0.0,0.0,0.0,16.0,0.0,0.0,0.0,0.0,0.0,12.0,12.11,0.0,10.18,179.7,10.56,2.0,3.473,-1.0,3.3480000000000003,5.5,4901
2016-03-31 03:25:00,0.0,0.0,0.0,1113180.0,62.9,59.9,60.0,0.0,43233.0,540.0,96872.0,1069924.0,0.0,1.0,0.0,0.0,0.0,276.3,275.6,276.7,0.772,274.0,0.531,274.0,0.842,275.0,0.004,13.8,2.0,3.0,0.0,12.39,0.0,21.24,5.845,0.0,-0.017,-0.017,-0.013,-0.32,-0.152,0.223,0.0,15.06,10.23,10.21,9.04,9.46,9.54,9.4,-107.5,9.83,9.45,0.011,0.001,0.0,0.002,0.003,0.009,0.003,0.005,12041.0,16720.0,16623.0,16953.0,14334.0,14358.0,11638.0,0.0,0.0,0.0,0.0,0.0,0.0,0.0,0.0,3.777,0.0,60.13,0.0,0.0,0.0,0.0,16.0,0.0,0.0,0.0,0.0,0.0,12.01,12.11,0.0,10.18,178.8,15.53,2.0,3.474,-1.0,1.7819999999999998,2.9,4901
2016-03-31 03:26:00,0.0,0.0,0.0,1113180.0,62.9,59.9,60.0,0.0,43233.0,540.0,96872.0,1069924.0,0.0,1.0,0.0,0.0,0.0,276.1,275.5,276.7,0.772,274.0,0.531,273.7,0.842,275.0,0.003,13.8,2.0,3.0,0.0,12.39,0.0,21.27,5.929,0.0,-0.017,-0.017,-0.013,-0.332,-0.152,0.223,0.0,15.06,10.18,10.19,8.99,9.44,9.56,9.4,-128.1,9.73,9.46,0.01,0.001,0.0,0.002,0.003,0.009,0.005,0.004,12041.0,16720.0,16623.0,16953.0,14334.0,14358.0,11638.0,0.0,0.0,0.0,0.0,0.0,0.0,0.0,0.0,3.782,0.0,60.16,0.0,0.0,0.0,0.0,16.0,0.0,0.0,0.0,0.0,0.0,12.01,12.04,0.0,10.16,178.8,14.53,2.0,3.474,-1.0,2.923,4.6,4901
2016-03-31 03:27:00,0.0,0.0,0.0,1113180.0,62.9,59.9,60.0,0.0,43233.0,540.0,96872.0,1069924.0,0.0,1.0,0.0,0.0,0.0,276.7,275.5,276.6,0.772,274.0,0.531,274.0,0.842,275.0,0.003,13.8,2.0,3.0,0.0,12.39,0.0,21.16,5.921,0.0,-0.017,-0.017,-0.013,-0.336,-0.152,0.223,0.0,15.06,10.16,10.16,9.0,9.48,9.57,9.4,-36.41,9.78,9.4,0.017,0.001,0.0,0.002,0.003,0.008,0.005,0.004,12041.0,16720.0,16623.0,16953.0,14334.0,14358.0,11638.0,0.0,0.0,0.0,0.0,0.0,0.0,0.0,0.0,3.777,0.0,60.21,0.0,0.0,0.0,0.0,16.0,0.0,0.0,0.0,0.0,0.0,12.01,12.01,0.0,10.07,188.8,15.03,2.0,3.473,-1.0,2.3680000000000003,3.3,4901
2016-03-31 03:28:00,0.0,0.0,0.0,1113180.0,62.9,59.9,60.0,0.0,43233.0,540.0,96872.0,1069924.0,0.0,1.0,0.0,0.0,0.0,276.2,275.6,276.7,0.772,274.0,0.531,274.0,0.842,275.0,0.003,13.8,2.0,3.0,0.0,12.39,0.0,21.02,5.91,0.0,-0.017,-0.017,-0.013,-0.3279999999999999,-0.152,0.223,0.0,15.06,10.16,10.16,8.91,9.43,9.51,9.340000000000002,-127.8,9.68,9.33,0.018,0.001,0.0,0.002,0.002,0.009,0.004,0.005,12041.0,16720.0,16623.0,16953.0,14334.0,14358.0,11638.0,0.0,0.0,0.0,0.0,0.0,0.0,0.0,0.0,3.78,0.0,60.14,0.0,0.0,0.0,0.0,16.0,0.0,0.0,0.0,0.0,0.0,11.99,12.04,0.0,10.07,184.3,19.91,2.0,3.474,-1.0,1.575,2.3,4901
2016-03-31 03:29:00,0.0,0.0,0.0,1113180.0,62.9,59.9,60.0,0.0,43233.0,540.0,96872.0,1069924.0,0.0,1.0,0.0,0.0,0.0,276.5,275.6,276.6,0.772,274.0,0.531,274.0,0.842,275.0,-0.0149999999999999,13.55,2.0,1.0,0.0,12.39,0.0,21.16,5.915,0.0,-0.019,-0.017,-0.013,-0.3049999999999999,-0.152,0.222,0.001,15.06,10.16,10.15,8.88,9.39,9.46,9.31,-86.59999999999998,9.72,9.33,0.008,0.001,0.001,0.001,0.002,0.008,0.004,0.004,12041.0,16720.0,16623.0,16953.0,14334.0,14358.0,11638.0,0.0,0.0,0.0,0.0,0.0,0.0,0.0,0.0,3.788,0.0,60.17,0.0,0.0,0.0,0.0,16.0,0.0,0.0,0.0,0.0,0.0,11.95,12.11,0.0,10.08,170.7,15.15,2.0,3.474,-1.0,2.7030000000000003,3.9,4901
2016-03-31 03:30:00,0.0,0.0,0.0,1113180.0,62.9,59.9,60.0,0.0,43233.0,540.0,96872.0,1069924.0,0.0,1.0,0.0,0.0,0.0,276.4,275.5,276.6,0.772,274.0,0.531,274.0,0.842,275.0,0.021,13.55,2.0,1.0,0.0,12.39,0.0,21.2,5.913,0.0,-0.02,-0.017,-0.013,-0.332,-0.152,0.2239999999999999,0.001,15.02,10.15,10.15,8.84,9.39,9.46,9.340000000000002,-102.6,9.68,9.33,0.018,0.0,0.001,0.001,0.002,0.009,0.005,0.004,12041.0,16720.0,16623.0,16953.0,14334.0,14358.0,11638.0,0.0,0.0,0.0,0.0,0.0,0.0,0.0,0.0,3.765,0.0,60.15,0.0,0.0,0.0,0.0,16.0,0.0,0.0,0.0,0.0,0.0,12.0,12.1,0.0,10.09,171.8,14.6,2.0,3.474,-1.0,2.77,4.8,4901
2016-03-31 03:31:00,0.0,0.0,0.0,1113180.0,62.9,59.9,60.0,0.0,43233.0,540.0,96872.0,1069924.0,0.0,1.0,0.0,0.0,0.0,276.3,275.5,276.5,0.772,274.0,0.531,273.9,0.842,275.0,0.003,13.8,2.0,3.0,0.0,12.39,0.0,21.26,5.822,0.0,-0.018,-0.017,-0.013,-0.3529999999999999,-0.152,0.223,0.0,15.0,10.18,10.18,8.939999999999998,9.41,9.53,9.39,-102.4,9.83,9.38,0.013,0.001,0.0,0.002,0.002,0.009,0.004,0.004,12041.0,16720.0,16623.0,16953.0,14334.0,14358.0,11638.0,0.0,0.0,0.0,0.0,0.0,0.0,0.0,0.0,3.672,0.0,60.14,0.0,0.0,0.0,0.0,16.0,0.0,0.0,0.0,0.0,0.0,12.04,12.19,0.0,10.15,191.2,16.44,2.0,3.474,-1.0,2.963,5.0,4901
2016-03-31 03:32:00,0.0,0.0,0.0,1113180.0,62.9,59.9,60.0,0.0,43233.0,540.0,96872.0,1069924.0,0.0,1.0,0.0,0.0,0.0,276.3,275.4,276.5,0.772,274.0,0.531,273.2,0.842,275.0,0.003,13.8,2.0,3.0,0.0,12.39,0.0,21.03,5.891,0.0,-0.017,-0.017,-0.013,-0.32,-0.152,0.223,0.0,14.98,10.16,10.16,8.91,9.43,9.5,9.37,-60.3,9.78,9.37,0.0139999999999999,0.001,0.0,0.002,0.002,0.008,0.005,0.005,12041.0,16720.0,16623.0,16953.0,14334.0,14358.0,11638.0,0.0,0.0,0.0,0.0,0.0,0.0,0.0,0.0,3.766,0.0,60.14,0.0,0.0,0.0,0.0,16.0,0.0,0.0,0.0,0.0,0.0,12.05,12.11,0.0,10.12,181.7,14.55,2.0,3.474,-1.0,2.557,3.9,4901
2016-03-31 03:33:00,0.0,0.0,0.0,1113180.0,62.9,59.9,60.0,0.0,43233.0,540.0,96872.0,1069924.0,0.0,1.0,0.0,0.0,0.0,276.2,275.5,276.5,0.772,274.0,0.531,273.7,0.842,275.0,0.003,13.8,2.0,3.0,0.0,12.39,0.0,21.14,5.872000000000001,0.0,-0.017,-0.017,-0.013,-0.3429999999999999,-0.152,0.223,0.0,14.97,10.16,10.16,8.929999999999998,9.39,9.57,9.36,-107.7,9.73,9.32,0.017,0.001,0.0,0.001,0.003,0.008,0.004,0.005,12041.0,16720.0,16623.0,16953.0,14334.0,14358.0,11638.0,0.0,0.0,0.0,0.0,0.0,0.0,0.0,0.0,3.757,0.0,60.22,0.0,0.0,0.0,0.0,16.0,0.0,0.0,0.0,0.0,0.0,12.03,12.04,0.0,10.11,170.6,12.22,2.0,3.474,-1.0,2.588,4.2,4901
2016-03-31 03:34:00,0.0,0.0,0.0,1113180.0,62.9,59.9,60.0,0.0,43233.0,540.0,96872.0,1069924.0,0.0,1.0,0.0,0.0,0.0,276.3,275.3,276.4,0.772,274.0,0.531,273.2,0.842,275.0,0.003,13.8,2.0,3.0,0.0,12.39,0.0,21.15,5.885,0.0,-0.017,-0.017,-0.013,-0.3339999999999999,-0.152,0.223,0.0,14.97,10.13,10.16,8.91,9.39,9.43,9.31,-103.1,9.78,9.33,0.019,0.001,0.0,0.001,0.003,0.009,0.005,0.005,12041.0,16720.0,16623.0,16953.0,14334.0,14358.0,11638.0,0.0,0.0,0.0,0.0,0.0,0.0,0.0,0.0,3.751,0.0,60.19,0.0,0.0,0.0,0.0,16.0,0.0,0.0,0.0,0.0,0.0,12.01,12.04,0.0,10.08,171.4,16.25,2.0,3.473,-1.0,3.063,4.7,4901
2016-03-31 03:35:00,0.0,0.0,0.0,1113180.0,62.9,59.9,60.0,0.0,43233.0,540.0,96872.0,1069924.0,0.0,1.0,0.0,0.0,0.0,276.2,275.3,276.4,0.772,274.0,0.531,273.2,0.842,275.0,0.001,13.48,2.0,1.0,0.0,12.39,0.0,21.04,5.859,0.0,-0.017,-0.017,-0.013,-0.311,-0.152,0.223,0.001,14.97,10.16,10.16,8.91,9.39,9.47,9.4,-61.84,9.86,9.420000000000002,0.008,0.001,0.0,0.001,0.003,0.008,0.005,0.004,12041.0,16720.0,16623.0,16953.0,14334.0,14358.0,11638.0,0.0,0.0,0.0,0.0,0.0,0.0,0.0,0.0,3.718,0.0,60.15,0.0,0.0,0.0,0.0,16.0,0.0,0.0,0.0,0.0,0.0,12.01,12.07,0.0,10.13,170.9,12.89,2.0,3.473,-1.0,2.647,4.6,4901
2016-03-31 03:36:00,0.0,0.0,0.0,1113180.0,62.9,59.9,60.0,0.0,43233.0,540.0,96872.0,1069924.0,0.0,1.0,0.0,0.0,0.0,276.1,275.4,276.4,0.772,274.0,0.531,273.0,0.842,275.0,0.005,13.8,2.0,3.0,0.0,12.38,0.0,21.21,5.768,0.0,-0.017,-0.017,-0.013,-0.326,-0.152,0.223,0.0,14.97,10.18,10.19,8.929999999999998,9.39,9.51,9.4,-103.0,9.88,9.45,0.02,0.001,0.001,0.001,0.003,0.009,0.005,0.005,12041.0,16720.0,16623.0,16953.0,14334.0,14358.0,11638.0,0.0,0.0,0.0,0.0,0.0,0.0,0.0,0.0,3.664,0.0,60.16,0.0,0.0,0.0,0.0,16.0,0.0,0.0,0.0,0.0,0.0,12.0,12.09,0.0,10.16,177.3,13.33,2.0,3.473,-1.0,3.08,4.8,4901
2016-03-31 03:37:00,0.0,0.0,0.0,1113180.0,62.9,59.9,60.0,0.0,43233.0,540.0,96872.0,1069924.0,0.0,1.0,0.0,0.0,0.0,276.1,275.3,276.3,0.772,274.0,0.531,273.1,0.842,275.0,0.003,13.8,2.0,3.0,0.0,12.37,0.0,21.04,5.63,0.0,-0.017,-0.017,-0.013,-0.336,-0.152,0.223,0.0,14.97,10.23,10.18,8.929999999999998,9.39,9.51,9.4,-128.3,9.88,9.46,0.018,0.0,0.001,0.001,0.003,0.009,0.004,0.005,12041.0,16720.0,16623.0,16953.0,14334.0,14358.0,11638.0,0.0,0.0,0.0,0.0,0.0,0.0,0.0,0.0,3.636,0.0,60.14,0.0,0.0,0.0,0.0,16.0,0.0,0.0,0.0,0.0,0.0,12.03,12.09,0.0,10.15,182.5,19.04,2.0,3.474,-1.0,2.257,3.1,4901
2016-03-31 03:38:00,0.0,0.0,0.0,1113180.0,62.9,59.9,60.0,0.0,43233.0,540.0,96872.0,1069924.0,0.0,1.0,0.0,0.0,0.0,276.4,275.2,276.2,0.772,274.0,0.531,273.2,0.842,275.0,0.003,13.8,2.0,3.0,0.0,12.37,0.0,21.04,5.562,0.0,-0.017,-0.017,-0.013,-0.341,-0.152,0.223,0.0,14.97,10.21,10.21,8.929999999999998,9.41,9.5,9.4,-128.2,9.88,9.4,0.0139999999999999,0.001,0.0,0.001,0.003,0.009,0.004,0.004,12041.0,16720.0,16623.0,16953.0,14334.0,14358.0,11638.0,0.0,0.0,0.0,0.0,0.0,0.0,0.0,0.0,3.512,0.0,60.13,0.0,0.0,0.0,0.0,16.0,0.0,0.0,0.0,0.0,0.0,12.05,12.18,0.0,10.2,184.3,25.82,2.0,3.474,-1.0,2.307,4.0,4901
2016-03-31 03:39:00,0.0,0.0,0.0,1113180.0,62.9,59.9,60.0,0.0,43233.0,540.0,96872.0,1069924.0,0.0,1.0,0.0,0.0,0.0,276.0,275.3,276.3,0.772,274.0,0.531,273.0,0.842,274.9,0.003,13.8,2.0,3.0,0.0,12.37,0.0,21.01,5.535,0.0,-0.017,-0.017,-0.013,-0.33,-0.152,0.223,0.0,14.97,10.21,10.26,8.91,9.420000000000002,9.51,9.4,-103.6,9.88,9.41,0.01,0.0,0.0,0.002,0.003,0.008,0.004,0.004,12041.0,16720.0,16623.0,16953.0,14334.0,14358.0,11638.0,0.0,0.0,0.0,0.0,0.0,0.0,0.0,0.0,3.475,0.0,60.14,0.0,0.0,0.0,0.0,16.0,0.0,0.0,0.0,0.0,0.0,12.1,12.16,0.0,10.17,176.8,13.79,2.0,3.473,-1.0,2.195,4.1,4901
2016-03-31 03:40:00,0.0,0.0,0.0,1113180.0,62.9,59.9,60.0,0.0,43233.0,540.0,96872.0,1069924.0,0.0,1.0,0.0,0.0,0.0,276.1,275.3,276.4,0.772,274.0,0.531,273.0,0.842,274.9,0.004,13.8,2.0,3.0,0.0,12.37,0.0,21.24,5.535,0.0,-0.017,-0.017,-0.013,-0.2769999999999999,-0.152,0.223,0.0,14.97,10.16,10.21,8.929999999999998,9.39,9.52,9.39,-129.3,9.83,9.3,0.0149999999999999,0.0,0.0,0.002,0.003,0.009,0.004,0.004,12041.0,16720.0,16623.0,16953.0,14334.0,14358.0,11638.0,0.0,0.0,0.0,0.0,0.0,0.0,0.0,0.0,3.489,0.0,60.17,0.0,0.0,0.0,0.0,16.0,0.0,0.0,0.0,0.0,0.0,12.09,12.15,0.0,10.15,180.2,16.47,2.0,3.473,-1.0,1.6669999999999998,3.4,4901
2016-03-31 03:41:00,0.0,0.0,0.0,1113180.0,62.9,59.9,60.0,0.0,43233.0,540.0,96872.0,1069924.0,0.0,1.0,0.0,0.0,0.0,276.1,275.2,276.2,0.772,274.0,0.531,273.0,0.842,274.5,-0.003,13.31,2.0,1.0,0.0,12.37,0.0,21.12,5.722,0.0,-0.019,-0.02,-0.0139999999999999,-0.3489999999999999,-0.152,0.2239999999999999,0.001,14.97,10.16,10.19,8.9,9.39,9.53,9.4,-129.7,9.8,9.3,0.0139999999999999,0.0,0.0,0.002,0.002,0.009,0.005,0.004,12041.0,16720.0,16623.0,16953.0,14334.0,14358.0,11638.0,0.0,0.0,0.0,0.0,0.0,0.0,0.0,0.0,3.618,0.0,60.14,0.0,0.0,0.0,0.0,16.0,0.0,0.0,0.0,0.0,0.0,12.08,12.2,0.0,10.17,171.9,11.59,2.0,3.473,-1.0,2.915,4.8,4901
2016-03-31 03:42:00,0.0,0.0,0.0,1113180.0,62.9,59.9,60.0,0.0,43233.0,540.0,96872.0,1069924.0,0.0,1.0,0.0,0.0,0.0,276.0,275.1,276.2,0.772,274.0,0.531,273.0,0.842,274.0,0.008,13.8,2.0,3.0,0.0,12.37,0.0,21.2,5.743,0.0,-0.018,-0.019,-0.013,-0.315,-0.152,0.222,0.001,14.97,10.16,10.21,8.929999999999998,9.43,9.56,9.4,-83.9,9.78,9.3,0.009,0.001,0.0,0.002,0.003,0.008,0.004,0.004,12041.0,16720.0,16623.0,16953.0,14334.0,14358.0,11638.0,0.0,0.0,0.0,0.0,0.0,0.0,0.0,0.0,3.643,0.0,60.14,0.0,0.0,0.0,0.0,16.0,0.0,0.0,0.0,0.0,0.0,12.09,12.21,0.0,10.17,175.1,14.14,2.0,3.473,-1.0,2.827,4.9,4901
2016-03-31 03:43:00,0.0,0.0,0.0,1113180.0,62.9,59.9,60.0,0.0,43233.0,540.0,96872.0,1069924.0,0.0,1.0,0.0,0.0,0.0,276.0,275.0,276.1,0.772,273.6,0.531,273.0,0.842,274.0,0.003,13.8,2.0,3.0,0.0,12.37,0.0,21.05,5.874,0.0,-0.017,-0.017,-0.013,-0.32,-0.152,0.223,0.0,14.97,10.19,10.23,8.929999999999998,9.41,9.56,9.4,-130.2,9.78,9.43,0.0139999999999999,0.0,0.0,0.001,0.003,0.008,0.004,0.005,12041.0,16720.0,16623.0,16953.0,14334.0,14358.0,11638.0,0.0,0.0,0.0,0.0,0.0,0.0,0.0,0.0,3.676,0.0,60.14,0.0,0.0,0.0,0.0,16.0,0.0,0.0,0.0,0.0,0.0,12.1,12.18,0.0,10.19,179.1,20.34,2.0,3.473,-1.0,2.862,4.7,4901
2016-03-31 03:44:00,0.0,0.0,0.0,1113180.0,62.9,59.9,60.0,0.0,43233.0,540.0,96872.0,1069924.0,0.0,1.0,0.0,0.0,0.0,275.9,275.0,276.1,0.772,274.0,0.531,273.0,0.842,274.0,0.003,13.8,2.0,3.0,0.0,12.37,0.0,21.17,5.905,0.0,-0.017,-0.017,-0.013,-0.324,-0.152,0.223,0.0,14.97,10.18,10.21,8.9,9.39,9.57,9.4,-83.9,9.85,9.41,0.018,0.001,0.0,0.002,0.003,0.008,0.004,0.005,12041.0,16720.0,16623.0,16953.0,14334.0,14358.0,11638.0,0.0,0.0,0.0,0.0,0.0,0.0,0.0,0.0,3.736,0.0,60.15,0.0,0.0,0.0,0.0,16.0,0.0,0.0,0.0,0.0,0.0,12.09,12.15,0.0,10.14,172.2,22.52,2.0,3.473,-1.0,2.157,3.7,4901
2016-03-31 03:45:00,0.0,0.0,0.0,1113180.0,62.9,59.9,60.0,0.0,43233.0,540.0,96872.0,1069924.0,0.0,1.0,0.0,0.0,0.0,275.9,275.1,276.1,0.772,274.0,0.531,273.0,0.842,274.0,0.003,13.8,2.0,3.0,0.0,12.37,0.0,21.19,5.912000000000001,0.0,-0.017,-0.017,-0.013,-0.3389999999999999,-0.152,0.223,0.0,14.97,10.16,10.21,8.91,9.39,9.54,9.4,-104.7,9.88,9.35,0.017,0.001,0.0,0.001,0.003,0.008,0.004,0.005,12041.0,16720.0,16623.0,16953.0,14334.0,14358.0,11638.0,0.0,0.0,0.0,0.0,0.0,0.0,0.0,0.0,3.724,0.0,60.17,0.0,0.0,0.0,0.0,16.0,0.0,0.0,0.0,0.0,0.0,12.07,12.14,0.0,10.13,177.9,13.73,2.0,3.474,-1.0,2.55,4.1,4901
2016-03-31 03:46:00,0.0,0.0,0.0,1113180.0,62.9,59.9,60.0,0.0,43233.0,540.0,96872.0,1069924.0,0.0,1.0,0.0,0.0,0.0,275.9,275.0,276.1,0.772,274.0,0.531,273.0,0.842,274.0,0.005,13.8,2.0,3.0,0.0,12.37,0.0,21.0,5.914,0.0,-0.017,-0.017,-0.013,-0.271,-0.152,0.222,0.0,14.97,10.16,10.24,8.929999999999998,9.39,9.590000000000002,9.44,-130.6,9.85,9.4,0.018,0.001,0.001,0.002,0.003,0.009,0.004,0.004,12041.0,16720.0,16623.0,16953.0,14334.0,14358.0,11638.0,0.0,0.0,0.0,0.0,0.0,0.0,0.0,0.0,3.76,0.0,60.15,0.0,0.0,0.0,0.0,16.0,0.0,0.0,0.0,0.0,0.0,12.13,12.18,0.0,10.1,182.9,22.96,2.0,3.474,-1.0,2.5980000000000003,4.2,4901
2016-03-31 03:47:00,0.0,0.0,0.0,1113180.0,62.9,59.9,60.0,0.0,43233.0,540.0,96872.0,1069924.0,0.0,1.0,0.0,0.0,0.0,275.9,275.0,276.1,0.772,273.9,0.531,273.0,0.842,274.0,-0.005,13.32,2.0,1.0,0.0,12.37,0.0,21.2,5.917999999999999,0.0,-0.017,-0.019,-0.013,-0.332,-0.152,0.2239999999999999,0.001,14.97,10.16,10.26,8.89,9.39,9.49,9.4,-58.45,9.85,9.37,0.013,0.001,0.0,0.002,0.003,0.008,0.004,0.004,12041.0,16720.0,16623.0,16953.0,14334.0,14358.0,11638.0,0.0,0.0,0.0,0.0,0.0,0.0,0.0,0.0,3.76,0.0,60.14,0.0,0.0,0.0,0.0,16.0,0.0,0.0,0.0,0.0,0.0,12.12,12.21,0.0,10.11,180.1,16.74,2.0,3.473,-1.0,2.228,3.6,4901
2016-03-31 03:48:00,0.0,0.0,0.0,1113180.0,62.9,59.9,60.0,0.0,43233.0,540.0,96872.0,1069924.0,0.0,1.0,0.0,0.0,0.0,275.9,275.1,276.1,0.772,274.0,0.531,273.0,0.842,274.0,0.008,13.79,2.0,3.0,0.0,12.37,0.0,21.16,5.912000000000001,0.0,-0.019,-0.02,-0.0139999999999999,-0.326,-0.152,0.223,0.0,14.97,10.16,10.19,8.83,9.39,9.44,9.39,-130.4,9.78,9.37,0.006,0.0,-0.001,0.001,0.003,0.008,0.004,0.004,12041.0,16720.0,16623.0,16953.0,14334.0,14358.0,11638.0,0.0,0.0,0.0,0.0,0.0,0.0,0.0,0.0,3.765,0.0,60.14,0.0,0.0,0.0,0.0,16.0,0.0,0.0,0.0,0.0,0.0,12.11,12.17,0.0,10.13,183.3,15.49,2.0,3.474,-1.0,2.38,4.1,4901
2016-03-31 03:49:00,0.0,0.0,0.0,1113180.0,62.9,59.9,60.0,0.0,43233.0,540.0,96872.0,1069924.0,0.0,1.0,0.0,0.0,0.0,276.1,274.9,276.0,0.772,273.6,0.531,273.0,0.842,274.1,0.003,13.8,2.0,3.0,0.0,12.37,0.0,21.2,5.896,0.0,-0.018,-0.018,-0.013,-0.324,-0.152,0.223,0.0,14.97,10.18,10.26,8.83,9.39,9.51,9.340000000000002,-130.3,9.78,9.37,0.0149999999999999,0.001,0.0,0.002,0.002,0.009,0.004,0.004,12041.0,16720.0,16623.0,16953.0,14334.0,14358.0,11638.0,0.0,0.0,0.0,0.0,0.0,0.0,0.0,0.0,3.718,0.0,60.14,0.0,0.0,0.0,0.0,16.0,0.0,0.0,0.0,0.0,0.0,12.16,12.32,0.0,10.18,188.9,16.44,2.0,3.473,-1.0,2.712,3.9,4901
2016-03-31 03:50:00,0.0,0.0,0.0,1113180.0,62.9,59.9,60.0,0.0,43233.0,540.0,96872.0,1069924.0,0.0,1.0,0.0,0.0,0.0,275.9,274.9,276.1,0.772,273.1,0.531,273.0,0.842,274.0,0.003,13.8,2.0,3.0,0.0,12.37,0.0,21.11,5.901,0.0,-0.017,-0.017,-0.013,-0.32,-0.152,0.223,0.0,14.97,10.24,10.31,8.9,9.46,9.54,9.4,-130.6,9.78,9.48,0.023,0.001,0.0,0.001,0.002,0.009,0.004,0.005,12041.0,16720.0,16623.0,16953.0,14334.0,14358.0,11638.0,0.0,0.0,0.0,0.0,0.0,0.0,0.0,0.0,3.747,0.0,60.14,0.0,0.0,0.0,0.0,16.0,0.0,0.0,0.0,0.0,0.0,12.22,12.36,0.0,10.25,183.4,12.98,2.0,3.473,-1.0,3.157,7.0,4901
2016-03-31 03:51:00,0.0,0.0,0.0,1113180.0,62.9,59.9,60.0,0.0,43233.0,540.0,96872.0,1069924.0,0.0,1.0,0.0,0.0,0.0,275.8,274.9,276.1,0.772,273.0,0.531,273.0,0.842,274.0,0.003,13.8,2.0,3.0,0.0,12.37,0.0,21.21,5.924,0.0,-0.017,-0.017,-0.013,-0.33,-0.152,0.223,0.0,14.97,10.27,10.35,8.949999999999998,9.43,9.6,9.4,-130.6,9.78,9.46,0.022,0.001,0.001,0.001,0.002,0.0069999999999999,0.005,0.005,12041.0,16720.0,16623.0,16953.0,14334.0,14358.0,11638.0,0.0,0.0,0.0,0.0,0.0,0.0,0.0,0.0,3.761,0.0,60.17,0.0,0.0,0.0,0.0,16.0,0.0,0.0,0.0,0.0,0.0,12.26,12.36,0.0,10.25,189.0,13.89,2.0,3.473,-1.0,2.443,3.4,4901
2016-03-31 03:52:00,0.0,0.0,0.0,1113180.0,62.9,59.9,60.0,0.0,43233.0,540.0,96872.0,1069924.0,0.0,1.0,0.0,0.0,0.0,275.9,274.8,276.0,0.772,273.0,0.531,273.0,0.842,274.0,0.005,13.8,2.0,3.0,0.0,12.37,0.0,21.27,5.863,0.0,-0.017,-0.017,-0.013,-0.252,-0.152,0.223,0.0,14.97,10.29,10.31,9.01,9.49,9.62,9.4,-109.3,9.83,9.46,0.008,0.0,0.001,0.002,0.002,0.008,0.005,0.005,12041.0,16720.0,16623.0,16953.0,14334.0,14358.0,11638.0,0.0,0.0,0.0,0.0,0.0,0.0,0.0,0.0,3.729,0.0,60.16,0.0,0.0,0.0,0.0,16.0,0.0,0.0,0.0,0.0,0.0,12.29,12.33,0.0,10.28,166.7,21.91,2.0,3.474,-1.0,3.277,4.8,4901
2016-03-31 03:53:00,0.0,0.0,0.0,1113180.0,62.9,59.9,60.0,0.0,43233.0,540.0,96872.0,1069924.0,0.0,1.0,0.0,0.0,0.0,275.6,274.9,276.1,0.772,273.0,0.531,273.0,0.842,274.0,0.0,13.53,2.0,1.0,0.0,12.37,0.0,21.22,5.881,0.0,-0.016,-0.017,-0.013,-0.309,-0.152,0.223,0.001,14.93,10.35,10.39,9.02,9.49,9.670000000000002,9.47,-105.1,9.91,9.51,0.013,0.001,0.0,0.002,0.003,0.009,0.004,0.005,12041.0,16720.0,16623.0,16953.0,14334.0,14358.0,11638.0,0.0,0.0,0.0,0.0,0.0,0.0,0.0,0.0,3.796,0.0,60.14,0.0,0.0,0.0,0.0,16.0,0.0,0.0,0.0,0.0,0.0,12.29,12.41,0.0,10.33,185.4,12.8,2.0,3.473,-1.0,2.595,4.4,4901
2016-03-31 03:54:00,0.0,0.0,0.0,1113180.0,62.9,59.9,60.0,0.0,43233.0,540.0,96872.0,1069924.0,0.0,1.0,0.0,0.0,0.0,275.8,274.8,276.0,0.772,273.0,0.531,273.0,0.842,274.0,0.003,13.8,2.0,3.0,0.0,12.37,0.0,21.23,5.929,0.0,-0.0149999999999999,-0.017,-0.013,-0.332,-0.152,0.223,0.0,14.95,10.34,10.39,9.01,9.55,9.66,9.5,-105.1,9.89,9.57,0.011,0.0,0.0,0.002,0.002,0.008,0.004,0.004,12041.0,16720.0,16623.0,16953.0,14334.0,14358.0,11638.0,0.0,0.0,0.0,0.0,0.0,0.0,0.0,0.0,3.746,0.0,60.16,0.0,0.0,0.0,0.0,16.0,0.0,0.0,0.0,0.0,0.0,12.27,12.38,0.0,10.26,187.0,18.99,2.0,3.473,-1.0,2.55,3.6,4901
2016-03-31 03:55:00,0.0,0.0,0.0,1113180.0,62.9,59.9,60.0,0.0,43233.0,540.0,96872.0,1069924.0,0.0,1.0,0.0,0.0,0.0,275.8,274.8,276.0,0.772,273.1,0.531,273.0,0.842,274.0,0.003,13.8,2.0,3.0,0.0,12.37,0.0,21.18,5.9,0.0,-0.016,-0.017,-0.013,-0.341,-0.152,0.223,0.0,14.97,10.26,10.34,9.03,9.49,9.65,9.49,-79.20999999999998,9.88,9.51,0.018,0.001,0.0,0.001,0.003,0.008,0.004,0.005,12041.0,16720.0,16623.0,16953.0,14334.0,14358.0,11638.0,0.0,0.0,0.0,0.0,0.0,0.0,0.0,0.0,3.761,0.0,60.23,0.0,0.0,0.0,0.0,16.0,0.0,0.0,0.0,0.0,0.0,12.25,12.38,0.0,10.21,164.9,8.439999999999998,2.0,3.473,-1.0,2.835,4.8,4901
2016-03-31 03:56:00,0.0,0.0,0.0,1113180.0,62.9,59.9,60.0,0.0,43233.0,540.0,96872.0,1069924.0,0.0,1.0,0.0,0.0,0.0,275.7,274.8,276.0,0.772,273.0,0.531,273.0,0.842,274.0,0.003,13.8,2.0,3.0,0.0,12.38,0.0,21.16,5.9270000000000005,0.0,-0.017,-0.017,-0.013,-0.311,-0.152,0.223,0.0,14.97,10.24,10.31,9.01,9.49,9.61,9.49,-84.29999999999998,9.88,9.53,0.013,0.0,0.001,0.001,0.003,0.009,0.005,0.005,12041.0,16720.0,16623.0,16953.0,14334.0,14358.0,11638.0,0.0,0.0,0.0,0.0,0.0,0.0,0.0,0.0,3.774,0.0,60.22,0.0,0.0,0.0,0.0,16.0,0.0,0.0,0.0,0.0,0.0,12.26,12.31,0.0,10.24,168.7,14.64,2.0,3.473,-1.0,2.3280000000000003,5.7,4901
2016-03-31 03:57:00,0.0,0.0,0.0,1113180.0,62.9,59.9,60.0,0.0,43233.0,540.0,96872.0,1069924.0,0.0,1.0,0.0,0.0,0.0,275.8,274.7,275.9,0.772,273.0,0.531,273.0,0.842,274.0,0.003,13.8,2.0,3.0,0.0,12.39,0.0,21.12,5.922999999999999,0.0,-0.017,-0.017,-0.013,-0.324,-0.152,0.223,0.0,14.94,10.26,10.35,9.01,9.49,9.66,9.49,-130.9,9.89,9.54,0.031,0.0,0.001,0.002,0.002,0.009,0.004,0.004,12041.0,16720.0,16623.0,16953.0,14334.0,14358.0,11638.0,0.0,0.0,0.0,0.0,0.0,0.0,0.0,0.0,3.772,0.0,60.22,0.0,0.0,0.0,0.0,16.0,0.0,0.0,0.0,0.0,0.0,12.29,12.35,0.0,10.29,194.1,19.31,2.0,3.474,-1.0,2.833,5.0,4901
2016-03-31 03:58:00,0.0,0.0,0.0,1113180.0,62.9,59.9,60.0,0.0,43233.0,540.0,96872.0,1069924.0,0.0,1.0,0.0,0.0,0.0,275.9,274.7,275.9,0.772,273.0,0.531,273.0,0.842,274.0,-0.0069999999999999,13.48,2.0,3.0,0.0,12.39,0.0,21.12,5.934,0.0,-0.017,-0.017,-0.013,-0.2899999999999999,-0.152,0.222,0.001,14.95,10.3,10.35,9.03,9.55,9.65,9.5,-88.9,9.88,9.61,0.018,0.0,0.001,0.002,0.002,0.009,0.004,0.004,12041.0,16720.0,16623.0,16953.0,14334.0,14358.0,11638.0,0.0,0.0,0.0,0.0,0.0,0.0,0.0,0.0,3.778,0.0,60.22,0.0,0.0,0.0,0.0,16.0,0.0,0.0,0.0,0.0,0.0,12.36,12.34,0.0,10.31,182.7,18.92,2.0,3.474,-1.0,2.715,4.6,4901
2016-03-31 03:59:00,0.0,0.0,0.0,1113180.0,62.9,59.9,60.0,0.0,43233.0,540.0,96872.0,1069924.0,0.0,1.0,0.0,0.0,0.0,275.5,274.7,275.8,0.772,273.0,0.531,273.0,0.842,274.0,0.013,13.59,2.0,3.0,0.0,12.39,0.0,21.18,5.922999999999999,0.0,-0.017,-0.017,-0.013,-0.313,-0.152,0.223,0.001,14.97,10.34,10.35,9.01,9.49,9.62,9.48,-84.29999999999998,9.89,9.53,0.018,0.0,0.0,0.002,0.002,0.0069999999999999,0.004,0.005,12041.0,16720.0,16623.0,16953.0,14334.0,14358.0,11638.0,0.0,0.0,0.0,0.0,0.0,0.0,0.0,0.0,3.778,0.0,60.14,0.0,0.0,0.0,0.0,16.0,0.0,0.0,0.0,0.0,0.0,12.28,12.4,0.0,10.36,187.4,18.62,2.0,3.473,-1.0,3.517,5.6,4901
2016-03-31 04:00:00,0.0,0.0,0.0,1113180.0,62.9,59.9,60.0,0.0,43233.0,540.0,96872.0,1069924.0,0.0,1.0,0.0,0.0,0.0,275.3,274.6,275.8,0.772,273.0,0.531,273.0,0.842,274.0,0.003,13.8,2.0,3.0,0.0,12.39,0.0,21.2,5.914,0.0,-0.016,-0.017,-0.013,-0.313,-0.152,0.223,0.0,14.97,10.37,10.42,9.12,9.590000000000002,9.71,9.590000000000002,-104.7,9.97,9.670000000000002,0.017,0.0,0.0,0.001,0.003,0.008,0.004,0.004,12041.0,16720.0,16623.0,16953.0,14334.0,14358.0,11638.0,0.0,0.0,0.0,0.0,0.0,0.0,0.0,0.0,3.781,0.0,60.14,0.0,0.0,0.0,0.0,16.0,0.0,0.0,0.0,0.0,0.0,12.35,12.47,0.0,10.42,183.0,21.46,2.0,3.473,-1.0,2.565,4.2,4901
2016-03-31 04:01:00,0.0,0.0,0.0,1113180.0,62.9,59.9,60.0,0.0,43233.0,540.0,96872.0,1069924.0,0.0,1.0,0.0,0.0,0.0,275.3,274.5,275.6,0.772,273.0,0.531,273.0,0.842,274.0,0.003,13.8,2.0,3.0,0.0,12.39,0.0,21.16,5.931,0.0,-0.016,-0.017,-0.013,-0.33,-0.152,0.223,0.0,14.97,10.37,10.35,9.090000000000002,9.590000000000002,9.76,9.45,-84.09999999999998,9.91,9.69,0.019,0.0,0.0,0.002,0.002,0.008,0.004,0.004,12041.0,16720.0,16623.0,16953.0,14334.0,14358.0,11638.0,0.0,0.0,0.0,0.0,0.0,0.0,0.0,0.0,3.781,0.0,60.14,0.0,0.0,0.0,0.0,16.0,0.0,0.0,0.0,0.0,0.0,12.4,12.44,0.0,10.38,186.7,13.72,2.0,3.473,-1.0,2.095,3.3,4901
2016-03-31 04:02:00,0.0,0.0,0.0,1113180.0,62.9,59.9,60.0,0.0,43233.0,540.0,96872.0,1069924.0,0.0,1.0,0.0,0.0,0.0,275.2,274.4,275.5,0.772,273.0,0.531,272.6,0.842,274.0,0.003,13.8,2.0,3.0,0.0,12.39,0.0,21.17,5.925,0.0,-0.017,-0.017,-0.013,-0.3389999999999999,-0.152,0.223,0.0,14.93,10.35,10.35,9.04,9.57,9.76,9.49,-130.6,9.88,9.6,0.02,0.0,0.0,0.002,0.002,0.008,0.004,0.004,12041.0,16720.0,16623.0,16953.0,14334.0,14358.0,11638.0,0.0,0.0,0.0,0.0,0.0,0.0,0.0,0.0,3.789,0.0,60.14,0.0,0.0,0.0,0.0,16.0,0.0,0.0,0.0,0.0,0.0,12.36,12.42,0.0,10.39,180.6,17.21,2.0,3.473,-1.0,1.802,2.9,4901
2016-03-31 04:03:00,0.0,0.0,0.0,1113180.0,62.9,59.9,60.0,0.0,43233.0,540.0,96872.0,1069924.0,0.0,1.0,0.0,0.0,0.0,275.1,274.3,275.4,0.772,273.0,0.531,272.0,0.842,274.0,0.003,13.8,2.0,3.0,0.0,12.39,0.0,21.14,5.934,0.0,-0.017,-0.018,-0.013,-0.3429999999999999,-0.152,0.223,0.0,14.93,10.34,10.34,9.01,9.49,9.69,9.47,-84.29999999999998,9.88,9.58,0.006,0.001,0.0,0.001,0.003,0.008,0.004,0.005,12041.0,16720.0,16623.0,16953.0,14334.0,14358.0,11638.0,0.0,0.0,0.0,0.0,0.0,0.0,0.0,0.0,3.804,0.0,60.14,0.0,0.0,0.0,0.0,16.0,0.0,0.0,0.0,0.0,0.0,12.35,12.38,0.0,10.32,176.4,20.31,2.0,3.473,-1.0,1.743,4.4,4901
2016-03-31 04:04:00,0.0,0.0,0.0,1113180.0,62.9,59.9,60.0,0.0,43233.0,540.0,96872.0,1069924.0,0.0,1.0,0.0,0.0,0.0,275.1,274.1,275.2,0.772,273.0,0.531,272.0,0.842,274.0,-0.005,13.48,2.0,1.0,0.0,12.39,0.0,20.99,5.925,0.0,-0.017,-0.02,-0.0149999999999999,-0.262,-0.152,0.223,0.001,14.95,10.34,10.29,9.02,9.49,9.63,9.44,-109.9,9.88,9.52,0.017,0.001,0.0,0.002,0.002,0.008,0.004,0.004,12041.0,16720.0,16623.0,16953.0,14334.0,14358.0,11638.0,0.0,0.0,0.0,0.0,0.0,0.0,0.0,0.0,3.844,0.0,60.15,0.0,0.0,0.0,0.0,16.0,0.0,0.0,0.0,0.0,0.0,12.31,12.41,0.0,10.33,189.3,18.13,2.0,3.474,-1.0,2.898,4.4,4901
2016-03-31 04:05:00,0.0,0.0,0.0,1113180.0,62.9,59.9,60.0,0.0,43233.0,540.0,96872.0,1069924.0,0.0,1.0,0.0,0.0,0.0,274.9,274.0,275.2,0.772,273.0,0.531,272.0,0.842,273.1,0.01,13.63,2.0,3.0,0.0,12.39,0.0,20.95,5.931,0.0,-0.017,-0.019,-0.0139999999999999,-0.33,-0.152,0.223,0.001,14.93,10.35,10.35,9.01,9.49,9.62,9.47,-109.8,9.88,9.56,0.013,0.001,0.0,0.002,0.003,0.009,0.004,0.004,12041.0,16720.0,16623.0,16953.0,14334.0,14358.0,11638.0,0.0,0.0,0.0,0.0,0.0,0.0,0.0,0.0,3.897,0.0,60.15,0.0,0.0,0.0,0.0,16.0,0.0,0.0,0.0,0.0,0.0,12.37,12.52,0.0,10.34,196.5,14.72,2.0,3.473,-1.0,2.717,4.0,4901
2016-03-31 04:06:00,0.0,0.0,0.0,1113180.0,62.9,59.9,60.0,0.0,43233.0,540.0,96872.0,1069924.0,0.0,1.0,0.0,0.0,0.0,275.6,274.8,275.9,0.772,273.0,0.531,272.9,0.842,274.0,0.003,13.8,2.0,3.0,0.0,12.39,0.0,21.2,5.932,0.0,-0.017,-0.017,-0.013,-0.3339999999999999,-0.152,0.223,0.0,14.93,10.47,10.47,9.07,9.57,9.76,9.47,-37.58,9.89,9.62,0.0139999999999999,0.0,0.0,0.002,0.002,0.009,0.004,0.005,12041.0,16720.0,16623.0,16953.0,14334.0,14358.0,11638.0,0.0,0.0,0.0,0.0,0.0,0.0,0.0,0.0,3.912,0.0,60.22,0.0,0.0,0.0,0.0,16.0,0.0,0.0,0.0,0.0,0.0,12.47,12.59,0.0,10.49,198.1,15.24,2.0,3.474,-1.0,3.567,5.2,4901
2016-03-31 04:07:00,0.0,0.0,0.0,1113180.0,62.9,59.9,60.0,0.0,43233.0,540.0,96872.0,1069924.0,0.0,1.0,0.0,0.0,0.0,275.8,274.7,275.9,0.772,273.0,0.531,273.0,0.842,274.0,0.003,13.8,2.0,3.0,0.0,12.39,0.0,21.08,5.939,0.0,-0.016,-0.017,-0.013,-0.332,-0.152,0.223,0.0,14.97,10.55,10.55,9.11,9.65,9.86,9.52,-109.7,9.96,9.64,0.01,0.0,0.0,0.001,0.002,0.008,0.004,0.003,12041.0,16720.0,16623.0,16953.0,14334.0,14358.0,11638.0,0.0,0.0,0.0,0.0,0.0,0.0,0.0,0.0,3.912,0.0,60.18,0.0,0.0,0.0,0.0,16.0,0.0,0.0,0.0,0.0,0.0,12.47,12.59,0.0,10.49,192.0,18.27,2.0,3.473,-1.0,2.255,3.9,4901
2016-03-31 04:08:00,0.0,0.0,0.0,1113180.0,62.9,59.9,60.0,0.0,43233.0,540.0,96872.0,1069924.0,0.0,1.0,0.0,0.0,0.0,275.7,274.8,275.8,0.772,273.0,0.531,273.0,0.842,274.0,0.003,13.8,2.0,3.0,0.0,12.42,0.0,21.15,5.946000000000001,0.0,-0.017,-0.017,-0.013,-0.326,-0.152,0.223,0.0,14.97,10.51,10.55,9.11,9.590000000000002,9.71,9.5,-84.29999999999998,9.94,9.62,0.0149999999999999,0.001,0.0,0.001,0.002,0.008,0.005,0.005,12041.0,16720.0,16623.0,16953.0,14334.0,14358.0,11638.0,0.0,0.0,0.0,0.0,0.0,0.0,0.0,0.0,3.912,0.0,60.19,0.0,0.0,0.0,0.0,16.0,0.0,0.0,0.0,0.0,0.0,12.46,12.6,0.0,10.48,183.7,25.12,2.0,3.474,-1.0,2.248,3.4,4901
2016-03-31 04:09:00,0.0,0.0,0.0,1113180.0,62.9,59.9,60.0,0.0,43233.0,540.0,96872.0,1069924.0,0.0,1.0,0.0,0.0,0.0,275.7,274.6,275.7,0.772,273.0,0.531,273.0,0.842,274.0,0.003,13.8,2.0,3.0,0.0,12.42,0.0,21.04,5.937,0.0,-0.016,-0.017,-0.013,-0.32,-0.152,0.223,0.0,14.97,10.56,10.58,9.12,9.62,9.78,9.57,-103.7,9.96,9.61,0.017,0.0,0.0,0.002,0.003,0.008,0.004,0.005,12041.0,16720.0,16623.0,16953.0,14334.0,14358.0,11638.0,0.0,0.0,0.0,0.0,0.0,0.0,0.0,0.0,3.912,0.0,60.15,0.0,0.0,0.0,0.0,16.0,0.0,0.0,0.0,0.0,0.0,12.53,12.63,0.0,10.55,195.1,13.03,2.0,3.474,-1.0,3.805,6.2,4901
2016-03-31 04:10:00,0.0,0.0,0.0,1113180.0,62.9,59.9,60.0,0.0,43233.0,540.0,96872.0,1069924.0,0.0,1.0,0.0,0.0,0.0,275.4,274.7,275.7,0.772,273.0,0.531,273.0,0.842,274.0,0.002,13.41,2.0,1.0,0.0,12.42,0.0,21.22,5.938,0.0,-0.013,-0.017,-0.013,-0.2349999999999999,-0.152,0.222,0.001,14.97,10.64,10.64,9.2,9.78,9.87,9.6,-104.8,9.97,9.72,0.019,0.0,0.0,0.001,0.002,0.008,0.004,0.004,12041.0,16720.0,16623.0,16953.0,14334.0,14358.0,11638.0,0.0,0.0,0.0,0.0,0.0,0.0,0.0,0.0,3.912,0.0,60.14,0.0,0.0,0.0,0.0,16.0,0.0,0.0,0.0,0.0,0.0,12.58,12.66,0.0,10.61,188.0,13.44,2.0,3.473,-1.0,3.31,5.4,4901
2016-03-31 04:11:00,0.0,0.0,0.0,1113180.0,62.9,59.9,60.0,0.0,43233.0,540.0,96872.0,1069924.0,0.0,1.0,0.0,0.0,0.0,275.5,274.4,275.4,0.772,273.0,0.531,273.0,0.842,274.0,0.004,13.8,2.0,3.0,0.0,12.43,0.0,21.12,5.946000000000001,0.0,-0.013,-0.017,-0.013,-0.336,-0.152,0.223,0.001,14.97,10.66,10.61,9.22,9.75,9.89,9.6,-84.09999999999998,10.04,9.73,0.004,0.0,0.0,0.001,0.002,0.008,0.004,0.005,12041.0,16720.0,16623.0,16953.0,14334.0,14358.0,11638.0,0.0,0.0,0.0,0.0,0.0,0.0,0.0,0.0,3.914,0.0,60.15,0.0,0.0,0.0,0.0,16.0,0.0,0.0,0.0,0.0,0.0,12.54,12.68,0.0,10.58,187.1,15.28,2.0,3.473,-1.0,2.405,3.3,4901
2016-03-31 04:12:00,0.0,0.0,0.0,1113180.0,62.9,59.9,60.0,0.0,43233.0,540.0,96872.0,1069924.0,0.0,1.0,0.0,0.0,0.0,275.4,274.5,275.5,0.772,273.0,0.531,273.0,0.842,274.0,0.003,13.8,2.0,3.0,0.0,12.44,0.0,21.24,5.957000000000001,0.0,-0.013,-0.017,-0.013,-0.32,-0.152,0.223,0.0,14.95,10.61,10.55,9.22,9.7,9.86,9.6,-131.1,9.99,9.68,0.0149999999999999,0.0,0.0,0.002,0.003,0.009,0.004,0.004,12041.0,16720.0,16623.0,16953.0,14334.0,14358.0,11638.0,0.0,0.0,0.0,0.0,0.0,0.0,0.0,0.0,3.912,0.0,60.13,0.0,0.0,0.0,0.0,16.0,0.0,0.0,0.0,0.0,0.0,12.49,12.6,0.0,10.53,194.7,13.9,2.0,3.474,-1.0,2.662,3.9,4901
2016-03-31 04:13:00,0.0,0.0,0.0,1113180.0,62.9,59.9,60.0,0.0,43233.0,540.0,96872.0,1069924.0,0.0,1.0,0.0,0.0,0.0,275.3,274.5,275.4,0.772,273.0,0.531,272.9,0.842,274.0,0.003,13.8,2.0,3.0,0.0,12.44,0.0,21.24,5.953,0.0,-0.013,-0.017,-0.013,-0.3049999999999999,-0.152,0.223,0.0,14.95,10.58,10.56,9.22,9.73,9.89,9.64,-84.29999999999998,9.99,9.77,0.0149999999999999,0.0,0.0,0.002,0.003,0.008,0.004,0.004,12041.0,16720.0,16623.0,16953.0,14334.0,14358.0,11638.0,0.0,0.0,0.0,0.0,0.0,0.0,0.0,0.0,3.915,0.0,60.14,0.0,0.0,0.0,0.0,16.0,0.0,0.0,0.0,0.0,0.0,12.54,12.63,0.0,10.55,199.8,17.87,2.0,3.474,-1.0,3.652,6.8,4901
2016-03-31 04:14:00,0.0,0.0,0.0,1113180.0,62.9,59.9,60.0,0.0,43233.0,540.0,96872.0,1069924.0,0.0,1.0,0.0,0.0,0.0,275.3,274.3,275.4,0.772,273.0,0.531,272.6,0.842,274.0,0.003,13.8,2.0,3.0,0.0,12.44,0.0,21.14,5.94,0.0,-0.013,-0.017,-0.013,-0.296,-0.152,0.223,0.0,14.95,10.64,10.63,9.33,9.840000000000002,10.0,9.7,-104.3,10.07,9.85,0.0139999999999999,0.0,0.0,0.001,0.002,0.008,0.004,0.004,12041.0,16720.0,16623.0,16953.0,14334.0,14358.0,11638.0,0.0,0.0,0.0,0.0,0.0,0.0,0.0,0.0,3.913,0.0,60.21,0.0,0.0,0.0,0.0,16.0,0.0,0.0,0.0,0.0,0.0,12.63,12.66,0.0,10.65,183.4,12.26,2.0,3.473,-1.0,3.3080000000000003,5.7,4901
2016-03-31 04:15:00,0.0,0.0,0.0,1113180.0,62.9,59.9,60.0,0.0,43233.0,540.0,96872.0,1069924.0,0.0,1.0,0.0,0.0,0.0,275.0,274.3,275.4,0.772,273.0,0.531,272.0,0.842,274.0,0.021,13.77,2.0,1.0,0.0,12.45,0.0,21.23,5.948,0.0,-0.013,-0.017,-0.013,-0.2789999999999999,-0.152,0.222,0.0,14.93,10.67,10.63,9.35,9.840000000000002,10.0,9.72,-109.8,10.07,9.86,0.023,0.0,0.0,0.001,0.002,0.008,0.004,0.004,12041.0,16720.0,16623.0,16953.0,14334.0,14358.0,11638.0,0.0,0.0,0.0,0.0,0.0,0.0,0.0,0.0,3.916,0.0,60.15,0.0,0.0,0.0,0.0,16.0,0.0,0.0,0.0,0.0,0.0,12.63,12.69,0.0,10.64,184.7,14.14,2.0,3.473,-1.0,3.047,4.3,4901
2016-03-31 04:16:00,0.0,0.0,0.0,1113180.0,62.9,59.9,60.0,0.0,43233.0,540.0,96872.0,1069924.0,0.0,1.0,0.0,0.0,0.0,275.9,274.9,276.0,0.772,273.9,0.531,272.9,0.842,274.0,-0.024,13.31,2.0,1.0,0.0,12.46,0.0,21.14,5.957999999999999,0.0,-0.013,-0.017,-0.013,-0.3389999999999999,-0.152,0.226,0.001,14.95,10.74,10.67,9.35,9.840000000000002,10.02,9.8,-105.1,10.07,9.88,0.02,0.0,-0.001,0.001,0.002,0.0069999999999999,0.004,0.004,12041.0,16720.0,16623.0,16953.0,14334.0,14358.0,11638.0,0.0,0.0,0.0,0.0,0.0,0.0,0.0,0.0,3.913,0.0,60.14,0.0,0.0,0.0,0.0,16.0,0.0,0.0,0.0,0.0,0.0,12.6,12.68,0.0,10.69,193.5,14.35,2.0,3.474,-1.0,2.55,3.9,4901
2016-03-31 04:17:00,0.0,0.0,0.0,1113180.0,62.9,59.9,60.0,0.0,43233.0,540.0,96872.0,1069924.0,0.0,1.0,0.0,0.0,0.0,275.8,275.1,276.2,0.772,274.0,0.531,273.0,0.842,274.0,0.01,13.75,2.0,3.0,0.0,12.46,0.0,21.09,5.941,0.0,-0.013,-0.017,-0.013,-0.288,-0.152,0.223,0.001,14.97,10.74,10.74,9.33,9.86,9.97,9.74,-105.0,10.07,9.88,0.0149999999999999,0.001,0.0,0.002,0.003,0.008,0.003,0.005,12041.0,16720.0,16623.0,16953.0,14334.0,14358.0,11638.0,0.0,0.0,0.0,0.0,0.0,0.0,0.0,0.0,3.915,0.0,60.15,0.0,0.0,0.0,0.0,16.0,0.0,0.0,0.0,0.0,0.0,12.6,12.72,0.0,10.69,192.4,18.72,2.0,3.473,-1.0,2.752,4.6,4901
2016-03-31 04:18:00,0.0,0.0,0.0,1113180.0,62.9,59.9,60.0,0.0,43233.0,540.0,96872.0,1069924.0,0.0,1.0,0.0,0.0,0.0,275.7,275.1,276.2,0.772,274.0,0.531,273.0,0.842,274.0,0.004,13.8,2.0,3.0,0.0,12.48,0.0,21.11,5.943,0.0,-0.0139999999999999,-0.017,-0.013,-0.2939999999999999,-0.152,0.223,0.0,14.95,10.74,10.74,9.39,9.87,9.97,9.8,-109.5,10.08,9.86,0.013,0.0,0.0,0.002,0.002,0.008,0.004,0.005,12041.0,16720.0,16623.0,16953.0,14334.0,14358.0,11638.0,0.0,0.0,0.0,0.0,0.0,0.0,0.0,0.0,3.912,0.0,60.13,0.0,0.0,0.0,0.0,16.0,0.0,0.0,0.0,0.0,0.0,12.62,12.69,0.0,10.65,168.7,17.29,2.0,3.473,-1.0,1.592,2.9,4901
2016-03-31 04:19:00,0.0,0.0,0.0,1113180.0,62.9,59.9,60.0,0.0,43233.0,540.0,96872.0,1069924.0,0.0,1.0,0.0,0.0,0.0,276.0,275.0,276.1,0.772,273.6,0.531,273.0,0.842,274.0,0.003,13.8,2.0,3.0,0.0,12.49,0.0,21.21,5.943,0.0,-0.017,-0.017,-0.013,-0.2939999999999999,-0.152,0.223,0.0,14.97,10.69,10.72,9.3,9.82,10.0,9.75,-57.62,10.07,9.77,0.008,0.001,0.0,0.001,0.003,0.009,0.004,0.003,12041.0,16720.0,16623.0,16953.0,14334.0,14358.0,11638.0,0.0,0.0,0.0,0.0,0.0,0.0,0.0,0.0,3.924,0.0,60.14,0.0,0.0,0.0,0.0,16.0,0.0,0.0,0.0,0.0,0.0,12.59,12.68,0.0,10.65,187.5,13.15,2.0,3.474,-1.0,2.6,4.8,4901
2016-03-31 04:20:00,0.0,0.0,0.0,1113180.0,62.9,59.9,60.0,0.0,43233.0,540.0,96872.0,1069924.0,0.0,1.0,0.0,0.0,0.0,275.8,275.0,276.1,0.772,273.6,0.531,273.0,0.842,274.0,0.003,13.8,2.0,3.0,0.0,12.49,0.0,21.21,5.959,0.0,-0.017,-0.017,-0.013,-0.3029999999999999,-0.152,0.223,0.0,14.97,10.74,10.74,9.36,9.840000000000002,9.98,9.75,-105.4,10.12,9.83,0.0149999999999999,0.0,0.0,0.001,0.003,0.008,0.004,0.004,12041.0,16720.0,16623.0,16953.0,14334.0,14358.0,11638.0,0.0,0.0,0.0,0.0,0.0,0.0,0.0,0.0,3.975,0.0,60.16,0.0,0.0,0.0,0.0,16.0,0.0,0.0,0.0,0.0,0.0,12.63,12.75,0.0,10.72,196.4,15.6,2.0,3.47,-1.0,2.902,4.7,4901
2016-03-31 04:21:00,0.0,0.0,0.0,1113180.0,62.9,59.9,60.0,0.0,43233.0,540.0,96872.0,1069924.0,0.0,1.0,0.0,0.0,0.0,275.9,274.8,276.0,0.772,273.2,0.531,273.0,0.842,274.0,0.003,13.8,2.0,3.0,0.0,12.49,0.0,21.26,5.982,0.0,-0.017,-0.017,-0.013,-0.296,-0.152,0.223,0.0,14.97,10.77,10.77,9.39,9.91,10.02,9.75,-109.6,10.12,9.86,0.0149999999999999,0.001,0.0,0.002,0.002,0.008,0.004,0.005,12041.0,16720.0,16623.0,16953.0,14334.0,14358.0,11638.0,0.0,0.0,0.0,0.0,0.0,0.0,0.0,0.0,4.037,0.0,60.13,0.0,0.0,0.0,0.0,16.0,0.0,0.0,0.0,0.0,0.0,12.62,12.76,0.0,10.77,200.7,21.95,2.0,3.467,-1.0,3.542,6.3,4901
2016-03-31 04:22:00,0.0,0.0,0.0,1113180.0,62.9,59.9,60.0,0.0,43233.0,540.0,96872.0,1069924.0,0.0,1.0,0.0,0.0,0.0,275.9,274.9,276.0,0.772,273.5,0.531,273.0,0.842,274.0,0.0,13.32,2.0,1.0,0.0,12.51,0.0,21.15,5.97,0.0,-0.0149999999999999,-0.017,-0.013,-0.3029999999999999,-0.152,0.223,0.001,14.97,10.83,10.83,9.44,9.97,10.13,9.8,-83.7,10.26,9.920000000000002,0.017,0.0,0.0,0.001,0.003,0.008,0.004,0.005,12041.0,16720.0,16623.0,16953.0,14334.0,14358.0,11638.0,0.0,0.0,0.0,0.0,0.0,0.0,0.0,0.0,4.047,0.0,60.21,0.0,0.0,0.0,0.0,16.0,0.0,0.0,0.0,0.0,0.0,12.67,12.76,0.0,10.77,176.3,27.49,2.0,3.467,-1.0,2.377,3.9,4901
2016-03-31 04:23:00,0.0,0.0,0.0,1113180.0,62.9,59.9,60.0,0.0,43233.0,540.0,96872.0,1069924.0,0.0,1.0,0.0,0.0,0.0,276.1,274.7,275.9,0.772,273.3,0.531,273.0,0.842,274.0,0.006,13.8,2.0,3.0,0.0,12.51,0.0,21.18,5.922999999999999,0.0,-0.016,-0.017,-0.013,-0.3029999999999999,-0.152,0.222,0.001,14.97,10.83,10.83,9.44,9.97,10.1,9.88,-83.9,10.25,9.88,0.0149999999999999,0.0,0.001,0.001,0.003,0.008,0.004,0.004,12041.0,16720.0,16623.0,16953.0,14334.0,14358.0,11638.0,0.0,0.0,0.0,0.0,0.0,0.0,0.0,0.0,3.852,0.0,60.17,0.0,0.0,0.0,0.0,16.0,0.0,0.0,0.0,0.0,0.0,12.62,12.74,0.0,10.79,182.6,19.01,2.0,3.467,-1.0,2.515,3.8,4901
2016-03-31 04:24:00,0.0,0.0,0.0,1113180.0,62.9,59.9,60.0,0.0,43233.0,540.0,96872.0,1069924.0,0.0,1.0,0.0,0.0,0.0,275.7,274.8,276.0,0.772,273.0,0.531,273.0,0.842,274.0,0.003,13.8,2.0,3.0,0.0,12.52,0.0,21.18,5.768,0.0,-0.017,-0.017,-0.013,-0.286,-0.152,0.222,0.0,14.97,10.82,10.79,9.49,9.97,10.07,9.9,-130.1,10.26,9.91,0.01,0.001,-0.001,0.002,0.002,0.009,0.004,0.003,12041.0,16720.0,16623.0,16953.0,14334.0,14358.0,11638.0,0.0,0.0,0.0,0.0,0.0,0.0,0.0,0.0,3.5980000000000003,0.0,60.19,0.0,0.0,0.0,0.0,16.0,0.0,0.0,0.0,0.0,0.0,12.67,12.78,0.0,10.75,171.0,21.35,2.0,,-1.0,2.987,12.1,4901
2016-03-31 04:25:00,0.0,0.0,0.0,1113180.0,62.9,59.9,60.0,0.0,43233.0,540.0,96872.0,1069924.0,0.0,1.0,0.0,0.0,0.0,275.6,274.9,276.0,0.772,273.0,0.531,273.0,0.842,274.0,0.003,13.8,2.0,3.0,0.0,12.53,0.0,21.24,5.977,0.0,-0.016,-0.017,-0.013,-0.2769999999999999,-0.152,0.223,0.0,14.97,10.74,10.74,9.47,9.97,10.07,9.89,-79.04,10.26,9.94,0.008,0.0,0.001,0.001,0.002,0.008,0.003,0.004,12041.0,16720.0,16623.0,16953.0,14334.0,14358.0,11638.0,0.0,0.0,0.0,0.0,0.0,0.0,0.0,0.0,4.059,0.0,60.16,0.0,0.0,0.0,0.0,16.0,0.0,0.0,0.0,0.0,0.0,12.69,12.71,0.0,10.67,192.4,36.71,2.0,3.467,-1.0,1.587,2.8,4901
2016-03-31 04:26:00,0.0,0.0,0.0,1113180.0,62.9,59.9,60.0,0.0,43233.0,540.0,96872.0,1069924.0,0.0,1.0,0.0,0.0,0.0,275.7,274.7,275.9,0.772,273.0,0.531,273.0,0.842,274.0,0.003,13.8,2.0,3.0,0.0,12.53,0.0,21.18,6.093,0.0,-0.017,-0.018,-0.013,-0.296,-0.152,0.223,0.0,14.97,10.66,10.69,9.39,9.89,9.97,9.79,-84.29999999999998,10.2,9.88,0.013,0.0,-0.001,0.001,0.002,0.008,0.004,0.003,12041.0,16720.0,16623.0,16953.0,14334.0,14358.0,11638.0,0.0,0.0,0.0,0.0,0.0,0.0,0.0,0.0,4.173,0.0,60.14,0.0,0.0,0.0,0.0,16.0,0.0,0.0,0.0,0.0,0.0,12.69,12.71,0.0,10.62,195.2,31.97,2.0,3.468,-1.0,1.838,4.1,4901
2016-03-31 04:27:00,0.0,0.0,0.0,1113180.0,62.9,59.9,60.0,0.0,43233.0,540.0,96872.0,1069924.0,0.0,1.0,0.0,0.0,0.0,275.7,274.8,275.9,0.772,273.0,0.531,273.0,0.842,274.0,0.004,13.8,2.0,3.0,0.0,12.53,0.0,21.17,6.158,0.0,-0.017,-0.02,-0.013,-0.265,-0.152,0.222,0.0,14.97,10.64,10.64,9.36,9.86,9.97,9.72,-58.48,10.12,9.85,0.019,0.0,-0.001,0.001,0.002,0.008,0.004,0.004,12041.0,16720.0,16623.0,16953.0,14334.0,14358.0,11638.0,0.0,0.0,0.0,0.0,0.0,0.0,0.0,0.0,4.182,0.0,60.14,0.0,0.0,0.0,0.0,16.0,0.0,0.0,0.0,0.0,0.0,12.7,12.8,0.0,10.59,187.6,16.59,2.0,3.468,-1.0,1.875,2.8,4901
2016-03-31 04:28:00,0.0,0.0,0.0,1113180.0,62.9,59.9,60.0,0.0,43233.0,540.0,96872.0,1069924.0,0.0,1.0,0.0,0.0,0.0,275.8,274.8,276.0,0.772,273.0,0.531,273.0,0.842,274.0,0.002,13.54,2.0,1.0,0.0,12.54,0.0,21.15,6.163,0.0,-0.02,-0.02,-0.016,-0.2899999999999999,-0.152,0.222,0.001,14.97,10.64,10.63,9.35,9.840000000000002,9.97,9.7,-105.6,10.07,9.78,0.0149999999999999,0.0,0.0,0.001,0.002,0.009,0.004,0.004,12041.0,16720.0,16623.0,16953.0,14334.0,14358.0,11638.0,0.0,0.0,0.0,0.0,0.0,0.0,0.0,0.0,4.182,0.0,60.22,0.0,0.0,0.0,0.0,16.0,0.0,0.0,0.0,0.0,0.0,12.7,12.79,0.0,10.65,184.9,17.84,2.0,3.473,-1.0,2.088,4.7,4901
2016-03-31 04:29:00,0.0,0.0,0.0,1113180.0,62.9,59.9,60.0,0.0,43233.0,540.0,96872.0,1069924.0,0.0,1.0,0.0,0.0,0.0,275.8,274.7,275.9,0.772,273.0,0.531,273.0,0.842,274.0,0.003,13.8,2.0,3.0,0.0,12.54,0.0,21.12,6.066,0.0,-0.018,-0.02,-0.0139999999999999,-0.2979999999999999,-0.152,0.222,0.0,14.97,10.8,10.77,9.41,9.94,10.08,9.8,-84.09999999999998,10.17,9.89,0.023,0.0,0.0,0.001,0.003,0.008,0.004,0.004,12041.0,16720.0,16623.0,16953.0,14334.0,14358.0,11638.0,0.0,0.0,0.0,0.0,0.0,0.0,0.0,0.0,4.181,0.0,60.22,0.0,0.0,0.0,0.0,16.0,0.0,0.0,0.0,0.0,0.0,12.77,12.87,0.0,10.82,209.1,21.96,2.0,3.473,-1.0,2.917,5.1,4901
2016-03-31 04:30:00,0.0,0.0,0.0,1113180.0,62.9,59.9,60.0,0.0,43233.0,540.0,96872.0,1069924.0,0.0,1.0,0.0,0.0,0.0,275.5,274.6,275.8,0.772,273.0,0.531,273.0,0.842,274.0,0.003,13.8,2.0,3.0,0.0,12.56,0.0,21.16,6.038,0.0,-0.017,-0.02,-0.013,-0.288,-0.152,0.223,0.0,14.97,10.83,10.82,9.49,9.97,10.16,9.89,-131.3,10.25,9.89,0.027,-0.001,0.001,0.001,0.002,0.008,0.003,0.004,12041.0,16720.0,16623.0,16953.0,14334.0,14358.0,11638.0,0.0,0.0,0.0,0.0,0.0,0.0,0.0,0.0,4.169,0.0,60.22,0.0,0.0,0.0,0.0,16.0,0.0,0.0,0.0,0.0,0.0,12.75,12.86,0.0,10.81,169.4,15.24,2.0,3.473,-1.0,2.955,5.5,4901
2016-03-31 04:31:00,0.0,0.0,0.0,1113180.0,62.9,59.9,60.0,0.0,43233.0,540.0,96872.0,1069924.0,0.0,1.0,0.0,0.0,0.0,275.5,274.5,275.7,0.772,273.0,0.531,273.0,0.842,274.0,0.003,13.8,2.0,3.0,0.0,12.56,0.0,21.13,6.015,0.0,-0.017,-0.017,-0.013,-0.313,-0.152,0.223,0.0,14.97,10.87,10.82,9.49,10.03,10.14,9.9,-105.7,10.26,9.96,0.022,0.0,0.0,0.002,0.002,0.009,0.004,0.004,12041.0,16720.0,16623.0,16953.0,14334.0,14358.0,11638.0,0.0,0.0,0.0,0.0,0.0,0.0,0.0,0.0,4.123,0.0,60.22,0.0,0.0,0.0,0.0,16.0,0.0,0.0,0.0,0.0,0.0,12.81,12.78,0.0,10.81,193.9,27.19,2.0,3.474,-1.0,2.62,4.9,4901
2016-03-31 04:32:00,0.0,0.0,0.0,1113180.0,62.9,59.9,60.0,0.0,43233.0,540.0,96872.0,1069924.0,0.0,1.0,0.0,0.0,0.0,275.2,274.4,275.7,0.772,273.0,0.531,272.5,0.842,274.0,0.003,13.8,2.0,3.0,0.0,12.57,0.0,21.15,5.999,0.0,-0.017,-0.017,-0.013,-0.286,-0.152,0.223,0.0,14.97,10.83,10.74,9.48,9.97,10.14,9.9,-131.3,10.23,9.94,0.019,0.001,-0.001,0.001,0.002,0.008,0.004,0.004,12041.0,16720.0,16623.0,16953.0,14334.0,14358.0,11638.0,0.0,0.0,0.0,0.0,0.0,0.0,0.0,0.0,4.104,0.0,60.15,0.0,0.0,0.0,0.0,16.0,0.0,0.0,0.0,0.0,0.0,12.76,12.76,0.0,10.78,183.5,22.16,2.0,3.474,-1.0,2.083,3.0,4901
2016-03-31 04:33:00,0.0,0.0,0.0,1113180.0,62.9,59.9,60.0,0.0,43233.0,540.0,96872.0,1069924.0,0.0,1.0,0.0,0.0,0.0,275.3,274.2,275.5,0.772,273.0,0.531,272.1,0.842,274.0,0.001,13.54,2.0,1.0,0.0,12.58,0.0,21.12,5.977,0.0,-0.017,-0.017,-0.013,-0.226,-0.152,0.222,0.001,14.97,10.93,10.88,9.49,10.0,10.15,9.88,-105.9,10.25,9.94,0.022,0.001,-0.001,0.002,0.002,0.008,0.004,0.004,12041.0,16720.0,16623.0,16953.0,14334.0,14358.0,11638.0,0.0,0.0,0.0,0.0,0.0,0.0,0.0,0.0,4.05,0.0,60.15,0.0,0.0,0.0,0.0,16.0,0.0,0.0,0.0,0.0,0.0,12.77,12.94,0.0,10.91,189.8,14.02,2.0,3.473,-1.0,3.612,5.6,4901
2016-03-31 04:34:00,0.0,0.0,0.0,1113180.0,62.9,59.9,60.0,0.0,43233.0,540.0,96872.0,1069924.0,0.0,1.0,0.0,0.0,0.0,275.0,274.2,275.4,0.772,273.0,0.531,272.0,0.842,274.0,0.005,13.8,2.0,3.0,0.0,12.58,0.0,21.15,6.009,0.0,-0.0149999999999999,-0.017,-0.013,-0.288,-0.152,0.223,0.0,14.97,11.01,10.99,9.590000000000002,10.13,10.24,10.02,-131.3,10.34,10.07,0.005,0.0,0.0,0.0,0.003,0.008,0.003,0.004,12041.0,16720.0,16623.0,16953.0,14334.0,14358.0,11638.0,0.0,0.0,0.0,0.0,0.0,0.0,0.0,0.0,4.047,0.0,60.14,0.0,0.0,0.0,0.0,16.0,0.0,0.0,0.0,0.0,0.0,12.85,12.98,0.0,10.98,198.4,10.69,2.0,3.473,-1.0,3.135,5.3,4901
2016-03-31 04:35:00,0.0,0.0,0.0,1113180.0,62.9,59.9,60.0,0.0,43233.0,540.0,96872.0,1069924.0,0.0,1.0,0.0,0.0,0.0,275.1,274.0,275.3,0.772,273.0,0.531,272.1,0.842,273.8,0.003,13.8,2.0,3.0,0.0,12.58,0.0,21.15,6.001,0.0,-0.013,-0.017,-0.013,-0.288,-0.152,0.223,0.0,14.97,10.98,10.96,9.590000000000002,10.13,10.18,10.0,-110.2,10.28,10.07,0.019,0.0,0.0,0.001,0.001,0.0069999999999999,0.004,0.004,12041.0,16720.0,16623.0,16953.0,14334.0,14358.0,11638.0,0.0,0.0,0.0,0.0,0.0,0.0,0.0,0.0,4.045,0.0,60.14,0.0,0.0,0.0,0.0,16.0,0.0,0.0,0.0,0.0,0.0,12.85,12.96,0.0,10.93,175.9,19.15,2.0,3.474,-1.0,2.93,5.3,4901
2016-03-31 04:36:00,0.0,0.0,0.0,1113180.0,62.9,59.9,60.0,0.0,43233.0,540.0,96872.0,1069924.0,0.0,1.0,0.0,0.0,0.0,275.7,274.7,275.9,0.772,273.3,0.531,272.9,0.842,274.0,0.003,13.8,2.0,3.0,0.0,12.59,0.0,21.18,5.997999999999999,0.0,-0.013,-0.017,-0.013,-0.2919999999999999,-0.152,0.223,0.0,14.97,11.03,11.01,9.62,10.18,10.24,10.03,-105.3,10.44,10.09,0.01,0.0,0.0,0.001,0.002,0.008,0.004,0.003,12041.0,16720.0,16623.0,16953.0,14334.0,14358.0,11638.0,0.0,0.0,0.0,0.0,0.0,0.0,0.0,0.0,4.043,0.0,60.14,0.0,0.0,0.0,0.0,16.0,0.0,0.0,0.0,0.0,0.0,12.92,13.02,0.0,10.99,190.5,20.24,2.0,3.474,-1.0,4.49,6.7,4901
2016-03-31 04:37:00,0.0,0.0,0.0,1113180.0,62.9,59.9,60.0,0.0,43233.0,540.0,96872.0,1069924.0,0.0,1.0,0.0,0.0,0.0,276.0,274.9,276.1,0.772,274.0,0.531,273.0,0.842,274.0,0.003,13.8,2.0,3.0,0.0,12.6,0.0,21.09,5.959,0.0,-0.013,-0.016,-0.013,-0.2769999999999999,-0.152,0.223,0.0,14.97,11.07,11.03,9.76,10.26,10.35,10.1,-129.3,10.45,10.26,0.011,0.001,0.0,0.002,0.002,0.008,0.004,0.004,12041.0,16720.0,16623.0,16953.0,14334.0,14358.0,11638.0,0.0,0.0,0.0,0.0,0.0,0.0,0.0,0.0,4.024,0.0,60.18,0.0,0.0,0.0,0.0,16.0,0.0,0.0,0.0,0.0,0.0,12.97,13.0,0.0,11.0,179.1,20.33,2.0,3.474,-1.0,3.637,7.0,4901
2016-03-31 04:38:00,0.0,0.0,0.0,1113180.0,62.9,59.9,60.0,0.0,43233.0,540.0,96872.0,1069924.0,0.0,1.0,0.0,0.0,0.0,275.8,274.9,276.0,0.772,273.6,0.531,273.0,0.842,274.0,0.004,13.8,2.0,3.0,0.0,12.61,0.0,21.22,5.987,0.0,-0.013,-0.016,-0.013,-0.2289999999999999,-0.152,0.223,0.0,14.97,11.03,11.03,9.78,10.26,10.35,10.18,-84.2,10.55,10.26,0.018,0.001,-0.001,0.002,0.002,0.0069999999999999,0.004,0.003,12041.0,16720.0,16623.0,16953.0,14334.0,14358.0,11638.0,0.0,0.0,0.0,0.0,0.0,0.0,0.0,0.0,4.043,0.0,60.15,0.0,0.0,0.0,0.0,16.0,0.0,0.0,0.0,0.0,0.0,12.94,12.98,0.0,10.99,190.6,24.11,2.0,3.474,-1.0,3.115,5.5,4901
2016-03-31 04:39:00,0.0,0.0,0.0,1113180.0,62.9,59.9,60.0,0.0,43233.0,540.0,96872.0,1069924.0,0.0,1.0,0.0,0.0,0.0,275.8,274.9,276.1,0.772,274.0,0.531,273.0,0.842,274.1,-0.002,13.31,2.0,1.0,0.0,12.63,0.0,21.16,5.969,0.0,-0.013,-0.016,-0.013,-0.273,-0.152,0.2239999999999999,0.001,14.97,11.09,11.06,9.81,10.31,10.4,10.2,-110.5,10.56,10.37,0.005,0.0,0.0,0.001,0.002,0.008,0.003,0.003,12041.0,16720.0,16623.0,16953.0,14334.0,14358.0,11638.0,0.0,0.0,0.0,0.0,0.0,0.0,0.0,0.0,4.047,0.0,60.22,0.0,0.0,0.0,0.0,16.0,0.0,0.0,0.0,0.0,0.0,12.96,13.02,0.0,11.02,190.9,32.35,2.0,3.468,-1.0,3.0,7.1,4901
2016-03-31 04:40:00,0.0,0.0,0.0,1113180.0,62.9,59.9,60.0,0.0,43233.0,540.0,96872.0,1069924.0,0.0,1.0,0.0,0.0,0.0,275.7,274.9,276.0,0.772,273.7,0.531,273.0,0.842,274.0,0.005,13.8,2.0,3.0,0.0,12.63,0.0,21.15,5.964,0.0,-0.013,-0.017,-0.013,-0.262,-0.152,0.223,0.001,14.97,11.08,11.03,9.82,10.35,10.4,10.2,-131.3,10.55,10.34,0.013,-0.001,0.0,0.001,0.002,0.008,0.004,0.004,12041.0,16720.0,16623.0,16953.0,14334.0,14358.0,11638.0,0.0,0.0,0.0,0.0,0.0,0.0,0.0,0.0,4.047,0.0,60.2,0.0,0.0,0.0,0.0,16.0,0.0,0.0,0.0,0.0,0.0,12.96,13.0,0.0,11.05,194.7,23.93,2.0,3.474,-1.0,2.942,4.7,4901
2016-03-31 04:41:00,0.0,0.0,0.0,1113180.0,62.9,59.9,60.0,0.0,43233.0,540.0,96872.0,1069924.0,0.0,1.0,0.0,0.0,0.0,275.5,274.8,275.9,0.772,273.1,0.531,273.0,0.842,274.0,0.003,13.8,2.0,3.0,0.0,12.64,0.0,21.16,5.962999999999999,0.0,-0.013,-0.017,-0.013,-0.262,-0.152,0.223,0.0,14.97,11.12,11.03,9.83,10.35,10.45,10.2,-110.6,10.55,10.36,0.011,0.001,-0.001,0.001,0.002,0.008,0.004,0.005,12041.0,16720.0,16623.0,16953.0,14334.0,14358.0,11638.0,0.0,0.0,0.0,0.0,0.0,0.0,0.0,0.0,4.047,0.0,60.15,0.0,0.0,0.0,0.0,16.0,0.0,0.0,0.0,0.0,0.0,13.01,13.05,0.0,11.06,188.4,14.1,2.0,3.474,-1.0,3.138,5.2,4901
2016-03-31 04:42:00,0.0,0.0,0.0,1113180.0,62.9,59.9,60.0,0.0,43233.0,540.0,96872.0,1069924.0,0.0,1.0,0.0,0.0,0.0,275.6,274.8,275.9,0.772,273.0,0.531,273.0,0.842,274.0,0.003,13.8,2.0,3.0,0.0,12.65,0.0,21.11,6.002999999999999,0.0,-0.013,-0.017,-0.013,-0.2689999999999999,-0.152,0.223,0.0,14.97,11.12,11.03,9.79,10.29,10.35,10.18,-131.9,10.45,10.31,0.018,0.001,-0.001,0.002,0.002,0.008,0.004,0.003,12041.0,16720.0,16623.0,16953.0,14334.0,14358.0,11638.0,0.0,0.0,0.0,0.0,0.0,0.0,0.0,0.0,4.047,0.0,60.15,0.0,0.0,0.0,0.0,16.0,0.0,0.0,0.0,0.0,0.0,13.0,13.03,0.0,11.05,190.0,30.62,2.0,3.474,-1.0,1.743,4.7,4901
2016-03-31 04:43:00,0.0,0.0,0.0,1113180.0,62.9,59.9,60.0,0.0,43233.0,540.0,96872.0,1069924.0,0.0,1.0,0.0,0.0,0.0,275.9,274.8,275.9,0.772,273.4,0.531,273.0,0.842,274.0,0.003,13.8,2.0,3.0,0.0,12.65,0.0,21.15,6.035,0.0,-0.0139999999999999,-0.017,-0.013,-0.267,-0.152,0.223,0.0,14.97,11.12,11.06,9.8,10.34,10.37,10.2,-110.5,10.53,10.33,0.019,0.0,0.0,0.001,0.001,0.008,0.004,0.004,12041.0,16720.0,16623.0,16953.0,14334.0,14358.0,11638.0,0.0,0.0,0.0,0.0,0.0,0.0,0.0,0.0,4.057,0.0,60.15,0.0,0.0,0.0,0.0,16.0,0.0,0.0,0.0,0.0,0.0,13.03,13.03,0.0,11.05,184.8,22.8,2.0,3.473,-1.0,3.222,5.3,4901
2016-03-31 04:44:00,0.0,0.0,0.0,1113180.0,62.9,59.9,60.0,0.0,43233.0,540.0,96872.0,1069924.0,0.0,1.0,0.0,0.0,0.0,275.6,275.0,276.1,0.772,273.0,0.531,273.0,0.842,274.0,0.003,13.8,2.0,3.0,0.0,12.67,0.0,21.15,5.993,0.0,-0.0149999999999999,-0.017,-0.013,-0.214,-0.152,0.223,0.0,14.97,11.12,11.12,9.86,10.35,10.37,10.28,-131.5,10.65,10.29,0.009,0.0,0.0,0.001,0.002,0.0069999999999999,0.003,0.004,12041.0,16720.0,16623.0,16953.0,14334.0,14358.0,11638.0,0.0,0.0,0.0,0.0,0.0,0.0,0.0,0.0,4.05,0.0,60.15,0.0,0.0,0.0,0.0,16.0,0.0,0.0,0.0,0.0,0.0,13.02,13.04,0.0,11.04,192.0,18.26,2.0,3.474,-1.0,3.0,5.2,4901
2016-03-31 04:45:00,0.0,0.0,0.0,1113180.0,62.9,59.9,60.0,0.0,43233.0,540.0,96872.0,1069924.0,0.0,1.0,0.0,0.0,0.0,275.9,275.0,276.1,0.772,273.5,0.531,273.0,0.842,274.0,0.002,13.48,2.0,1.0,0.0,12.67,0.0,21.22,6.072,0.0,-0.0149999999999999,-0.017,-0.013,-0.273,-0.152,0.223,0.001,14.97,11.14,11.15,9.83,10.35,10.45,10.25,-105.9,10.65,10.34,0.018,0.0,0.001,0.001,0.003,0.008,0.003,0.004,12041.0,16720.0,16623.0,16953.0,14334.0,14358.0,11638.0,0.0,0.0,0.0,0.0,0.0,0.0,0.0,0.0,4.109,0.0,60.14,0.0,0.0,0.0,0.0,16.0,0.0,0.0,0.0,0.0,0.0,13.05,13.09,0.0,11.09,195.9,13.82,2.0,3.474,-1.0,4.405,6.2,4901
2016-03-31 04:46:00,0.0,0.0,0.0,1113180.0,62.9,59.9,60.0,0.0,43233.0,540.0,96872.0,1069924.0,0.0,1.0,0.0,0.0,0.0,275.9,274.9,276.0,0.772,273.0,0.531,273.0,0.842,274.0,0.003,13.8,2.0,3.0,0.0,12.68,0.0,21.23,6.0520000000000005,0.0,-0.013,-0.017,-0.013,-0.2689999999999999,-0.152,0.223,0.0,14.97,11.23,11.26,9.94,10.45,10.58,10.35,-132.0,10.7,10.42,0.017,0.0,-0.001,0.001,0.002,0.008,0.004,0.003,12041.0,16720.0,16623.0,16953.0,14334.0,14358.0,11638.0,0.0,0.0,0.0,0.0,0.0,0.0,0.0,0.0,4.1610000000000005,0.0,60.14,0.0,0.0,0.0,0.0,16.0,0.0,0.0,0.0,0.0,0.0,13.1,13.1,0.0,11.17,209.0,11.19,2.0,3.474,-1.0,3.378,5.4,4901
2016-03-31 04:47:00,0.0,0.0,0.0,1113180.0,62.9,59.9,60.0,0.0,43233.0,540.0,96872.0,1069924.0,0.0,1.0,0.0,0.0,0.0,275.5,274.9,276.0,0.772,273.0,0.531,273.0,0.842,274.0,0.003,13.8,2.0,3.0,0.0,12.7,0.0,21.3,6.067,0.0,-0.013,-0.017,-0.013,-0.258,-0.152,0.223,0.0,14.97,11.14,11.22,9.89,10.43,10.53,10.31,-80.09999999999998,10.65,10.45,0.024,0.0,0.0,0.001,0.002,0.0069999999999999,0.004,0.003,12041.0,16720.0,16623.0,16953.0,14334.0,14358.0,11638.0,0.0,0.0,0.0,0.0,0.0,0.0,0.0,0.0,4.177,0.0,60.13,0.0,0.0,0.0,0.0,16.0,0.0,0.0,0.0,0.0,0.0,13.08,13.06,0.0,11.12,207.4,23.7,2.0,3.474,-1.0,2.01,3.1,4901
2016-03-31 04:48:00,0.0,0.0,0.0,1113180.0,62.9,59.9,60.0,0.0,43233.0,540.0,96872.0,1069924.0,0.0,1.0,0.0,0.0,0.0,275.8,274.7,275.9,0.772,273.0,0.531,273.0,0.842,274.0,0.003,13.8,2.0,3.0,0.0,12.7,0.0,21.18,6.13,0.0,-0.0149999999999999,-0.017,-0.013,-0.252,-0.152,0.223,0.0,14.97,11.16,11.19,9.87,10.37,10.51,10.27,-132.0,10.57,10.42,0.018,0.0,-0.001,0.001,0.001,0.008,0.003,0.003,12041.0,16720.0,16623.0,16953.0,14334.0,14358.0,11638.0,0.0,0.0,0.0,0.0,0.0,0.0,0.0,0.0,4.181,0.0,60.15,0.0,0.0,0.0,0.0,16.0,0.0,0.0,0.0,0.0,0.0,13.06,13.08,0.0,11.14,187.6,23.06,2.0,3.474,-1.0,2.877,5.5,4901
2016-03-31 04:49:00,0.0,0.0,0.0,1113180.0,62.9,59.9,60.0,0.0,43233.0,540.0,96872.0,1069924.0,0.0,1.0,0.0,0.0,0.0,275.7,274.8,276.0,0.772,273.0,0.531,273.0,0.842,274.0,0.003,13.8,2.0,3.0,0.0,12.72,0.0,21.13,6.15,0.0,-0.016,-0.017,-0.013,-0.256,-0.152,0.223,0.0,14.97,11.25,11.28,9.94,10.47,10.56,10.32,-132.0,10.65,10.44,0.0149999999999999,0.0,-0.001,0.001,0.002,0.008,0.004,0.004,12041.0,16720.0,16623.0,16953.0,14334.0,14358.0,11638.0,0.0,0.0,0.0,0.0,0.0,0.0,0.0,0.0,4.182,0.0,60.14,0.0,0.0,0.0,0.0,16.0,0.0,0.0,0.0,0.0,0.0,13.11,13.15,0.0,11.19,197.6,13.48,2.0,3.474,-1.0,3.355,5.0,4901
2016-03-31 04:50:00,0.0,0.0,0.0,1113180.0,62.9,59.9,60.0,0.0,43233.0,540.0,96872.0,1069924.0,0.0,1.0,0.0,0.0,0.0,275.7,274.8,276.1,0.772,273.0,0.531,273.0,0.842,274.0,0.002,13.54,2.0,3.0,0.0,12.72,0.0,21.19,6.2170000000000005,0.0,-0.0139999999999999,-0.017,-0.013,-0.2069999999999999,-0.152,0.222,0.0,14.97,11.2,11.14,9.94,10.5,10.57,10.31,-63.45,10.65,10.44,0.008,0.001,0.0,0.001,0.003,0.008,0.004,0.004,12041.0,16720.0,16623.0,16953.0,14334.0,14358.0,11638.0,0.0,0.0,0.0,0.0,0.0,0.0,0.0,0.0,4.182,0.0,60.15,0.0,0.0,0.0,0.0,16.0,0.0,0.0,0.0,0.0,0.0,13.13,13.03,0.0,11.1,178.5,20.72,2.0,3.474,-1.0,2.135,4.0,4901
2016-03-31 04:51:00,0.0,0.0,0.0,1113180.0,62.9,59.9,60.0,0.0,43233.0,540.0,96872.0,1069924.0,0.0,1.0,0.0,0.0,0.0,275.6,274.7,276.0,0.772,273.0,0.531,273.0,0.842,274.0,0.003,13.54,2.0,3.0,0.0,12.73,0.0,21.13,6.278,0.0,-0.017,-0.018,-0.013,-0.265,-0.152,0.223,0.0,14.97,11.05,11.07,9.86,10.4,10.47,10.28,-132.1,10.58,10.33,0.011,0.001,0.0,0.002,0.002,0.008,0.003,0.003,12041.0,16720.0,16623.0,16953.0,14334.0,14358.0,11638.0,0.0,0.0,0.0,0.0,0.0,0.0,0.0,0.0,4.191,0.0,60.15,0.0,0.0,0.0,0.0,16.0,0.0,0.0,0.0,0.0,0.0,13.05,12.99,0.0,10.99,175.6,26.83,2.0,3.474,-1.0,1.722,3.4,4901
2016-03-31 04:52:00,0.0,0.0,0.0,1113180.0,62.9,59.9,60.0,0.0,43233.0,540.0,96872.0,1069924.0,0.0,1.0,0.0,0.0,0.0,276.0,274.7,276.0,0.772,273.2,0.531,273.0,0.842,274.4,0.003,13.8,2.0,3.0,0.0,12.74,0.0,21.22,6.358,0.0,-0.018,-0.02,-0.0149999999999999,-0.25,-0.152,0.223,0.0,14.97,11.09,11.12,9.86,10.35,10.47,10.2,-106.2,10.63,10.28,0.011,0.001,0.0,0.001,0.002,0.008,0.003,0.004,12041.0,16720.0,16623.0,16953.0,14334.0,14358.0,11638.0,0.0,0.0,0.0,0.0,0.0,0.0,0.0,0.0,4.313,0.0,60.16,0.0,0.0,0.0,0.0,16.0,0.0,0.0,0.0,0.0,0.0,13.02,13.09,0.0,11.09,184.4,20.97,2.0,3.472,-1.0,2.818,4.8,4901
2016-03-31 04:53:00,0.0,0.0,0.0,1113180.0,62.9,59.9,60.0,0.0,43233.0,540.0,96872.0,1069924.0,0.0,1.0,0.0,0.0,0.0,275.7,274.9,276.1,0.772,273.3,0.531,273.0,0.842,274.3,0.003,13.8,2.0,3.0,0.0,12.75,0.0,21.16,6.406000000000001,0.0,-0.018,-0.02,-0.0139999999999999,-0.254,-0.152,0.223,0.0,14.97,11.1,11.1,9.87,10.35,10.48,10.26,-106.5,10.55,10.33,0.011,0.0,0.0,0.001,0.001,0.0069999999999999,0.004,0.003,12041.0,16720.0,16623.0,16953.0,14334.0,14358.0,11638.0,0.0,0.0,0.0,0.0,0.0,0.0,0.0,0.0,4.423,0.0,60.22,0.0,0.0,0.0,0.0,16.0,0.0,0.0,0.0,0.0,0.0,13.05,13.09,0.0,11.06,196.7,26.19,2.0,3.474,-1.0,2.365,3.8,4901
2016-03-31 04:54:00,0.0,0.0,0.0,1113180.0,62.9,59.9,60.0,0.0,43233.0,540.0,96872.0,1069924.0,0.0,1.0,0.0,0.0,0.0,275.6,274.8,276.0,0.772,273.0,0.531,273.0,0.842,274.0,0.003,13.8,2.0,3.0,0.0,12.77,0.0,21.17,6.51,0.0,-0.018,-0.02,-0.016,-0.241,-0.152,0.223,0.0,14.97,11.04,11.12,9.86,10.35,10.45,10.2,-132.5,10.58,10.26,0.019,-0.001,0.0,0.001,0.001,0.0069999999999999,0.004,0.003,12041.0,16720.0,16623.0,16953.0,14334.0,14358.0,11638.0,0.0,0.0,0.0,0.0,0.0,0.0,0.0,0.0,4.452,0.0,60.15,0.0,0.0,0.0,0.0,16.0,0.0,0.0,0.0,0.0,0.0,13.03,13.0,0.0,11.0,176.9,15.91,2.0,3.47,-1.0,2.615,4.6,4901
2016-03-31 04:55:00,0.0,0.0,0.0,1113180.0,62.9,59.9,60.0,0.0,43233.0,540.0,96872.0,1069924.0,0.0,1.0,0.0,0.0,0.0,275.6,274.6,275.9,0.772,273.0,0.531,272.9,0.842,274.0,0.003,13.8,2.0,3.0,0.0,12.77,0.0,21.14,6.551,0.0,-0.018,-0.02,-0.0139999999999999,-0.252,-0.152,0.223,0.0,14.97,11.03,11.12,9.86,10.35,10.45,10.23,-132.5,10.66,10.31,0.0149999999999999,0.0,0.0,0.001,0.002,0.0069999999999999,0.004,0.004,12041.0,16720.0,16623.0,16953.0,14334.0,14358.0,11638.0,0.0,0.0,0.0,0.0,0.0,0.0,0.0,0.0,4.453,0.0,60.15,0.0,0.0,0.0,0.0,16.0,0.0,0.0,0.0,0.0,0.0,13.07,13.14,0.0,10.99,193.5,19.45,2.0,3.473,-1.0,2.823,4.7,4901
2016-03-31 04:56:00,0.0,0.0,0.0,1113180.0,62.9,59.9,60.0,0.0,43233.0,540.0,96872.0,1069924.0,0.0,1.0,0.0,0.0,0.0,275.7,274.7,276.0,0.772,273.0,0.531,273.0,0.842,274.0,-0.008,13.32,2.0,1.0,0.0,12.77,0.0,21.16,6.654,0.0,-0.017,-0.02,-0.013,-0.241,-0.152,0.2239999999999999,0.001,14.97,11.05,11.15,9.94,10.42,10.53,10.28,-131.9,10.68,10.33,0.019,0.0,0.0,0.001,0.002,0.0069999999999999,0.004,0.003,12041.0,16720.0,16623.0,16953.0,14334.0,14358.0,11638.0,0.0,0.0,0.0,0.0,0.0,0.0,0.0,0.0,4.543,0.0,60.19,0.0,0.0,0.0,0.0,16.0,0.0,0.0,0.0,0.0,0.0,13.12,13.16,0.0,11.06,200.6,20.77,2.0,3.473,-1.0,3.232,6.1,4901
2016-03-31 04:57:00,0.0,0.0,0.0,1113180.0,62.9,59.9,60.0,0.0,43233.0,540.0,96872.0,1069924.0,0.0,1.0,0.0,0.0,0.0,275.6,274.8,276.1,0.772,273.0,0.531,273.0,0.842,274.0,0.012,13.67,2.0,3.0,0.0,12.78,0.0,21.19,6.69,0.0,-0.017,-0.017,-0.013,-0.267,-0.152,0.223,0.001,14.97,11.09,11.22,9.97,10.45,10.55,10.31,-42.36,10.63,10.39,0.02,0.001,0.0,0.001,0.002,0.0069999999999999,0.003,0.004,12041.0,16720.0,16623.0,16953.0,14334.0,14358.0,11638.0,0.0,0.0,0.0,0.0,0.0,0.0,0.0,0.0,4.6930000000000005,0.0,60.24,0.0,0.0,0.0,0.0,16.0,0.0,0.0,0.0,0.0,0.0,13.1,13.18,0.0,11.1,192.7,11.45,2.0,3.469,-1.0,3.253,4.7,4901
2016-03-31 04:58:00,0.0,0.0,0.0,1113180.0,62.9,59.9,60.0,0.0,43233.0,540.0,96872.0,1069924.0,0.0,1.0,0.0,0.0,0.0,275.6,274.6,275.9,0.772,273.0,0.531,273.0,0.842,274.0,0.004,13.8,2.0,3.0,0.0,12.79,0.0,21.1,6.98,0.0,-0.017,-0.017,-0.013,-0.25,-0.152,0.223,0.0,14.97,11.15,11.22,9.97,10.46,10.59,10.33,-106.4,10.68,10.39,0.013,0.001,0.0,0.002,0.001,0.008,0.003,0.004,12041.0,16720.0,16623.0,16953.0,14334.0,14358.0,11638.0,0.0,0.0,0.0,0.0,0.0,0.0,0.0,0.0,4.807,0.0,60.23,0.0,0.0,0.0,0.0,16.0,0.0,0.0,0.0,0.0,0.0,13.1,13.16,0.0,11.16,189.2,13.56,2.0,3.468,-1.0,3.705,5.4,4901
2016-03-31 04:59:00,0.0,0.0,0.0,1113180.0,62.9,59.9,60.0,0.0,43233.0,540.0,96872.0,1069924.0,0.0,1.0,0.0,0.0,0.0,275.7,274.4,275.8,0.772,273.0,0.531,273.0,0.842,274.0,0.003,13.8,2.0,3.0,0.0,12.8,0.0,21.16,7.132999999999999,0.0,-0.0149999999999999,-0.017,-0.013,-0.246,-0.152,0.223,0.0,14.97,11.15,11.2,9.97,10.51,10.63,10.33,-106.3,10.71,10.45,0.019,0.0,0.0,0.001,0.003,0.008,0.003,0.004,12041.0,16720.0,16623.0,16953.0,14334.0,14358.0,11638.0,0.0,0.0,0.0,0.0,0.0,0.0,0.0,0.0,4.999,0.0,60.22,0.0,0.0,0.0,0.0,16.0,0.0,0.0,0.0,0.0,0.0,13.15,13.12,0.0,11.09,180.2,19.97,2.0,3.468,-1.0,3.085,5.1,4901
2016-03-31 05:00:00,0.0,0.0,0.0,1113180.0,62.9,59.9,60.01,0.0,43233.0,540.0,96872.0,1069924.0,0.0,1.0,0.0,0.0,0.0,275.6,274.4,275.7,0.772,273.0,0.531,272.7,0.842,274.0,0.003,13.8,2.0,3.0,0.0,12.81,0.0,21.13,7.149,0.0,-0.0139999999999999,-0.017,-0.013,-0.252,-0.152,0.223,0.0,14.97,11.21,11.23,10.05,10.55,10.67,10.47,-89.5,10.81,10.45,0.01,0.0,0.0,0.001,0.002,0.008,0.003,0.003,12041.0,16720.0,16623.0,16953.0,14334.0,14358.0,11638.0,0.0,0.0,0.0,0.0,0.0,0.0,0.0,0.0,5.234,0.0,60.22,0.0,0.0,0.0,0.0,16.0,0.0,0.0,0.0,0.0,0.0,13.15,13.17,0.0,11.22,183.8,22.6,2.0,3.473,-1.0,3.345,6.9,4901
2016-03-31 05:01:00,0.0,0.0,0.0,1113180.0,62.9,59.9,60.01,0.0,43233.0,540.0,96872.0,1069924.0,0.0,1.0,0.0,0.0,0.0,275.3,274.2,275.5,0.772,273.0,0.531,272.1,0.842,274.0,0.003,13.8,2.0,3.0,0.0,12.81,0.0,21.18,7.184,0.0,-0.013,-0.017,-0.013,-0.233,-0.152,0.223,0.0,14.97,11.3,11.35,10.12,10.6,10.76,10.43,-132.1,10.79,10.55,0.017,0.0,-0.001,0.001,0.002,0.0069999999999999,0.003,0.004,12041.0,16720.0,16623.0,16953.0,14334.0,14358.0,11638.0,0.0,0.0,0.0,0.0,0.0,0.0,0.0,0.0,5.422999999999999,0.0,60.21,0.0,0.0,0.0,0.0,16.0,0.0,0.0,0.0,0.0,0.0,13.18,13.25,0.0,11.33,202.1,11.65,2.0,3.474,-1.0,4.273,6.2,4901
2016-03-31 05:02:00,0.0,0.0,0.0,1113180.0,62.9,59.9,60.0,0.0,43233.0,540.0,96872.0,1069924.0,0.0,1.0,0.0,0.0,0.0,275.0,273.8,275.1,0.772,272.4,0.531,272.0,0.842,273.3,0.002,13.55,2.0,1.0,0.0,12.83,0.0,21.09,7.511,0.0,-0.013,-0.017,-0.013,-0.2069999999999999,-0.152,0.223,0.001,14.97,11.33,11.36,10.1,10.61,10.75,10.44,-111.0,10.76,10.56,0.022,0.0,0.0,0.001,0.002,0.008,0.004,0.004,12041.0,16720.0,16623.0,16953.0,14334.0,14358.0,11638.0,0.0,0.0,0.0,0.0,0.0,0.0,0.0,0.0,5.705,0.0,60.21,0.0,0.0,0.0,0.0,16.0,0.0,0.0,0.0,0.0,0.0,13.17,13.2,0.0,11.34,185.4,17.57,2.0,3.474,-1.0,2.34,3.5,4901
2016-03-31 05:03:00,0.0,0.0,0.0,1113180.0,62.9,59.9,60.0,0.0,43233.0,540.0,96872.0,1069924.0,0.0,1.0,0.0,0.0,0.0,274.8,273.8,275.1,0.772,272.2,0.531,272.0,0.842,273.1,0.004,13.8,2.0,3.0,0.0,12.84,0.0,21.25,7.82,0.0,-0.0139999999999999,-0.017,-0.013,-0.241,-0.152,0.223,0.0,14.97,11.18,11.23,10.03,10.57,10.74,10.45,-132.7,10.67,10.55,0.0139999999999999,0.0,-0.001,0.001,0.002,0.008,0.004,0.003,12041.0,16720.0,16623.0,16953.0,14334.0,14358.0,11638.0,0.0,0.0,0.0,0.0,0.0,0.0,0.0,0.0,6.082000000000001,0.0,60.16,0.0,0.0,0.0,0.0,16.0,0.0,0.0,0.0,0.0,0.0,13.12,13.07,0.0,11.14,177.0,19.94,2.0,3.473,-1.0,2.053,3.1,4901
2016-03-31 05:04:00,0.0,0.0,0.0,1113180.0,62.9,59.9,60.0,0.0,43233.0,540.0,96872.0,1069924.0,0.0,1.0,0.0,0.0,0.0,274.7,273.6,274.9,0.772,272.0,0.531,272.0,0.842,273.0,0.003,13.8,2.0,3.0,0.0,12.85,0.0,21.1,8.34,0.0,-0.017,-0.017,-0.013,-0.2349999999999999,-0.152,0.223,0.0,15.02,11.17,11.18,9.97,10.48,10.64,10.4,-132.8,10.68,10.47,0.017,-0.001,-0.001,0.001,0.002,0.0069999999999999,0.004,0.004,12041.0,16720.0,16623.0,16953.0,14334.0,14358.0,11638.0,0.0,0.0,0.0,0.0,0.0,0.0,0.0,0.0,6.634,0.0,60.15,0.0,0.0,0.0,0.0,16.0,0.0,0.0,0.0,0.0,0.0,13.09,13.16,0.0,11.2,172.8,19.09,2.0,3.473,-1.0,3.272,4.5,4901
2016-03-31 05:05:00,0.0,0.0,0.0,1113180.0,62.9,59.9,60.0,0.0,43233.0,540.0,96872.0,1069924.0,0.0,1.0,0.0,0.0,0.0,274.5,273.5,274.8,0.772,272.0,0.531,272.0,0.842,273.0,0.003,13.8,2.0,3.0,0.0,12.86,0.0,21.17,8.67,0.0,-0.017,-0.017,-0.013,-0.2429999999999999,-0.152,0.223,0.0,15.03,11.25,11.28,10.05,10.58,10.71,10.48,-85.0,10.77,10.55,0.02,0.0,-0.001,0.001,0.003,0.008,0.004,0.004,12041.0,16720.0,16623.0,16953.0,14334.0,14358.0,11638.0,0.0,0.0,0.0,0.0,0.0,0.0,0.0,0.0,7.047000000000001,0.0,60.15,0.0,0.0,0.0,0.0,16.0,0.0,0.0,0.0,0.0,0.0,13.2,13.23,0.0,11.26,198.5,8.029999999999998,2.0,3.474,-1.0,4.023,5.8,4901
2016-03-31 05:06:00,0.0,0.0,0.0,1113180.0,62.9,59.9,60.0,0.0,43233.0,540.0,96872.0,1069924.0,0.0,1.0,0.0,0.0,0.0,274.6,274.0,275.2,0.772,272.8,0.531,272.0,0.842,273.5,0.003,13.8,2.0,3.0,0.0,12.86,0.0,21.14,9.28,0.0,-0.0139999999999999,-0.017,-0.013,-0.2239999999999999,-0.152,0.223,0.0,15.05,11.25,11.25,10.08,10.63,10.74,10.51,-132.3,10.82,10.55,0.019,0.0,0.0,0.001,0.002,0.008,0.003,0.004,12041.0,16720.0,16623.0,16953.0,14334.0,14358.0,11638.0,0.0,0.0,0.0,0.0,0.0,0.0,0.0,0.0,7.6389999999999985,0.0,60.14,0.0,0.0,0.0,0.0,16.0,0.0,0.0,0.0,0.0,0.0,13.23,13.14,0.0,11.24,187.0,22.86,2.0,3.474,-1.0,2.08,3.8,4901
2016-03-31 05:07:00,0.0,0.0,0.0,1113180.0,62.9,59.9,60.0,0.0,43233.0,540.0,96872.0,1069924.0,0.0,1.0,0.0,0.0,0.0,275.2,274.0,275.3,0.772,273.0,0.531,272.0,0.842,274.0,0.003,13.8,2.0,3.0,0.0,12.88,0.0,21.13,9.72,0.0,-0.017,-0.017,-0.013,-0.19,-0.152,0.223,0.0,15.05,11.17,11.23,10.02,10.55,10.72,10.43,-79.87999999999998,10.72,10.55,0.022,0.0,-0.001,0.001,0.002,0.008,0.003,0.003,12041.0,16720.0,16623.0,16953.0,14334.0,14358.0,11638.0,0.0,0.0,0.0,0.0,0.0,0.0,0.0,0.0,8.33,0.0,60.14,0.0,0.0,0.0,0.0,16.0,0.0,0.0,0.0,0.0,0.0,13.14,13.08,0.0,11.2,177.4,15.14,2.0,3.474,-1.0,2.422,4.3,4901
2016-03-31 05:08:00,0.0,0.0,0.0,1113180.0,62.9,59.9,60.0,0.0,43233.0,540.0,96872.0,1069924.0,0.0,1.0,0.0,0.0,0.0,274.9,274.1,275.5,0.772,273.0,0.531,272.0,0.842,274.0,0.002,13.49,2.0,3.0,0.0,12.88,0.0,21.16,10.49,0.0,-0.017,-0.017,-0.013,-0.231,-0.152,0.223,0.001,15.06,11.21,11.28,10.07,10.58,10.74,10.5,-132.2,10.89,10.55,0.018,0.0,-0.001,0.001,0.002,0.0069999999999999,0.003,0.004,12041.0,16720.0,16623.0,16953.0,14334.0,14358.0,11638.0,0.0,0.0,0.0,0.0,0.0,0.0,0.0,0.0,9.11,0.0,60.14,0.0,0.0,0.0,0.0,16.0,0.0,0.0,0.0,0.0,0.0,13.15,13.17,0.0,11.26,189.9,15.05,2.0,3.473,-1.0,3.13,5.6,4901
2016-03-31 05:09:00,0.0,0.0,0.0,1113180.0,62.9,59.9,60.0,0.0,43233.0,540.0,96872.0,1069924.0,0.0,1.0,0.0,0.0,0.0,275.1,274.0,275.4,0.772,273.0,0.531,272.0,0.842,274.0,0.003,13.8,2.0,3.0,0.0,12.9,0.0,21.03,11.69,0.0,-0.017,-0.017,-0.013,-0.2389999999999999,-0.152,0.223,0.0,15.06,11.29,11.34,10.07,10.63,10.74,10.51,-111.1,10.86,10.55,0.02,0.0,-0.001,0.001,0.002,0.0069999999999999,0.004,0.003,12041.0,16720.0,16623.0,16953.0,14334.0,14358.0,11638.0,0.0,0.0,0.0,0.0,0.0,0.0,0.0,0.0,10.52,0.0,60.14,0.0,0.0,0.0,0.0,16.0,0.0,0.0,0.0,0.0,0.0,13.15,13.17,0.0,11.31,177.4,12.96,2.0,3.474,-1.0,2.763,4.8,4901
2016-03-31 05:10:00,0.0,0.0,0.0,1113180.0,62.9,59.9,60.0,0.0,43233.0,540.0,96872.0,1069924.0,0.0,1.0,0.0,0.0,0.0,275.1,273.9,275.2,0.772,273.0,0.531,272.0,0.842,274.0,0.003,13.8,2.0,3.0,0.0,12.91,0.0,21.22,14.08,0.0,-0.017,-0.017,-0.013,-0.2289999999999999,-0.152,0.223,0.0,15.06,11.31,11.32,10.15,10.62,10.74,10.55,-111.4,10.88,10.57,0.019,0.0,0.0,0.0,0.002,0.008,0.004,0.005,12041.0,16720.0,16623.0,16953.0,14334.0,14358.0,11638.0,0.0,0.0,0.0,0.0,0.0,0.0,0.0,0.0,13.11,0.0,60.14,0.0,0.0,0.0,0.0,16.0,0.0,0.0,0.0,0.0,0.0,13.14,13.19,0.0,11.33,184.7,12.66,2.0,3.469,-1.0,3.555,4.8,4901
2016-03-31 05:11:00,0.0,0.0,0.0,1113180.0,62.9,59.9,60.0,0.0,43233.0,540.0,96872.0,1069924.0,0.0,1.0,0.0,0.0,0.0,275.4,273.8,275.0,0.772,273.0,0.531,272.0,0.842,273.7,0.003,13.8,2.0,3.0,0.0,12.91,0.0,21.13,14.37,0.0,-0.0149999999999999,-0.017,-0.013,-0.222,-0.152,0.223,0.0,15.06,11.39,11.35,10.18,10.71,10.82,10.58,-110.8,10.87,10.65,0.025,0.0,-0.001,0.001,0.002,0.008,0.004,0.003,12041.0,16720.0,16623.0,16953.0,14334.0,14358.0,11638.0,0.0,0.0,0.0,0.0,0.0,0.0,0.0,0.0,13.41,0.0,60.14,0.0,0.0,0.0,0.0,16.0,0.0,0.0,0.0,0.0,0.0,13.14,13.16,0.0,11.35,192.8,11.07,2.0,3.474,-1.0,3.617,6.4,4901
2016-03-31 05:12:00,0.0,0.0,0.0,1113180.0,62.9,59.9,60.0,0.0,43233.0,540.0,96872.0,1069924.0,0.0,1.0,0.0,0.0,0.0,275.1,273.9,275.1,0.772,273.0,0.531,272.0,0.842,273.8,0.003,13.8,2.0,3.0,0.0,12.92,0.0,21.15,16.04,0.0,-0.013,-0.016,-0.013,-0.233,-0.152,0.223,0.0,15.06,11.34,11.36,10.24,10.74,10.83,10.66,-132.4,10.92,10.7,0.025,0.0,-0.001,0.001,0.002,0.008,0.004,0.003,12041.0,16720.0,16623.0,16953.0,14334.0,14358.0,11638.0,0.0,0.0,0.0,0.0,0.0,0.0,0.0,0.0,15.1,0.0,60.16,0.0,0.0,0.0,0.0,16.0,0.0,0.0,0.0,0.0,0.0,13.15,13.08,0.0,11.31,182.1,19.32,2.0,3.474,-1.0,2.303,5.0,4901
2016-03-31 05:13:00,0.0,0.0,0.0,1113180.0,62.9,59.9,60.0,0.0,43233.0,540.0,96872.0,1069924.0,0.0,1.0,0.0,0.0,0.0,274.8,273.9,275.1,0.772,272.9,0.531,272.0,0.842,273.1,-0.0299999999999999,13.31,2.0,1.0,0.0,12.93,0.0,20.95,18.51,0.0,-0.013,-0.016,-0.013,-0.178,-0.152,0.223,0.001,15.06,11.31,11.31,10.18,10.74,10.83,10.61,-132.4,10.83,10.71,0.023,-0.001,-0.001,0.0,0.003,0.0069999999999999,0.003,0.003,12041.0,16720.0,16623.0,16953.0,14334.0,14358.0,11638.0,0.0,0.0,0.0,0.0,0.0,0.0,0.0,0.0,17.74,0.0,60.14,0.0,0.0,0.0,0.0,16.0,0.0,0.0,0.0,0.0,0.0,13.13,13.08,0.0,11.27,190.3,24.48,2.0,3.474,-1.0,2.342,4.2,4901
2016-03-31 05:14:00,0.0,0.0,0.0,1113180.0,62.9,59.9,60.0,0.0,43233.0,540.0,96872.0,1069924.0,0.0,1.0,0.0,0.0,0.0,274.7,273.9,275.1,0.772,272.7,0.531,272.0,0.842,273.2,0.034,13.31,2.0,1.0,0.0,12.94,0.0,21.15,20.39,0.0,-0.013,-0.0149999999999999,-0.013,-0.223,-0.156,0.225,0.001,15.06,11.29,11.31,10.21,10.74,10.83,10.61,-132.2,10.92,10.7,0.022,0.0,-0.001,0.001,0.002,0.008,0.004,0.004,12041.0,16720.0,16623.0,16953.0,14334.0,14358.0,11638.0,0.0,0.0,0.0,0.0,0.0,0.0,0.0,0.0,19.65,0.0,60.13,0.0,0.0,0.0,0.0,16.0,0.0,0.0,0.0,0.0,0.0,13.13,13.12,0.0,11.24,185.0,26.84,2.0,3.473,-1.0,2.318,4.1,4901
2016-03-31 05:15:00,0.0,0.0,0.0,1113180.0,62.9,59.9,60.0,0.0,43233.0,540.0,96872.0,1069924.0,0.0,1.0,0.0,0.0,0.0,275.0,273.8,275.0,0.772,272.5,0.531,272.0,0.842,273.4,0.004,13.8,2.0,3.0,0.0,12.95,0.0,21.17,23.85,0.0,-0.013,-0.0149999999999999,-0.013,-0.231,-0.159,0.223,0.0,15.06,11.23,11.26,10.19,10.74,10.83,10.61,-132.5,10.88,10.74,0.027,0.0,-0.001,0.001,0.002,0.0069999999999999,0.004,0.004,12041.0,16720.0,16623.0,16953.0,14334.0,14358.0,11638.0,0.0,0.0,0.0,0.0,0.0,0.0,0.0,0.0,23.17,0.0,60.16,0.0,0.0,0.0,0.0,16.0,0.0,0.0,0.0,0.0,0.0,13.21,13.14,0.0,11.24,175.9,36.62,2.0,3.474,-1.0,2.448,4.6,4901
2016-03-31 05:16:00,0.0,0.0,0.0,1113180.0,62.9,59.9,60.0,0.0,43233.0,540.0,96872.0,1069924.0,0.0,1.0,0.0,0.0,0.0,274.8,273.9,275.1,0.772,272.8,0.531,272.0,0.842,273.3,0.003,13.8,2.0,3.0,0.0,12.95,0.0,21.21,26.62,0.0,-0.013,-0.0139999999999999,-0.013,-0.2289999999999999,-0.162,0.223,0.0,15.06,11.31,11.31,10.28,10.78,10.92,10.66,-132.5,10.93,10.79,0.025,0.0,0.0,0.001,0.002,0.008,0.004,0.003,12041.0,16720.0,16623.0,16953.0,14334.0,14358.0,11638.0,0.0,0.0,0.0,0.0,0.0,0.0,0.0,0.0,25.94,0.0,60.14,0.0,0.0,0.0,0.0,16.0,0.0,0.0,0.0,0.0,0.0,13.24,13.22,0.0,11.31,190.7,20.0,2.0,3.474,-1.0,3.335,5.7,4901
2016-03-31 05:17:00,0.0,0.0,0.0,1113180.0,62.9,59.9,60.0,0.0,43233.0,540.0,96872.0,1069924.0,0.0,1.0,0.0,0.0,0.0,275.0,273.9,275.1,0.772,272.9,0.531,272.0,0.842,273.7,0.003,13.8,2.0,3.0,0.0,12.96,0.0,21.15,32.54,0.0,-0.013,-0.013,-0.012,-0.221,-0.16,0.223,0.0,15.06,11.31,11.31,10.26,10.8,10.91,10.71,-110.4,10.98,10.77,0.027,-0.001,0.0,0.001,0.002,0.0069999999999999,0.003,0.004,12041.0,16720.0,16623.0,16953.0,14334.0,14358.0,11638.0,0.0,0.0,0.0,0.0,0.0,0.0,0.0,0.0,31.9,0.0,60.2,0.0,0.0,0.0,0.0,16.0,0.0,0.0,0.0,0.0,0.0,13.23,13.24,0.0,11.31,183.5,18.64,2.0,3.474,-1.0,2.5980000000000003,3.9,4901
2016-03-31 05:18:00,0.0,0.0,0.0,1113180.0,62.9,59.9,60.0,0.0,43233.0,540.0,96872.0,1069924.0,0.0,1.0,0.0,0.0,0.0,275.1,273.8,275.1,0.772,272.9,0.531,272.0,0.842,273.5,0.003,13.8,2.0,3.0,0.0,12.98,0.0,21.15,37.65,0.0,-0.013,-0.0149999999999999,-0.012,-0.22,-0.159,0.223,0.0,15.06,11.3,11.32,10.26,10.74,10.85,10.69,-79.65999999999998,10.96,10.72,0.031,0.001,-0.001,0.001,0.002,0.008,0.004,0.004,12041.0,16720.0,16623.0,16953.0,14334.0,14358.0,11638.0,0.0,0.0,0.0,0.0,0.0,0.0,0.0,0.0,37.23,0.0,60.24,0.0,0.0,0.0,0.0,16.0,0.0,0.0,0.0,0.0,0.0,13.2,13.17,0.0,11.29,161.9,28.1,2.0,3.474,-1.0,1.747,3.9,4901
2016-03-31 05:19:00,0.0,0.0,0.0,1113180.0,62.9,59.9,60.0,0.0,43233.0,540.0,96872.0,1069924.0,0.0,1.0,0.0,0.0,0.0,274.6,273.8,275.1,0.772,272.3,0.531,272.0,0.842,273.1,-0.009,13.34,2.0,1.0,0.0,12.98,0.0,21.09,45.03,0.0,-0.013,-0.016,-0.013,-0.157,-0.16,0.222,0.001,15.04,11.34,11.34,10.26,10.76,10.83,10.73,-106.0,10.95,10.76,0.027,0.0,-0.001,0.001,0.002,0.0069999999999999,0.004,0.003,12041.0,16720.0,16623.0,16953.0,14334.0,14358.0,11638.0,0.0,0.0,0.0,0.0,0.0,0.0,0.0,0.0,44.69,0.0,60.19,0.0,0.0,0.0,0.0,16.0,0.0,0.0,0.0,0.0,0.0,13.19,13.19,0.0,11.35,191.1,12.79,2.0,3.474,-1.0,3.875,6.7,4901
2016-03-31 05:20:00,0.0,0.0,0.0,1113180.0,62.9,59.9,60.0,0.0,43233.0,540.0,96872.0,1069924.0,0.0,1.0,0.0,0.0,0.0,274.7,273.7,275.0,0.772,272.0,0.531,272.0,0.842,273.0,0.011,13.34,2.0,1.0,0.0,13.0,0.0,20.99,52.34,0.0,-0.013,-0.0139999999999999,-0.01,-0.2129999999999999,-0.162,0.226,0.001,15.05,11.5,11.52,10.37,10.9,10.99,10.84,-106.0,11.08,10.89,0.0289999999999999,0.0,0.0,0.001,0.002,0.0069999999999999,0.002,0.004,12041.0,16720.0,16623.0,16953.0,14334.0,14358.0,11638.0,0.0,0.0,0.0,0.0,0.0,0.0,0.0,0.0,51.85,0.0,60.13,0.0,0.0,0.0,0.0,16.0,0.0,0.0,0.0,0.0,0.0,13.22,13.3,0.0,11.51,199.6,16.28,2.0,3.474,-1.0,3.387,5.0,4901
2016-03-31 05:21:00,0.0,0.0,0.0,1113180.0,62.9,59.9,60.0,0.0,43233.0,540.0,96872.0,1069924.0,0.0,1.0,0.0,0.0,0.0,274.6,273.6,274.9,0.772,272.0,0.531,272.0,0.842,273.0,0.006,13.76,2.0,3.0,0.0,13.0,0.0,21.06,58.83,0.0,-0.01,-0.013,-0.01,-0.222,-0.16,0.223,0.001,15.05,11.58,11.6,10.45,10.98,11.06,10.91,-80.0,11.12,10.98,0.034,-0.001,-0.001,0.001,0.002,0.008,0.004,0.004,12041.0,16720.0,16623.0,16953.0,14334.0,14358.0,11638.0,0.0,0.0,0.0,0.0,0.0,0.0,0.0,0.0,58.2,0.0,60.14,0.0,0.0,0.0,0.0,16.0,0.0,0.0,0.0,0.0,0.0,13.24,13.26,0.0,11.54,171.9,12.32,2.0,3.473,-1.0,3.452,6.1,4901
2016-03-31 05:22:00,0.0,0.0,0.0,1113180.0,62.9,59.9,60.0,0.0,43233.0,540.0,96872.0,1069924.0,0.0,1.0,0.0,0.0,0.0,274.6,273.6,274.9,0.772,272.0,0.531,272.0,0.842,273.0,0.003,13.8,2.0,3.0,0.0,13.01,0.0,21.05,61.34,0.0,-0.01,-0.011,-0.01,-0.233,-0.159,0.223,0.0,15.06,11.7,11.66,10.58,11.11,11.15,11.01,-132.4,11.25,11.08,0.0379999999999999,0.0,-0.001,0.001,0.002,0.0069999999999999,0.003,0.004,12041.0,16720.0,16623.0,16953.0,14334.0,14358.0,11638.0,0.0,0.0,0.0,0.0,0.0,0.0,0.0,0.0,60.78,0.0,60.18,0.0,0.0,0.0,0.0,16.0,0.0,0.0,0.0,0.0,0.0,13.3,13.27,0.0,11.64,182.9,17.25,2.0,3.474,-1.0,3.237,5.1,4901
2016-03-31 05:23:00,0.0,0.0,0.0,1113180.0,62.9,59.9,60.0,0.0,43233.0,540.0,96872.0,1069924.0,0.0,1.0,0.0,0.0,0.0,274.4,273.5,274.8,0.772,272.0,0.531,271.9,0.842,273.0,0.003,13.8,2.0,3.0,0.0,13.02,0.0,21.14,68.86,0.0,-0.01,-0.01,-0.01,-0.208,-0.162,0.223,0.0,15.04,11.81,11.84,10.69,11.24,11.28,11.14,-131.9,11.33,11.19,0.034,0.0,-0.001,0.001,0.002,0.0069999999999999,0.003,0.002,12041.0,16720.0,16623.0,16953.0,14334.0,14358.0,11638.0,0.0,0.0,0.0,0.0,0.0,0.0,0.0,0.0,68.33,0.0,60.21,0.0,0.0,0.0,0.0,16.0,0.0,0.0,0.0,0.0,0.0,13.35,13.36,0.0,11.78,191.8,19.56,2.0,,-1.0,5.2,13.0,4901
2016-03-31 05:24:00,0.0,0.0,0.0,1113180.0,62.9,59.9,60.0,0.0,43233.0,540.0,96872.0,1069924.0,0.0,1.0,0.0,0.0,0.0,274.4,273.2,274.6,0.772,272.0,0.531,271.2,0.842,273.0,0.003,13.8,2.0,3.0,0.0,13.04,0.0,21.13,83.79999999999998,0.0,-0.01,-0.01,-0.01,-0.22,-0.1669999999999999,0.223,0.0,15.04,11.89,11.89,10.74,11.31,11.36,11.19,-106.0,11.41,11.25,0.036,-0.001,0.0,0.001,0.002,0.0069999999999999,0.004,0.004,12041.0,16720.0,16623.0,16953.0,14334.0,14358.0,11638.0,0.0,0.0,0.0,0.0,0.001,0.0,0.0,0.0,83.2,0.0,60.15,0.0,0.0,0.0,0.0,16.0,0.0,0.0,0.0,0.0,0.0,13.35,13.34,0.0,11.78,193.6,18.36,2.0,3.474,-1.0,3.15,4.7,4901
2016-03-31 05:25:00,0.0,0.0,0.0,1113180.0,62.9,59.9,60.0,0.0,43233.0,540.0,96872.0,1069924.0,0.0,1.0,0.0,0.0,0.0,274.1,273.6,274.9,0.772,272.0,0.531,272.0,0.842,273.0,0.003,13.8,2.0,3.0,0.0,13.05,0.0,21.17,93.3,0.0,-0.01,-0.01,-0.01,-0.216,-0.17,0.223,0.0,15.02,11.9,11.95,10.79,11.36,11.41,11.22,-110.3,11.46,11.32,0.034,0.0,-0.001,0.001,0.001,0.006,0.003,0.003,12041.0,16720.0,16623.0,16953.0,14334.0,14358.0,11638.0,0.0,0.0,0.0,0.0,0.001,0.0,0.0,0.0,92.5,0.0,60.14,0.0,0.0,0.0,0.0,16.0,0.0,0.0,0.0,0.0,0.0,13.39,13.37,0.0,11.83,197.3,11.32,2.0,3.473,-1.0,3.797,7.4,4901
2016-03-31 05:26:00,0.0,0.0,0.0,1113180.0,62.9,59.9,60.0,0.0,43233.0,540.0,96872.0,1069924.0,0.0,1.0,0.0,0.0,0.0,274.1,273.5,274.8,0.772,272.0,0.531,271.8,0.842,273.0,0.0,13.4,2.0,1.0,0.0,13.07,0.0,21.22,107.9,0.0,-0.01,-0.01,-0.01,-0.159,-0.1669999999999999,0.223,0.001,15.03,11.89,11.93,10.83,11.38,11.41,11.26,-36.52,11.49,11.38,0.037,0.0,-0.001,0.0,0.002,0.0069999999999999,0.003,0.005,12041.0,16720.0,16623.0,16953.0,14334.0,14358.0,11638.0,0.0,0.0,0.0,0.0,0.001,0.0,0.001,0.0,107.2,0.0,60.14,0.0,0.0,0.0,0.0,16.0,0.0,0.0,0.0,0.0,0.0,13.42,13.35,0.0,11.82,171.2,26.12,2.0,3.473,-1.0,2.567,4.0,4901
2016-03-31 05:27:00,0.0,0.0,0.0,1113180.0,62.9,59.9,60.0,0.0,43233.0,540.0,96872.0,1069924.0,0.0,1.0,0.0,0.0,0.0,274.1,273.4,274.7,0.772,272.0,0.531,271.3,0.842,273.0,0.006,13.8,2.0,3.0,0.0,13.08,0.0,21.18,124.1,0.0,-0.01,-0.01,-0.01,-0.2129999999999999,-0.1669999999999999,0.223,0.0,14.98,11.89,11.9,10.8,11.31,11.39,11.24,-105.5,11.51,11.32,0.0379999999999999,0.0,-0.001,0.001,0.002,0.0069999999999999,0.003,0.003,12041.0,16720.0,16623.0,16953.0,14334.0,14358.0,11638.0,0.0,0.0,0.0,0.0,0.001,0.0,0.0,0.0,123.2,0.0,60.21,0.0,0.0,0.0,0.0,16.0,0.0,0.0,0.0,0.0,0.0,13.35,13.33,0.0,11.82,185.3,28.8,2.0,3.473,-1.0,2.343,6.1,4901
2016-03-31 05:28:00,0.0,0.0,0.0,1113180.0,62.9,59.9,60.0,0.0,43233.0,540.0,96872.0,1069924.0,0.0,1.0,0.0,0.0,0.0,274.1,273.3,274.6,0.772,272.0,0.531,271.1,0.842,273.0,0.003,13.8,2.0,3.0,0.0,13.09,0.0,21.13,138.9,0.0,-0.01,-0.013,-0.01,-0.2189999999999999,-0.168,0.223,0.0,14.98,11.87,11.95,10.8,11.35,11.38,11.26,-131.8,11.46,11.3,0.0379999999999999,0.0,-0.001,0.001,0.003,0.008,0.003,0.004,12041.0,16720.0,16623.0,16953.0,14334.0,14358.0,11638.0,0.0,0.0,0.0,0.0,0.001,0.0,0.001,0.0,137.7,0.0,60.19,0.0,0.0,0.0,0.0,16.0,0.0,0.0,0.0,0.0,0.0,13.38,13.35,0.0,11.82,184.8,20.19,2.0,3.473,-1.0,4.753,7.599999999999999,4901
2016-03-31 05:29:00,0.0,0.0,0.0,1113180.0,62.9,59.9,60.0,0.0,43233.0,540.0,96872.0,1069924.0,0.0,1.0,0.0,0.0,0.0,274.1,273.2,274.6,0.772,272.0,0.531,271.0,0.842,273.0,0.003,13.8,2.0,3.0,0.0,13.1,0.0,21.01,156.2,0.0,-0.01,-0.013,-0.01,-0.208,-0.165,0.223,0.0,14.96,11.89,11.93,10.83,11.36,11.39,11.24,-132.0,11.52,11.32,0.0379999999999999,0.0,-0.001,0.0,0.002,0.0069999999999999,0.004,0.004,12041.0,16720.0,16623.0,16953.0,14334.0,14358.0,11638.0,0.0,0.0,0.0,0.0,0.001,0.001,0.001,0.0,155.0,0.0,60.13,0.0,0.0,0.0,0.0,16.0,0.0,0.0,0.0,0.0,0.0,13.36,13.34,0.0,11.85,165.0,11.66,2.0,3.473,-1.0,3.513,5.5,4901
2016-03-31 05:30:00,0.0,0.0,0.0,1113180.0,62.9,59.9,60.0,0.0,43233.0,540.0,96872.0,1069924.0,0.0,1.0,0.0,0.0,0.0,274.0,273.1,274.5,0.772,272.0,0.531,271.0,0.842,273.0,0.003,13.8,2.0,3.0,0.0,13.12,0.0,21.15,167.0,0.0,-0.01,-0.013,-0.01,-0.206,-0.17,0.223,0.0,15.03,11.87,11.87,10.83,11.31,11.39,11.25,-89.0,11.49,11.28,0.0379999999999999,0.0,-0.001,0.0,0.002,0.006,0.003,0.003,12041.0,16720.0,16623.0,16953.0,14334.0,14358.0,11638.0,0.0,0.0,0.0,0.0,0.001,0.001,0.001,0.0,165.6,0.0,60.15,0.0,0.0,0.0,0.0,16.0,0.0,0.0,0.0,0.0,0.0,13.34,13.32,0.0,11.79,194.3,17.67,2.0,3.474,-1.0,2.592,5.1,4901
2016-03-31 05:31:00,0.0,0.0,0.0,1113180.0,62.9,59.9,60.0,0.0,43233.0,540.0,96872.0,1069924.0,0.0,1.0,0.0,0.0,0.0,273.8,273.1,274.5,0.772,272.0,0.531,271.0,0.842,273.0,0.005,13.8,2.0,3.0,0.0,13.13,0.0,21.18,181.0,0.0,-0.013,-0.013,-0.01,-0.173,-0.1749999999999999,0.223,0.0,15.09,11.79,11.84,10.74,11.23,11.31,11.19,-131.7,11.41,11.22,0.0379999999999999,0.001,-0.001,0.0,0.003,0.006,0.003,0.003,12041.0,16720.0,16623.0,16953.0,14334.0,14358.0,11638.0,0.0,0.0,0.0,0.0,0.001,0.001,0.001,0.0,179.5,0.0,60.14,0.0,0.0,0.0,0.0,16.0,0.0,0.0,0.0,0.0,0.0,13.34,13.35,0.0,11.78,200.5,21.73,2.0,3.474,-1.0,3.16,5.0,4901
2016-03-31 05:32:00,0.0,0.0,0.0,1113180.0,62.9,59.9,60.0,0.0,43233.0,540.0,96872.0,1069924.0,0.0,1.0,0.0,0.0,0.0,273.8,272.8,274.2,0.772,271.5,0.531,271.0,0.842,272.7,0.0,13.4,2.0,1.0,0.0,13.16,0.0,21.11,196.1,0.0,-0.013,-0.0139999999999999,-0.012,-0.185,-0.1789999999999999,0.223,0.001,15.06,11.77,11.82,10.67,11.22,11.3,11.17,-110.6,11.33,11.17,0.0379999999999999,0.001,-0.002,0.0,0.003,0.006,0.003,0.003,12041.0,16720.0,16623.0,16953.0,14334.0,14358.0,11638.0,0.0,0.0,0.0,0.001,0.001,0.001,0.001,0.0,194.6,0.0,60.13,0.0,0.0,0.0,0.0,16.0,0.0,0.0,0.0,0.0,0.0,13.36,13.28,0.0,11.7,181.5,15.8,2.0,3.474,-1.0,2.593,4.6,4901
2016-03-31 05:33:00,0.0,0.0,0.0,1113180.0,62.9,59.9,60.0,0.0,43233.0,540.0,96872.0,1069924.0,0.0,1.0,0.0,0.0,0.0,273.9,272.9,274.2,0.772,271.8,0.531,271.0,0.842,272.7,0.004,13.8,2.0,3.0,0.0,13.14,0.0,21.09,211.7,0.0,-0.016,-0.017,-0.013,-0.2099999999999999,-0.1789999999999999,0.223,0.0,15.01,11.69,11.79,10.64,11.12,11.22,11.07,-110.7,11.35,11.13,0.125,0.001,-0.002,0.0,0.003,0.006,0.004,0.003,12041.0,16720.0,16623.0,16953.0,14334.0,14358.0,11638.0,0.0,0.0,0.0,0.001,0.001,0.001,0.001,0.0,210.0,0.0,60.14,0.0,0.0,0.0,0.0,16.0,0.0,0.0,0.0,0.0,0.0,13.31,13.27,0.0,11.65,165.2,14.13,2.0,3.474,-1.0,3.235,4.6,4901
2016-03-31 05:34:00,0.0,0.0,0.0,1113180.0,62.9,59.9,60.0,0.0,43233.0,540.0,96872.0,1069924.0,0.0,1.0,0.0,0.0,0.0,273.8,273.0,274.3,0.772,272.0,0.531,271.0,0.842,273.0,0.003,13.8,2.0,3.0,0.0,13.16,0.0,21.05,227.1,0.0,-0.017,-0.017,-0.013,-0.2189999999999999,-0.178,0.223,0.0,15.06,11.61,11.69,10.58,11.09,11.12,11.06,-132.1,11.33,11.04,0.191,0.001,-0.002,-0.001,0.004,0.0069999999999999,0.004,0.004,12041.0,16720.0,16623.0,16953.0,14334.0,14358.0,11638.0,0.0,0.0,0.0,0.001,0.002,0.001,0.001,0.0,225.3,0.0,60.15,0.0,0.0,0.0,0.0,16.0,0.0,0.0,0.0,0.0,0.0,13.24,13.23,0.0,11.56,180.5,24.42,2.0,,-1.0,2.437,13.0,4901
2016-03-31 05:35:00,0.0,0.0,0.0,1113180.0,62.9,59.9,60.0,0.0,43233.0,540.0,96872.0,1069924.0,0.0,1.0,0.0,0.0,0.0,273.9,272.9,274.2,0.772,271.9,0.531,271.0,0.842,272.8,0.003,13.8,2.0,3.0,0.0,13.16,0.0,21.04,242.5,0.0,-0.017,-0.017,-0.013,-0.2,-0.1769999999999999,0.223,0.0,15.06,11.52,11.57,10.45,10.98,11.01,10.94,-105.9,11.18,10.97,0.203,0.002,-0.003,-0.001,0.004,0.006,0.004,0.003,12041.0,16720.0,16623.0,16953.0,14334.0,14358.0,11638.0,0.0,-0.001,0.0,0.001,0.001,0.001,0.001,0.0,240.6,0.0,60.17,0.0,0.0,0.0,0.0,16.0,0.0,0.0,0.0,0.0,0.0,13.22,13.21,0.0,11.43,177.7,21.52,2.0,3.474,-1.0,1.778,3.6,4901
2016-03-31 05:36:00,0.0,0.0,0.0,1113180.0,62.9,59.9,60.0,0.0,43233.0,540.0,96872.0,1069924.0,0.0,1.0,0.0,0.0,0.0,273.9,272.9,274.2,0.772,272.0,0.531,271.0,0.842,272.7,0.003,13.8,2.0,3.0,0.0,13.17,0.0,21.17,257.9,0.0,-0.019,-0.017,-0.013,-0.192,-0.173,0.223,0.0,15.06,11.41,11.41,10.35,10.85,10.93,10.77,-89.4,11.04,10.82,0.264,0.003,-0.002,-0.001,0.005,0.006,0.004,0.003,12041.0,16720.0,16623.0,16953.0,14334.0,14358.0,11638.0,0.001,-0.001,0.0,0.001,0.001,0.001,0.001,0.0,255.7,0.0,60.21,0.0,0.0,0.0,0.0,16.0,0.0,0.0,0.0,0.0,0.0,13.18,13.19,0.0,11.38,172.7,22.69,2.0,3.474,-1.0,2.0580000000000003,3.1,4901
2016-03-31 05:37:00,0.0,0.0,0.0,1113180.0,62.9,59.9,60.0,0.0,43233.0,540.0,96872.0,1069924.0,0.0,1.0,0.0,0.0,0.0,273.9,272.8,274.0,0.772,271.7,0.531,271.0,0.842,272.2,-0.0139999999999999,13.4,2.0,1.0,0.0,13.19,0.0,21.19,271.2,0.0,-0.02,-0.017,-0.013,-0.111,-0.1789999999999999,0.222,0.001,15.04,11.41,11.41,10.26,10.75,10.83,10.73,-106.3,10.98,10.74,0.32,0.004,-0.003,-0.002,0.005,0.005,0.004,0.002,12041.0,16720.0,16623.0,16953.0,14334.0,14358.0,11638.0,0.001,-0.001,-0.001,0.001,0.001,0.001,0.001,0.0,269.1,0.0,60.22,0.0,0.0,0.0,0.0,16.0,0.0,0.0,0.0,0.0,0.0,13.2,13.23,0.0,11.34,190.6,21.73,2.0,3.474,-1.0,2.805,5.4,4901
2016-03-31 05:38:00,0.0,0.0,0.0,1113180.0,62.9,59.9,60.0,0.0,43233.0,540.0,96872.0,1069924.0,0.0,1.0,0.0,0.0,0.0,273.7,272.8,274.1,0.772,271.3,0.531,271.0,0.842,272.3,0.019,13.4,2.0,1.0,0.0,13.19,0.0,21.02,282.1,0.0,-0.018,-0.017,-0.013,-0.162,-0.1789999999999999,0.2239999999999999,0.001,15.06,11.46,11.47,10.32,10.83,10.91,10.79,-132.0,11.04,10.82,0.3929999999999999,0.005,-0.002,-0.002,0.006,0.004,0.004,0.0,12041.0,16720.0,16623.0,16953.0,14334.0,14358.0,11638.0,0.002,-0.001,-0.001,0.002,0.001,0.001,0.0,0.0,279.8,0.0,60.17,0.0,0.0,0.0,0.0,16.0,0.0,0.0,0.0,0.0,0.0,13.27,13.34,0.0,11.48,180.6,16.92,2.0,3.474,-1.0,3.422,5.9,4901
2016-03-31 05:39:00,0.0,0.0,0.0,1113180.0,62.9,59.9,60.0,0.0,43233.0,540.0,96872.0,1069924.0,0.0,1.0,0.0,0.0,0.0,273.6,272.6,274.0,0.772,271.0,0.531,271.0,0.842,272.0,0.003,13.8,2.0,3.0,0.0,13.19,0.0,21.15,291.6,0.0,-0.017,-0.017,-0.012,-0.16,-0.1789999999999999,0.223,0.0,15.06,11.5,11.5,10.34,10.83,10.93,10.79,-131.8,11.09,10.82,0.521,0.006,-0.003,-0.003,0.0069999999999999,0.004,0.004,0.002,12041.0,16720.0,16623.0,16953.0,14334.0,14358.0,11638.0,0.002,-0.001,-0.001,0.002,0.001,0.001,0.0,0.0,289.2,0.0,60.15,0.0,0.0,0.0,0.0,16.0,0.0,0.0,0.0,0.0,0.0,13.2,13.26,0.0,11.48,190.3,19.29,2.0,3.474,-1.0,3.63,7.3,4901
2016-03-31 05:40:00,0.0,0.0,0.0,1113180.0,62.9,59.9,60.0,0.0,43233.0,540.0,96872.0,1069924.0,0.0,1.0,0.0,0.0,0.0,273.7,272.9,274.3,0.772,271.9,0.531,271.0,0.842,272.7,0.003,13.8,2.0,3.0,0.0,13.19,0.0,21.2,301.6,0.0,-0.0139999999999999,-0.013,-0.01,0.054,-0.1789999999999999,0.223,0.0,15.02,11.63,11.63,10.4,10.92,10.98,10.84,-132.3,11.17,10.86,0.657,0.0069999999999999,-0.003,-0.004,0.008,0.003,0.004,0.0,12041.0,16720.0,16623.0,16953.0,14334.0,14358.0,11638.0,0.002,-0.001,-0.001,0.002,0.001,0.001,0.0,0.0,299.1,0.0,60.2,0.0,0.0,0.0,0.0,16.0,0.0,0.0,0.0,0.0,0.0,13.34,13.38,0.0,11.62,181.6,19.14,2.0,3.473,-1.0,4.787,7.2,4901
2016-03-31 05:41:00,0.0,0.0,0.0,1113180.0,62.9,59.9,60.0,0.0,43233.0,540.0,96872.0,1069924.0,0.0,1.0,0.0,0.0,0.0,273.8,272.8,274.2,0.772,271.7,0.531,271.0,0.842,272.7,0.003,13.8,2.0,3.0,0.0,13.21,0.0,21.13,310.6,0.0,-0.01,-0.01,-0.01,0.151,-0.184,0.223,0.0,15.06,11.68,11.66,10.45,11.01,11.04,10.91,-110.6,11.19,10.95,0.799,0.008,-0.005,-0.004,0.009,0.002,0.004,0.0,12041.0,16720.0,16623.0,16953.0,14334.0,14358.0,11638.0,0.003,-0.001,-0.001,0.003,0.001,0.001,0.0,0.0,308.3,0.0,60.23,0.0,0.0,0.0,0.25,16.0,0.0,0.0,0.0,0.0,0.0,13.35,13.38,0.0,11.66,188.7,19.06,2.0,3.474,-1.0,2.702,4.7,4901
2016-03-31 05:42:00,0.0,0.0,0.0,1113180.0,62.9,59.9,60.0,0.0,43233.0,540.0,96872.0,1069924.0,0.0,1.0,0.0,0.0,0.0,273.7,273.1,274.4,0.772,271.9,0.531,271.0,0.842,273.0,0.003,13.8,2.0,3.0,0.0,13.21,0.0,21.12,320.2,0.0,-0.01,-0.01,-0.009,0.373,-0.1789999999999999,0.223,0.0,15.06,11.61,11.6,10.4,10.93,11.03,10.84,-132.3,11.1,10.9,1.055,0.008,-0.005,-0.005,0.011,0.002,0.005,0.0,12041.0,16720.0,16623.0,16953.0,14334.0,14358.0,11638.0,0.003,-0.002,-0.002,0.004,0.001,0.001,0.0,0.0,317.8,0.0,60.21,0.0,0.0,0.0,1.0,16.0,0.0,0.0,0.0,0.0,0.0,13.3,13.33,0.0,11.6,196.3,11.04,2.0,3.474,-1.0,2.785,4.4,4901
2016-03-31 05:43:00,0.0,0.0,0.0,1113180.0,62.9,59.9,60.0,0.0,43233.0,540.0,96872.0,1069924.0,0.0,1.0,0.0,0.0,0.0,273.9,273.1,274.4,0.772,272.0,0.531,271.0,0.842,273.0,0.0,13.4,2.0,1.0,0.0,13.21,0.0,21.14,327.2,0.0,-0.01,-0.01,-0.0069999999999999,0.695,-0.1789999999999999,0.223,0.001,15.04,11.62,11.6,10.35,10.93,11.03,10.79,-106.6,11.09,10.85,1.232,0.009,-0.006,-0.0069999999999999,0.013,0.001,0.004,0.001,12041.0,16720.0,16623.0,16953.0,14334.0,14358.0,11638.0,0.003,-0.002,-0.002,0.004,0.0,0.001,0.0,0.0,324.7,0.0,60.21,0.0,0.0,0.0,1.0,16.0,0.0,0.0,0.0,0.0,0.0,13.3,13.32,0.0,11.59,179.3,17.2,2.0,3.474,-1.0,3.542,5.7,4901
2016-03-31 05:44:00,0.0,0.0,0.0,1113180.0,62.9,59.9,60.0,0.0,43233.0,540.0,96872.0,1069924.0,0.0,1.0,0.0,0.0,0.0,273.8,273.1,274.5,0.772,272.0,0.531,271.0,0.842,273.0,0.006,13.8,2.0,3.0,0.0,13.23,0.0,21.15,331.1,0.0,-0.01,-0.0069999999999999,-0.0069999999999999,0.6999999999999998,-0.182,0.223,0.0,15.06,11.6,11.6,10.42,10.93,11.03,10.81,-132.0,11.09,10.87,1.423,0.008,-0.0069999999999999,-0.0069999999999999,0.013,0.002,0.004,0.002,12041.0,16720.0,16623.0,16953.0,14334.0,14358.0,11638.0,0.003,-0.002,-0.002,0.004,0.001,0.001,0.001,0.0,328.5,0.0,60.22,0.0,0.0,0.0,1.0,16.0,0.0,0.0,0.0,0.0,0.0,13.31,13.36,0.0,11.57,181.1,20.99,2.0,3.474,-1.0,2.448,4.7,4901
2016-03-31 05:45:00,0.0,0.0,0.0,1113180.0,62.9,59.9,60.0,0.0,43233.0,540.0,96872.0,1069924.0,0.0,1.0,0.0,0.0,0.0,273.8,273.1,274.4,0.772,271.7,0.531,271.0,0.842,273.0,0.003,13.8,2.0,3.0,0.0,13.23,0.0,21.24,336.1,0.0,-0.01,-0.0069999999999999,-0.004,0.89,-0.187,0.223,0.0,15.06,11.6,11.6,10.35,10.93,10.99,10.78,-132.6,11.03,10.84,1.625,0.01,-0.009,-0.009,0.016,0.001,0.004,0.002,12041.0,16720.0,16623.0,16953.0,14334.0,14358.0,11638.0,0.003,-0.003,-0.003,0.005,0.0,0.001,0.001,0.0,333.5,0.0,60.16,0.0,0.0,0.0,1.0,16.0,0.0,0.0,0.0,0.0,0.0,13.26,13.29,0.0,11.54,176.9,21.98,2.0,3.474,-1.0,2.302,3.9,4901
2016-03-31 05:46:00,0.0,0.0,0.0,1113180.0,62.9,59.9,60.0,0.0,43233.0,540.0,96872.0,1069924.0,-0.042,0.889,-1.012,1.014,0.0,274.6,273.7,275.0,0.772,272.6,0.531,271.7,0.842,273.6,0.003,13.8,2.0,3.0,0.0,13.23,0.0,86.09999999999998,340.8,0.0,-0.008,-0.006,-0.002,1.231,-0.1889999999999999,0.223,0.0,15.06,11.57,11.52,10.35,10.83,10.93,10.71,-132.4,11.03,10.77,1.953,0.0139999999999999,-0.005,-0.0069999999999999,0.022,0.004,0.009,0.004,12041.0,16720.0,16623.0,16953.0,14334.0,14358.0,11638.0,0.005,-0.002,-0.002,0.0069999999999999,0.001,0.003,0.001,0.0,338.1,0.0,60.14,0.0,0.0,0.0,1.617,16.0,0.0,0.0,1.31,1.3430000000000002,1.315,13.25,13.21,0.0,11.46,178.9,20.26,2.0,3.474,-1.0,2.385,4.4,4901
2016-03-31 05:47:00,0.0,0.0,0.0,1113180.0,62.9,59.9,60.0,0.0,43233.0,540.0,96872.0,1069924.0,-0.402,0.049,-8.4,8.41,0.0,275.0,274.3,275.6,0.772,273.0,0.531,272.0,0.842,274.0,0.003,13.8,2.0,3.0,0.0,13.24,0.0,329.5,328.3,0.0,-0.0069999999999999,-0.003,0.0,1.444,-0.0899999999999999,0.223,0.0,15.06,11.41,11.41,10.27,10.75,10.85,10.68,-132.2,10.96,10.69,2.27,0.07,0.078,0.081,0.103,0.0709999999999999,0.0769999999999999,0.0579999999999999,12041.0,16720.0,16623.0,16953.0,14334.0,14358.0,11638.0,0.022,0.024,0.025,0.032,0.022,0.024,0.018,0.0,325.6,0.0,60.15,0.0,-1.581,0.0,4.517,16.0,0.0,0.0,10.07,11.1,11.38,13.2,13.11,0.0,11.36,170.7,41.85,2.0,3.474,-1.0,1.59,3.0,4901
2016-03-31 05:48:00,0.787,0.341,0.6779999999999999,1113180.0,62.9,59.9,60.0,0.3629999999999999,43233.0,540.0,96872.0,1069924.0,-0.384,0.047,-8.359999999999998,8.37,0.0,275.0,274.2,275.6,0.772,273.0,0.531,272.0,0.842,274.0,0.004,13.8,2.0,3.0,0.0,13.26,0.0,333.2,333.1,0.0,-0.006,0.0,0.002,1.856,0.4029999999999999,0.223,0.0,15.06,11.44,11.42,10.24,10.74,10.85,10.66,-133.0,10.98,10.64,2.748,0.093,0.1,0.1,0.125,0.096,0.1,0.072,12041.0,16720.0,16623.0,16953.0,14334.0,14358.0,11638.0,0.0299999999999999,0.031,0.032,0.04,0.0299999999999999,0.032,0.023,0.0,329.4,0.0,60.22,0.0,-1.7,0.0,4.55,16.0,0.0,0.0,9.98,11.07,11.44,13.14,13.2,0.0,11.46,180.2,18.73,2.0,3.474,-1.0,2.495,5.2,4901
2016-03-31 05:49:00,0.7609999999999999,0.372,0.6829999999999999,1113180.0,62.9,59.9,60.0,0.3659999999999999,43233.0,540.0,96872.0,1069924.0,-0.3289999999999999,0.0409999999999999,-8.22,8.23,0.0,275.4,274.0,275.4,0.772,273.0,0.531,272.0,0.842,274.0,-0.003,13.42,2.0,1.0,0.0,13.26,0.0,334.6,335.0,0.0,-0.001,0.006,0.009,2.507,1.068,0.2239999999999999,0.001,15.06,11.5,11.49,10.26,10.79,10.91,10.69,-133.5,11.03,10.68,3.529,0.139,0.16,0.154,0.186,0.1459999999999999,0.1499999999999999,0.108,12041.0,16720.0,16623.0,16953.0,14334.0,14358.0,11638.0,0.0449999999999999,0.0509999999999999,0.049,0.0599999999999999,0.047,0.048,0.035,0.0,332.1,0.0,60.22,0.0,-1.984,0.0,4.65,16.0,0.0,0.0,9.69,10.98,11.39,13.2,13.28,0.0,11.47,196.2,19.9,2.0,3.474,-1.0,2.68,4.7,4901
2016-03-31 05:50:00,0.5989999999999999,0.148,0.1459999999999999,1113180.0,62.9,59.9,60.0,0.0599999999999999,43233.0,540.0,96872.0,1069924.0,-0.2269999999999999,0.0279999999999999,-8.189999999999998,8.189999999999998,0.0,275.1,274.0,275.4,0.772,272.8,0.531,272.0,0.842,273.8,0.005,13.76,2.0,3.0,0.0,13.26,0.0,339.3,339.6,0.0,0.006,0.011,0.013,3.283,1.876,0.223,0.0,15.06,11.57,11.57,10.32,10.83,10.9,10.75,-132.2,11.06,10.7,4.462,0.1749999999999999,0.214,0.206,0.245,0.182,0.198,0.1459999999999999,12041.0,16720.0,16623.0,16953.0,14334.0,14358.0,11638.0,0.057,0.07,0.067,0.081,0.059,0.065,0.048,0.0,337.2,0.0,60.21,0.0,-1.981,0.0,4.65,16.0,0.0,0.0,9.670000000000002,10.96,11.36,13.2,13.29,0.0,11.53,170.8,15.34,2.0,3.473,-1.0,4.017,7.599999999999999,4901
2016-03-31 05:51:00,0.685,0.171,0.1689999999999999,1113180.0,62.9,59.9,60.0,0.0729999999999999,43233.0,540.0,96872.0,1069924.0,-0.158,0.019,-8.15,8.15,0.0,274.9,273.8,275.3,0.772,272.2,0.531,272.0,0.842,273.5,0.003,13.76,2.0,3.0,0.0,13.27,0.0,343.0,343.3,0.0,0.01,0.017,0.02,3.879,2.468,0.223,0.0,15.06,11.6,11.6,10.37,10.93,10.93,10.84,-132.5,11.12,10.76,5.088,0.195,0.251,0.25,0.281,0.201,0.2289999999999999,0.1769999999999999,12041.0,16720.0,16623.0,16953.0,14334.0,14358.0,11638.0,0.065,0.083,0.0819999999999999,0.093,0.066,0.0759999999999999,0.059,0.0,340.7,0.0,60.15,0.0,-1.931,0.0,4.65,16.0,0.0,0.0,9.6,10.93,11.32,13.26,13.3,0.0,11.52,170.3,13.17,2.0,3.473,-1.0,4.197,6.5,4901
2016-03-31 05:52:00,0.79,0.171,0.085,1113180.0,62.9,59.9,60.0,0.078,43233.0,540.0,96872.0,1069924.0,-0.0769999999999999,0.008,-8.21,8.22,0.0,275.0,274.1,275.5,0.772,272.7,0.531,272.0,0.842,274.0,0.003,13.76,2.0,3.0,0.0,13.28,0.0,347.4,347.0,0.0,0.0149999999999999,0.025,0.027,4.517,3.125,0.223,0.0,15.06,11.61,11.66,10.42,10.93,10.98,10.89,-111.2,11.17,10.85,5.795,0.216,0.262,0.254,0.2979999999999999,0.2289999999999999,0.2389999999999999,0.182,12041.0,16720.0,16623.0,16953.0,14334.0,14358.0,11638.0,0.072,0.0869999999999999,0.084,0.1,0.0759999999999999,0.08,0.0609999999999999,0.0,344.7,0.0,60.23,0.0,-1.535,0.0,4.6,16.0,0.0,0.0,9.7,10.99,11.31,13.32,13.33,0.0,11.59,194.9,13.61,2.0,3.473,-1.0,4.262,6.5,4901
2016-03-31 05:53:00,1.968,0.0,0.0,1113180.0,62.9,59.9,60.0,0.0,43234.0,540.0,96872.0,1069924.0,-0.013,-0.001,-8.3,8.31,0.0,275.2,273.9,275.4,0.772,272.6,0.531,272.0,0.842,274.0,0.003,13.76,2.0,3.0,0.0,13.28,0.0,354.9,354.1,0.0,0.025,0.034,0.037,5.445,4.195,0.223,0.0,15.06,11.71,11.76,10.53,11.06,11.12,10.96,-132.4,11.27,11.0,6.959,0.2369999999999999,0.275,0.257,0.319,0.241,0.256,0.187,12041.0,16720.0,16623.0,16953.0,14334.0,14358.0,11638.0,0.08,0.0919999999999999,0.0859999999999999,0.108,0.081,0.0859999999999999,0.063,0.0,351.6,0.0,60.14,0.0,-0.75,0.0,4.517,16.0,0.0,0.0,9.9,11.05,11.31,13.35,13.4,0.0,11.68,187.8,13.67,2.0,3.474,-1.0,4.225,7.3,4901
2016-03-31 05:54:00,2.225,0.0,0.0,1113180.0,62.9,59.9,60.0,0.0,43234.0,540.0,96872.0,1069924.0,0.068,-0.012,-8.279999999999998,8.29,0.0,274.8,274.1,275.4,0.772,272.3,0.531,272.0,0.842,273.5,0.003,13.76,2.0,3.0,0.0,13.28,0.0279999999999999,357.6,357.4,0.0,0.032,0.044,0.047,6.332000000000001,5.237,0.223,0.0,15.06,11.69,11.71,10.55,11.11,11.17,10.97,-132.8,11.28,11.03,8.029999999999998,0.272,0.3049999999999999,0.296,0.371,0.278,0.291,0.2119999999999999,12041.0,16720.0,16623.0,16953.0,14334.0,14358.0,11638.0,0.093,0.103,0.1,0.127,0.094,0.099,0.072,0.0,354.6,0.0,60.14,0.0,-0.132,0.0,4.517,16.0,0.0,0.0,9.88,11.04,11.27,13.32,13.31,0.0,11.63,202.5,18.81,2.0,3.474,-1.0,2.638,5.0,4901
2016-03-31 05:55:00,2.739,0.0,0.0,1113180.0,62.9,59.9,60.0,0.0,43234.0,540.0,96872.0,1069924.0,0.231,-0.032,-8.13,8.15,0.0,275.1,274.1,275.5,0.772,272.8,0.531,272.0,0.842,273.9,0.002,13.47,2.0,1.0,0.0,13.29,0.1419999999999999,357.0,357.2,0.0,0.039,0.052,0.055,7.157,6.167000000000001,0.2239999999999999,0.001,15.06,11.63,11.68,10.55,11.12,11.18,10.97,-132.0,11.22,11.03,9.11,0.3689999999999999,0.4279999999999999,0.402,0.4829999999999999,0.3779999999999999,0.3979999999999999,0.281,12041.0,16720.0,16623.0,16953.0,14334.0,14358.0,11638.0,0.127,0.1459999999999999,0.138,0.1669999999999999,0.13,0.1369999999999999,0.096,0.0,354.3,0.0,60.14,0.0,0.3019999999999999,0.0,4.617,16.0,0.0,0.0,9.62,11.02,11.22,13.31,13.29,0.0,11.57,192.0,15.17,2.0,3.474,-1.0,2.138,3.7,4901
2016-03-31 05:56:00,3.338,0.17,0.0,1113180.0,62.9,59.9,60.0,0.003,43234.0,540.0,96872.0,1069924.0,0.427,-0.0579999999999999,-8.05,8.08,0.0,275.1,274.2,275.6,0.772,273.0,0.531,272.0,0.842,274.0,0.004,13.8,2.0,3.0,0.0,13.3,0.1889999999999999,358.6,357.7,0.0,0.0459999999999999,0.062,0.065,8.15,7.359,0.223,0.0,15.06,11.61,11.6,10.55,11.09,11.12,10.96,-132.3,11.14,10.96,10.4,0.444,0.513,0.4939999999999999,0.5859999999999999,0.4629999999999999,0.4739999999999999,0.336,12041.0,16720.0,16623.0,16953.0,14334.0,14358.0,11638.0,0.154,0.176,0.1689999999999999,0.203,0.159,0.163,0.115,0.0,355.4,0.0,60.19,0.0,0.5,0.0,4.65,16.0,0.0,0.0,9.47,10.97,11.16,13.28,13.26,0.0,11.55,188.3,24.73,2.0,3.473,-1.0,2.783,4.1,4901
2016-03-31 05:57:00,3.338,2.298,0.762,1113180.0,62.9,59.9,60.0,0.251,43234.0,540.0,96872.0,1069924.0,0.5489999999999999,-0.0749999999999999,-8.029999999999998,8.07,0.0,275.2,274.2,275.6,0.772,273.0,0.531,272.0,0.842,274.0,0.003,13.8,2.0,3.0,0.0,13.3,0.193,359.9,359.3,0.0,0.052,0.07,0.0729999999999999,8.91,8.17,0.223,0.0,15.06,11.69,11.69,10.58,11.12,11.17,11.01,-105.9,11.25,11.03,11.32,0.4839999999999999,0.569,0.55,0.64,0.4939999999999999,0.521,0.3689999999999999,12041.0,16720.0,16623.0,16953.0,14334.0,14358.0,11638.0,0.168,0.196,0.1889999999999999,0.222,0.171,0.1799999999999999,0.127,0.0,356.7,0.0,60.22,0.0,0.516,0.0,4.65,16.0,0.0,0.0,9.48,10.98,11.12,13.3,13.31,0.0,11.59,203.3,19.84,2.0,3.474,-1.0,3.352,6.0,4901
2016-03-31 05:58:00,3.252,3.32,2.37,1113181.0,62.9,59.9,60.0,0.698,43234.0,540.0,96872.0,1069924.0,0.6679999999999999,-0.0909999999999999,-7.9929999999999986,8.05,0.0,275.1,274.4,275.8,0.772,273.0,0.531,272.0,0.842,274.0,0.003,13.8,2.0,3.0,0.0,13.31,0.3009999999999999,360.9,360.1,0.0,0.059,0.0769999999999999,0.08,9.69,8.92,0.223,0.0,15.06,11.68,11.68,10.63,11.12,11.22,10.99,-132.3,11.22,11.13,12.07,0.534,0.634,0.6069999999999999,0.698,0.5539999999999999,0.573,0.411,12041.0,16720.0,16623.0,16953.0,14334.0,14358.0,11638.0,0.186,0.2189999999999999,0.2099999999999999,0.2429999999999999,0.192,0.1989999999999999,0.1419999999999999,0.0,357.8,0.0,60.14,0.0,0.8279999999999998,0.0,4.65,16.0,0.0,0.0,9.420000000000002,10.97,11.1,13.34,13.29,0.0,11.61,203.0,17.49,2.0,3.474,-1.0,2.483,3.8,4901
2016-03-31 05:59:00,2.739,2.724,2.54,1113181.0,62.9,59.9,60.0,0.757,43234.0,540.0,96872.0,1069924.0,0.57,-0.079,-8.15,8.21,0.0,274.9,274.1,275.6,0.772,272.8,0.531,272.0,0.842,273.9,0.003,13.8,2.0,3.0,0.0,13.33,0.3659999999999999,366.4,366.1,0.0,0.065,0.085,0.0869999999999999,10.39,9.66,0.223,0.0,15.06,11.69,11.69,10.64,11.22,11.31,11.08,-132.4,11.25,11.13,12.8,0.457,0.516,0.499,0.6089999999999999,0.456,0.4789999999999999,0.3479999999999999,12041.0,16720.0,16623.0,16953.0,14334.0,14358.0,11638.0,0.16,0.1799999999999999,0.173,0.214,0.159,0.1669999999999999,0.121,0.0,363.5,0.0,60.15,0.0,1.02,0.0,4.533,16.0,0.0,0.0,9.75,11.06,11.13,13.31,13.27,0.0,11.63,171.1,13.57,2.0,3.474,-1.0,2.697,4.2,4901
2016-03-31 06:00:00,2.653,2.639,2.624,1113181.0,62.9,59.9,60.0,0.78,43235.0,540.0,96872.0,1069924.0,0.665,-0.0909999999999999,-8.16,8.24,0.0,275.1,274.2,275.6,0.772,273.0,0.531,272.0,0.842,274.0,-0.011,13.5,2.0,1.0,0.0,13.33,0.621,368.9,368.5,0.0,0.074,0.095,0.1,11.56,11.02,0.223,0.001,15.06,11.68,11.69,10.71,11.19,11.25,11.06,-106.1,11.31,11.17,14.18,0.509,0.57,0.541,0.6629999999999999,0.502,0.531,0.371,12041.0,16720.0,16623.0,16953.0,14334.0,14358.0,11638.0,0.1789999999999999,0.1989999999999999,0.188,0.2339999999999999,0.1749999999999999,0.186,0.13,0.0,365.9,0.0,60.14,0.0,1.7380000000000002,0.0,4.517,16.0,0.0,0.0,9.79,11.09,11.13,13.33,13.2,0.0,11.59,175.4,20.06,2.0,3.474,-1.0,2.287,3.7,4901
2016-03-31 06:01:00,2.824,2.809,2.794,1113181.0,62.9,59.9,60.0,0.8299999999999998,43235.0,540.0,96872.0,1069924.0,0.904,-0.123,-8.07,8.199999999999998,0.0,274.7,274.2,275.7,0.772,272.8,0.531,272.0,0.842,274.0,0.016,13.75,2.0,3.0,0.0,13.33,0.8379999999999999,370.0,369.7,0.0,0.0859999999999999,0.11,0.1159999999999999,12.95,12.82,0.2239999999999999,0.0,15.09,11.63,11.61,10.61,11.12,11.15,10.99,-132.3,11.17,11.07,16.13,0.628,0.7059999999999998,0.677,0.817,0.626,0.659,0.451,12041.0,16720.0,16623.0,16953.0,14334.0,14358.0,11638.0,0.223,0.248,0.238,0.2899999999999999,0.221,0.233,0.158,0.0,367.1,0.0,60.14,0.0,2.373,0.0,4.55,16.0,0.0,0.0,9.74,11.14,11.07,13.26,13.23,0.0,11.51,192.7,33.88,2.0,3.473,-1.0,1.252,2.2,4901
2016-03-31 06:02:00,3.338,3.32,3.302,1113181.0,62.9,59.9,60.0,0.98,43235.0,540.0,96872.0,1069924.0,1.368,-0.184,-7.826,8.05,0.0,274.8,273.9,275.4,0.772,272.2,0.531,272.0,0.842,273.3,0.003,13.76,2.0,3.0,0.0,13.33,1.087,369.3,369.1,0.0,0.098,0.124,0.133,14.46,14.84,0.2239999999999999,0.0,15.12,11.6,11.6,10.56,11.11,11.12,10.99,-132.1,11.12,11.0,18.32,0.809,0.923,0.88,1.047,0.813,0.8609999999999999,0.57,12041.0,16720.0,16623.0,16953.0,14334.0,14358.0,11638.0,0.288,0.327,0.311,0.373,0.288,0.3059999999999999,0.2019999999999999,0.0,366.3,0.0,60.15,0.0,3.0460000000000003,0.0,4.65,16.0,0.0,0.0,9.420000000000002,11.13,10.96,13.25,13.25,0.0,11.53,181.2,19.61,2.0,3.473,-1.0,2.91,5.2,4901
2016-03-31 06:03:00,3.719,3.32,3.302,1113181.0,62.9,59.9,60.0,1.086,43235.0,540.0,96872.0,1069924.0,1.675,-0.223,-7.76,8.09,0.0,274.6,274.2,275.7,0.772,272.4,0.531,272.0,0.842,274.0,0.003,13.76,2.0,3.0,0.0,13.33,1.411,370.9,370.7,0.0,0.113,0.1419999999999999,0.153,16.16,17.0,0.2239999999999999,0.0,15.15,11.66,11.66,10.64,11.15,11.24,11.04,-132.3,11.2,11.15,20.73,0.932,1.061,1.01,1.197,0.931,0.991,0.644,12041.0,16720.0,16623.0,16953.0,14334.0,14358.0,11638.0,0.3339999999999999,0.377,0.3589999999999999,0.4289999999999999,0.332,0.3539999999999999,0.228,0.0,367.9,0.0,60.15,0.0,3.936,0.0,4.65,16.0,0.0,0.0,9.45,11.2,10.94,13.31,13.3,0.0,11.6,198.3,26.99,2.0,3.475,-1.0,2.483,3.9,4901
2016-03-31 06:04:00,4.448,4.409,4.342,1113181.0,62.9,59.9,60.0,1.886,43235.0,540.0,96872.0,1069924.0,2.064,-0.2689999999999999,-7.696,8.189999999999998,0.0,275.0,274.4,275.9,0.772,273.0,0.531,272.0,0.842,274.0,0.003,13.76,2.0,3.0,0.0,13.34,1.951,372.9,372.6,0.0,0.132,0.165,0.1769999999999999,18.33,19.57,0.2239999999999999,0.0,15.15,11.69,11.69,10.69,11.24,11.31,11.09,-132.2,11.33,11.22,23.65,1.087,1.234,1.17,1.389,1.077,1.15,0.7379999999999999,12041.0,16720.0,16623.0,16953.0,14334.0,14358.0,11638.0,0.391,0.441,0.417,0.499,0.386,0.412,0.263,0.0,369.8,0.0,60.17,0.0,5.415,0.0,4.633,16.0,0.0,0.0,9.55,11.32,10.95,13.32,13.28,0.0,11.64,182.4,26.31,2.0,3.474,-1.0,2.698,4.5,4901
2016-03-31 06:05:00,4.33,4.33,4.297,1113181.0,62.9,59.9,60.0,1.95,43235.0,540.0,96872.0,1069924.0,2.086,-0.2689999999999999,-7.751,8.3,0.0,275.0,274.1,275.6,0.772,272.5,0.531,272.0,0.842,274.0,0.003,13.76,2.0,3.0,0.0,13.35,1.888,376.9,376.5,0.0,0.1489999999999999,0.182,0.198,20.05,21.66,0.2239999999999999,0.0,15.22,11.82,11.81,10.79,11.33,11.36,11.15,-132.3,11.41,11.29,25.99,1.058,1.169,1.108,1.345,1.022,1.11,0.697,12041.0,16720.0,16623.0,16953.0,14334.0,14358.0,11638.0,0.384,0.4199999999999999,0.3979999999999999,0.4879999999999999,0.3679999999999999,0.401,0.25,0.0,373.8,0.0,60.15,0.0,5.209,0.0,4.6,16.0,0.0,0.0,9.74,11.44,11.0,13.35,13.35,0.0,11.73,186.5,17.02,2.0,3.474,-1.0,3.148,4.8,4901
2016-03-31 06:06:00,3.694,3.693,3.63,1113181.0,62.9,59.9,60.0,1.642,43235.0,540.0,96872.0,1069924.0,1.715,-0.223,-7.927,8.38,0.0,275.0,274.1,275.6,0.772,272.4,0.531,272.0,0.842,274.0,0.002,13.44,2.0,1.0,0.0,13.35,1.614,379.6,379.3,0.0,0.148,0.181,0.196,19.76,21.33,0.223,0.001,15.25,11.97,11.95,10.93,11.46,11.49,11.34,-131.8,11.51,11.43,25.92,0.951,1.005,0.952,1.198,0.8809999999999998,0.974,0.5899999999999999,12041.0,16720.0,16623.0,16953.0,14334.0,14358.0,11638.0,0.346,0.3609999999999999,0.341,0.435,0.317,0.352,0.211,0.0,376.6,0.0,60.14,0.0,4.452,0.0,4.517,16.0,0.0,0.0,9.93,11.41,11.07,13.33,13.37,0.0,11.84,194.0,13.18,2.0,3.473,-1.0,2.9930000000000003,4.7,4901
2016-03-31 06:07:00,3.729,3.729,3.7,1113181.0,62.9,59.9,60.0,1.679,43235.0,540.0,96872.0,1069925.0,1.834,-0.236,-7.902999999999999,8.41,0.0,274.9,274.0,275.6,0.772,272.1,0.531,272.0,0.842,273.9,0.003,13.76,2.0,3.0,0.0,13.35,1.731,380.3,380.0,0.0,0.159,0.1939999999999999,0.2089999999999999,20.81,22.48,0.2239999999999999,0.0,15.25,12.08,12.06,11.04,11.6,11.62,11.47,-131.8,11.62,11.54,27.29,1.01,1.069,1.007,1.249,0.927,1.019,0.6179999999999999,12041.0,16720.0,16623.0,16953.0,14334.0,14358.0,11638.0,0.3679999999999999,0.385,0.362,0.455,0.3339999999999999,0.3689999999999999,0.221,0.0,377.3,0.0,60.14,0.0,4.771,0.0,4.517,16.0,0.0,0.0,9.99,11.48,11.07,13.34,13.32,0.0,11.94,192.5,9.6,2.0,3.473,-1.0,2.523,3.9,4901
2016-03-31 06:08:00,4.237,4.237,4.231,1113181.0,62.9,59.9,60.0,1.926,43236.0,540.0,96872.0,1069925.0,2.274,-0.288,-7.723,8.39,0.0,275.1,274.0,275.5,0.772,272.2,0.531,272.0,0.842,274.0,0.003,13.76,2.0,3.0,0.0,13.37,2.186,379.1,378.9,0.0,0.1719999999999999,0.2089999999999999,0.2239999999999999,22.16,24.03,0.2239999999999999,0.0,15.3,12.17,12.17,11.12,11.7,11.7,11.55,-131.5,11.73,11.59,28.86,1.188,1.328,1.269,1.5119999999999998,1.112,1.236,0.795,12041.0,16720.0,16623.0,16953.0,14334.0,14358.0,11638.0,0.434,0.481,0.4589999999999999,0.552,0.4029999999999999,0.45,0.2869999999999999,0.0,376.2,0.0,60.14,0.0,6.009,0.0,4.583,16.0,0.0,0.0,9.87,11.59,11.07,13.31,13.29,0.0,12.03,183.0,17.35,2.0,3.474,-1.0,2.297,3.3,4901
2016-03-31 06:09:00,4.885,4.936,4.896,1113181.0,62.9,59.9,60.0,2.303,43236.0,540.0,96872.0,1069925.0,2.729,-0.34,-7.551,8.38,0.0,274.8,274.1,275.6,0.772,272.2,0.531,272.0,0.842,273.9,0.003,13.76,2.0,3.0,0.0,13.38,2.704,378.4,377.7,0.0,0.183,0.222,0.2389999999999999,23.37,25.52,0.2239999999999999,0.0,15.34,12.32,12.27,11.25,11.81,11.83,11.68,-105.3,11.83,11.73,30.28,1.36,1.538,1.445,1.683,1.2919999999999998,1.415,0.903,12041.0,16720.0,16623.0,16953.0,14334.0,14358.0,11638.0,0.497,0.5579999999999999,0.523,0.6139999999999999,0.4689999999999999,0.515,0.327,0.0,374.8,0.0,60.16,0.0,7.383999999999999,0.0,4.65,16.0,0.0,0.0,9.8,11.66,11.06,13.29,13.31,0.0,12.16,193.4,15.36,2.0,3.473,-1.0,2.168,3.6,4901
2016-03-31 06:10:00,5.375,5.444,5.448,1113181.0,62.9,59.9,60.0,2.785,43236.0,540.0,96872.0,1069925.0,2.94,-0.3589999999999999,-7.531,8.51,0.0,274.7,274.1,275.7,0.772,272.3,0.531,272.0,0.842,273.9,0.003,13.76,2.0,3.0,0.0,13.38,2.869,379.1,379.0,0.0,0.196,0.236,0.257,24.63,27.38,0.2239999999999999,0.0,15.41,12.37,12.37,11.31,11.89,11.89,11.75,-105.3,11.92,11.8,32.18,1.452,1.5759999999999998,1.515,1.808,1.354,1.455,0.938,12041.0,16720.0,16623.0,16953.0,14334.0,14358.0,11638.0,0.532,0.572,0.55,0.6609999999999999,0.492,0.53,0.34,0.0,376.1,0.0,60.17,0.0,7.835,0.0,4.633,16.0,0.0,0.0,9.98,11.83,11.13,13.31,13.3,0.0,12.17,176.2,15.8,2.0,3.473,-1.0,3.14,5.2,4901
2016-03-31 06:11:00,5.8660000000000005,6.01,6.002000000000001,1113181.0,62.9,59.9,60.0,3.184,43236.0,540.0,96872.0,1069925.0,3.477,-0.4079999999999999,-7.376,8.689999999999998,0.0,274.7,274.0,275.5,0.772,272.4,0.531,272.0,0.842,273.7,-0.01,13.5,2.0,1.0,0.0,13.39,3.39,379.2,379.4,0.0,0.217,0.261,0.286,27.09,30.46,0.2239999999999999,0.001,15.44,12.37,12.37,11.4,11.91,11.89,11.8,-78.83,11.99,11.81,35.5,1.6740000000000002,1.842,1.756,2.062,1.556,1.693,1.0659999999999998,12041.0,16720.0,16623.0,16953.0,14334.0,14358.0,11638.0,0.6139999999999999,0.6709999999999999,0.638,0.755,0.567,0.6179999999999999,0.387,0.0,376.6,0.0,60.15,0.0,9.26,0.0,4.65,16.0,0.0,0.0,10.18,12.13,11.27,13.31,13.27,0.0,12.17,185.5,11.37,2.0,3.473,-1.0,2.447,3.6,4901
2016-03-31 06:12:00,10.27,11.16,10.84,1113181.0,62.9,59.9,60.0,6.23,43236.0,540.0,96872.0,1069925.0,6.76,-0.7309999999999999,-6.305,9.25,0.0,275.0,274.2,275.7,0.772,272.8,0.531,272.0,0.842,274.0,0.016,13.75,2.0,3.0,0.0,13.4,6.728,355.3,354.2,0.0,0.246,0.296,0.324,30.44,34.63,0.2239999999999999,0.0,15.45,12.37,12.37,11.38,11.99,11.89,11.81,-104.6,11.99,11.86,39.88,2.9360000000000004,3.612,3.467,3.692,3.005,3.1860000000000004,2.167,12041.0,16720.0,16623.0,16953.0,14334.0,14358.0,11638.0,1.032,1.27,1.219,1.298,1.057,1.12,0.762,0.0,351.8,0.0,60.2,0.0,18.96,0.0,5.0,16.0,0.0,0.0,10.44,13.5,11.86,13.32,13.27,0.0,12.19,185.2,21.57,2.0,3.473,-1.0,2.105,3.2,4901
2016-03-31 06:13:00,11.01,11.87,11.32,1113182.0,62.9,59.9,60.0,6.78,43236.0,540.0,96872.0,1069925.0,7.336,-0.7609999999999999,-6.252000000000001,9.64,0.0,275.2,274.3,275.9,0.772,273.0,0.531,272.0,0.842,274.0,0.003,13.76,2.0,3.0,0.0,13.42,7.124,347.5,346.2,0.0,0.262,0.314,0.347,32.17,37.12,0.2239999999999999,0.0,15.54,12.37,12.38,11.41,11.99,11.94,11.88,-83.29999999999998,11.99,11.89,42.44,3.214,3.944,3.796,4.037,3.303,3.478,2.3680000000000003,12041.0,16720.0,16623.0,16953.0,14334.0,14358.0,11638.0,1.107,1.359,1.308,1.391,1.138,1.198,0.816,0.0,344.6,0.0,60.19,0.0,20.5,0.0,5.0,16.0,0.0,0.0,10.95,14.05,12.32,13.31,13.23,0.0,12.22,158.3,20.94,2.0,3.474,-1.0,3.173,5.1,4901
2016-03-31 06:14:00,12.2,13.33,12.83,1113182.0,62.9,59.9,60.0,7.939,43236.0,540.0,96872.0,1069925.0,8.46,-0.812,-6.084,10.43,0.0,275.1,274.3,275.8,0.772,272.9,0.531,272.0,0.842,274.0,0.003,13.76,2.0,3.0,0.0,13.42,8.51,341.2,340.6,0.0,0.2979999999999999,0.356,0.3939999999999999,36.43,42.26,0.225,0.0,15.59,12.45,12.46,11.51,12.05,12.0,12.0,-131.7,12.13,12.01,48.17,3.694,4.571000000000001,4.41,4.652,3.833,4.029,2.768,12041.0,16720.0,16623.0,16953.0,14334.0,14358.0,11638.0,1.25,1.546,1.492,1.5730000000000002,1.296,1.3630000000000002,0.936,0.0,338.4,0.0,60.17,0.0,24.96,0.0,5.0,16.0,0.0,0.0,11.92,15.07,13.25,13.31,13.26,0.0,12.28,178.5,20.88,2.0,3.474,-1.0,3.615,4.7,4901
2016-03-31 06:15:00,11.5,12.62,11.99,1113182.0,62.9,59.9,60.0,7.301,43236.0,540.0,96872.0,1069925.0,7.862,-0.787,-6.157,9.99,0.0,275.0,274.1,275.7,0.772,272.8,0.531,272.0,0.842,274.0,0.003,13.76,2.0,3.0,0.0,13.43,7.851,348.0,348.1,0.0,0.281,0.335,0.371,34.05,39.56,0.225,0.0,15.63,12.56,12.56,11.63,12.2,12.11,12.1,-131.0,12.21,12.1,45.37,3.4210000000000003,4.189,4.033,4.285,3.509,3.699,2.502,12041.0,16720.0,16623.0,16953.0,14334.0,14358.0,11638.0,1.18,1.445,1.391,1.4780000000000002,1.211,1.276,0.8629999999999999,0.0,345.1,0.0,60.17,0.0,22.57,0.0,5.0,16.0,0.0,0.0,11.37,14.52,12.72,13.31,13.27,0.0,12.34,187.5,24.96,2.0,3.475,-1.0,2.923,4.0,4901
2016-03-31 06:16:00,12.3,13.42,12.86,1113182.0,62.9,59.9,60.0,7.989,43236.0,540.0,96872.0,1069925.0,8.51,-0.815,-6.055,10.44,0.0,274.9,274.2,275.7,0.772,272.7,0.531,272.0,0.842,274.0,0.005,13.76,2.0,3.0,0.0,13.45,8.529999999999998,344.1,343.8,0.0,0.3009999999999999,0.3609999999999999,0.3939999999999999,36.74,42.02,0.225,0.0,15.65,12.56,12.56,11.7,12.27,12.18,12.16,-131.0,12.27,12.16,48.35,3.684,4.57,4.405,4.632,3.808,4.006,2.767,12041.0,16720.0,16623.0,16953.0,14334.0,14358.0,11638.0,1.258,1.561,1.504,1.582,1.3,1.368,0.945,0.0,341.5,0.0,60.14,0.0,24.78,0.0,5.0,16.0,0.0,0.0,11.96,15.11,13.26,13.34,13.22,0.0,12.37,177.8,15.79,2.0,3.473,-1.0,2.27,5.1,4901
2016-03-31 06:17:00,11.85,13.12,12.47,1113182.0,62.9,59.9,60.0,7.666,43237.0,540.0,96872.0,1069925.0,8.269999999999998,-0.805,-6.082000000000001,10.26,0.0,274.9,274.0,275.6,0.772,272.2,0.531,272.0,0.842,274.0,0.001,13.53,2.0,1.0,0.0,13.45,8.41,347.6,347.4,0.0,0.296,0.3539999999999999,0.3879999999999999,35.8,41.17,0.2239999999999999,0.001,15.73,12.64,12.67,11.76,12.32,12.24,12.29,-130.7,12.34,12.25,47.26,3.572,4.402,4.237,4.469,3.65,3.847,2.649,12041.0,16720.0,16623.0,16953.0,14334.0,14358.0,11638.0,1.233,1.519,1.462,1.5419999999999998,1.26,1.328,0.914,0.0,345.2,0.0,60.14,0.0,24.21,0.0,5.0,16.0,0.0,0.0,11.73,14.88,13.04,13.29,13.23,0.0,12.44,176.0,28.96,2.0,3.475,-1.0,1.5519999999999998,3.3,4901
2016-03-31 06:18:00,13.14,14.57,13.92,1113182.0,62.9,59.9,60.0,8.83,43237.0,540.0,96872.0,1069926.0,9.340000000000002,-0.844,-5.93,11.07,0.0,274.8,274.1,275.6,0.772,272.3,0.531,272.0,0.842,273.9,0.003,13.76,2.0,3.0,0.0,13.47,9.5,343.0,342.6,0.0,0.332,0.397,0.437,40.1,46.22,0.225,0.0,15.79,12.72,12.75,11.84,12.42,12.29,12.33,-130.4,12.42,12.32,52.3,4.039,5.015,4.822,5.06,4.158,4.361000000000001,3.039,12041.0,16720.0,16623.0,16953.0,14334.0,14358.0,11638.0,1.3730000000000002,1.704,1.639,1.72,1.413,1.482,1.033,0.0,340.0,0.0,60.14,0.0,27.7,0.0,5.0,16.0,0.0,0.0,12.78,15.9,13.97,13.32,13.31,0.0,12.5,179.3,14.36,2.0,3.473,-1.0,2.362,4.5,4901
2016-03-31 06:19:00,14.18,15.58,15.0,1113183.0,62.9,59.9,60.0,9.71,43237.0,540.0,96872.0,1069926.0,10.16,-0.8690000000000001,-5.795,11.69,0.0,274.9,274.1,275.6,0.772,272.0,0.531,272.0,0.842,274.0,0.003,13.76,2.0,3.0,0.0,13.47,9.7,342.9,342.2,0.0,0.3609999999999999,0.427,0.4799999999999999,42.98,50.6,0.225,0.0,15.83,12.8,12.83,11.92,12.5,12.4,12.43,-131.0,12.5,12.44,56.56,4.348,5.39,5.205,5.457999999999999,4.489,4.712,3.286,12041.0,16720.0,16623.0,16953.0,14334.0,14358.0,11638.0,1.4780000000000002,1.832,1.769,1.855,1.526,1.602,1.117,0.0,339.9,0.0,60.14,0.0,28.29,0.0,5.0,16.0,0.0,0.0,13.57,16.7,14.67,13.36,13.27,0.0,12.58,165.8,19.24,2.0,3.473,-1.0,2.857,6.5,4901
2016-03-31 06:20:00,13.69,15.11,14.5,1113183.0,62.9,59.9,60.0,9.3,43237.0,540.0,96872.0,1069926.0,9.82,-0.8599999999999999,-5.835,11.43,0.0,274.8,274.1,275.7,0.772,272.1,0.531,272.0,0.842,274.0,0.003,13.76,2.0,3.0,0.0,13.48,9.9,351.0,349.3,0.0,0.3549999999999999,0.416,0.4779999999999999,41.34,49.78,0.225,0.0,15.87,12.93,12.94,12.07,12.64,12.5,12.59,-103.8,12.64,12.55,55.32,4.194,5.113,4.945,5.215,4.257,4.4910000000000005,3.084,12041.0,16720.0,16623.0,16953.0,14334.0,14358.0,11638.0,1.455,1.774,1.716,1.809,1.477,1.558,1.07,0.0,347.0,0.0,60.14,0.0,28.21,0.0,5.0,16.0,0.0,0.0,13.21,16.36,14.34,13.37,13.28,0.0,12.67,183.7,11.75,2.0,3.474,-1.0,3.4,4.8,4901
2016-03-31 06:21:00,14.43,15.63,15.18,1113183.0,62.9,59.9,60.0,9.85,43237.0,540.0,96872.0,1069926.0,10.23,-0.871,-5.779,11.75,0.0,275.0,274.0,275.6,0.772,272.3,0.531,272.0,0.842,274.0,0.003,13.76,2.0,3.0,0.0,13.49,9.85,348.8,346.5,0.0,0.375,0.435,0.504,42.9,52.09,0.225,0.0,15.92,12.96,12.99,12.18,12.75,12.58,12.66,-82.59999999999998,12.71,12.66,57.16,4.384,5.354,5.153,5.435,4.442,4.691,3.212,12041.0,16720.0,16623.0,16953.0,14334.0,14358.0,11638.0,1.513,1.847,1.778,1.875,1.533,1.619,1.108,0.0,345.1,0.0,60.18,0.0,28.24,0.0,5.0,16.0,0.0,0.0,13.64,16.78,14.7,13.38,13.3,0.0,12.72,183.5,22.78,2.0,3.474,-1.0,3.125,5.4,4901
2016-03-31 06:22:00,14.52,16.11,15.3,1113183.0,62.9,59.9,60.0,10.04,43237.0,540.0,96872.0,1069926.0,10.51,-0.877,-5.746,11.98,0.0,274.9,274.2,275.7,0.772,272.2,0.531,272.0,0.842,274.0,0.005,13.59,2.0,1.0,0.0,13.51,10.12,348.3,347.9,0.0,0.391,0.449,0.529,43.89,54.37,0.225,0.001,16.02,13.02,13.04,12.18,12.82,12.66,12.67,-40.0,12.75,12.74,58.49,4.525,5.502000000000001,5.277,5.574,4.535,4.811,3.254,12041.0,16720.0,16623.0,16953.0,14334.0,14358.0,11638.0,1.5619999999999998,1.899,1.822,1.925,1.5659999999999998,1.661,1.124,0.0,345.3,0.0,60.19,0.0,29.06,0.0,5.0,16.0,0.0,0.0,13.92,17.04,14.94,13.4,13.31,0.0,12.75,191.3,25.63,2.0,3.474,-1.0,2.3480000000000003,6.0,4901
2016-03-31 06:23:00,14.84,16.4,15.84,1113183.0,62.9,59.9,60.0,10.36,43237.0,540.0,96872.0,1069927.0,10.84,-0.885,-5.702000000000001,12.25,0.0,275.2,274.0,275.6,0.772,272.1,0.531,272.0,0.842,274.0,0.005,13.76,2.0,3.0,0.0,13.52,10.7,348.7,347.7,0.0,0.405,0.461,0.556,44.79,56.84,0.225,0.0,16.02,12.96,12.99,12.18,12.78,12.64,12.69,-108.8,12.77,12.74,60.43,4.699,5.659,5.391,5.727,4.668,4.957,3.286,12041.0,16720.0,16623.0,16953.0,14334.0,14358.0,11638.0,1.625,1.957,1.864,1.98,1.614,1.714,1.136,0.0,345.8,0.0,60.22,0.0,30.7,0.0,5.0,16.0,0.0,0.0,14.27,17.38,15.25,13.41,13.28,0.0,12.72,162.9,15.03,2.0,3.474,-1.0,2.19,4.5,4901
2016-03-31 06:24:00,15.43,17.02,16.22,1113184.0,62.9,59.9,60.0,10.8,43237.0,540.0,96872.0,1069927.0,11.25,-0.895,-5.613,12.57,0.0,274.7,274.1,275.7,0.772,272.1,0.531,272.0,0.842,274.0,0.003,13.76,2.0,3.0,0.0,13.53,11.12,347.6,348.2,0.0,0.4229999999999999,0.476,0.587,46.14,59.98,0.225,0.0,16.11,12.94,12.94,12.11,12.75,12.56,12.67,-60.91,12.74,12.68,62.71,4.888,5.846,5.568,5.939,4.834,5.125,3.388,12041.0,16720.0,16623.0,16953.0,14334.0,14358.0,11638.0,1.6909999999999998,2.022,1.926,2.0540000000000003,1.672,1.773,1.172,0.0,345.9,0.0,60.18,0.0,31.99,0.0,5.0,16.0,0.0,0.0,14.64,17.82,15.64,13.4,13.28,0.0,12.67,174.7,24.43,2.0,3.474,-1.0,2.085,3.2,4901
2016-03-31 06:25:00,16.21,17.74,16.86,1113184.0,62.9,59.9,60.0,11.39,43237.0,540.0,96872.0,1069927.0,11.79,-0.906,-5.509,13.02,0.0,274.8,274.2,275.6,0.772,272.0,0.531,272.0,0.842,273.9,0.003,13.76,2.0,3.0,0.0,13.54,11.49,349.3,348.8,0.0,0.439,0.495,0.6079999999999999,48.05,62.4,0.225,0.0,16.18,12.94,12.94,12.08,12.71,12.54,12.64,-130.9,12.74,12.67,65.57,5.102,6.096,5.824,6.188,5.039,5.352,3.551,12042.0,16720.0,16623.0,16953.0,14334.0,14358.0,11638.0,1.766,2.11,2.016,2.141,1.744,1.852,1.229,0.0,346.1,0.0,60.16,0.0,32.91,0.0,5.0,16.0,0.0,0.0,15.2,18.39,16.16,13.4,13.31,0.0,12.68,192.4,14.93,2.0,3.474,-1.0,2.998,6.1,4901
2016-03-31 06:26:00,16.28,18.0,17.42,1113184.0,62.9,59.9,60.0,11.63,43237.0,540.0,96872.0,1069927.0,12.04,-0.911,-5.453,13.22,0.0,274.7,274.0,275.5,0.772,272.0,0.531,272.0,0.842,273.2,0.003,13.76,2.0,3.0,0.0,13.56,12.05,350.3,350.0,0.0,0.44,0.503,0.6009999999999999,49.02,62.3,0.225,0.0,16.21,12.94,12.94,12.08,12.75,12.56,12.67,-56.66,12.75,12.71,66.74,5.188,6.193,5.925,6.288,5.112,5.442,3.615,12042.0,16720.0,16623.0,16953.0,14334.0,14358.0,11638.0,1.803,2.153,2.06,2.186,1.777,1.892,1.257,0.0,347.7,0.0,60.13,0.0,34.41,0.0,5.0,16.0,0.0,0.0,15.44,18.67,16.38,13.44,13.37,0.0,12.7,191.6,11.56,2.0,3.474,-1.0,3.61,6.4,4901
2016-03-31 06:27:00,16.39,18.19,17.53,1113184.0,62.9,59.9,60.0,11.74,43238.0,540.0,96872.0,1069927.0,12.12,-0.912,-5.441,13.29,0.0,274.6,274.0,275.4,0.772,272.0,0.531,272.0,0.842,273.1,0.004,13.76,2.0,3.0,0.0,13.56,12.27,352.6,351.9,0.0,0.442,0.506,0.5999999999999999,49.11,62.5,0.225,0.0,16.29,12.94,12.94,12.08,12.75,12.59,12.67,-82.09999999999998,12.75,12.69,67.23,5.246,6.203,5.899,6.275,5.105,5.448,3.582,12042.0,16720.0,16623.0,16953.0,14334.0,14358.0,11638.0,1.834,2.168,2.062,2.193,1.784,1.904,1.252,0.0,349.6,0.0,60.14,0.0,34.82,0.0,5.0,16.0,0.0,0.0,15.55,18.75,16.47,13.47,13.37,0.0,12.72,193.9,14.67,2.0,3.474,-1.0,3.01,5.6,4901
2016-03-31 06:28:00,16.31,18.01,17.46,1113185.0,62.9,59.9,60.0,11.66,43238.0,540.0,96872.0,1069927.0,12.07,-0.911,-5.457000000000001,13.25,0.0,275.0,273.9,275.5,0.772,272.0,0.531,272.0,0.842,273.5,0.001,13.65,2.0,1.0,0.0,13.58,12.13,354.1,353.5,0.0,0.436,0.504,0.587,48.93,61.39,0.225,0.001,16.34,12.94,12.94,12.08,12.75,12.56,12.67,-104.1,12.75,12.66,67.16,5.224,6.15,5.837999999999999,6.2170000000000005,5.047,5.399,3.5410000000000004,12042.0,16720.0,16623.0,16953.0,14334.0,14358.0,11638.0,1.836,2.161,2.051,2.184,1.773,1.897,1.244,0.0,351.4,0.0,60.15,0.0,34.26,0.0,5.0,16.0,0.0,0.0,15.47,18.69,16.42,13.47,13.32,0.0,12.69,166.3,23.45,2.0,3.474,-1.0,3.248,5.9,4901
2016-03-31 06:29:00,16.82,18.45,17.6,1113185.0,62.9,59.9,60.0,11.95,43238.0,540.0,96872.0,1069928.0,12.29,-0.915,-5.4110000000000005,13.42,0.0,274.5,274.0,275.5,0.772,272.0,0.531,272.0,0.842,273.1,0.003,13.76,2.0,3.0,0.0,13.59,12.5,354.2,353.4,0.0,0.445,0.512,0.5999999999999999,49.6,62.58,0.225,0.0,16.4,12.94,12.94,12.08,12.75,12.56,12.67,-82.7,12.75,12.67,68.24,5.368,6.27,5.954,6.295,5.119,5.489,3.616,12042.0,16720.0,16623.0,16953.0,14334.0,14358.0,11638.0,1.885,2.202,2.091,2.21,1.798,1.927,1.27,0.0,351.2,0.0,60.14,0.0,35.3,0.0,5.0,16.0,0.0,0.0,15.69,18.95,16.64,13.42,13.3,0.0,12.7,177.0,21.43,2.0,3.474,-1.0,3.768,7.0,4901
2016-03-31 06:30:00,16.85,18.46,17.6,1113185.0,62.9,59.9,60.0,11.98,43238.0,540.0,96872.0,1069928.0,12.33,-0.916,-5.409,13.46,0.0,275.0,274.0,275.5,0.772,272.0,0.531,272.0,0.842,273.6,0.003,13.76,2.0,3.0,0.0,13.61,12.7,356.6,354.5,0.0,0.452,0.517,0.6099999999999999,49.93,63.24,0.225,0.0,16.45,12.94,12.94,12.08,12.75,12.56,12.67,-104.4,12.75,12.69,68.35,5.358,6.269,5.969,6.292999999999999,5.125,5.489,3.641,12042.0,16720.0,16623.0,16953.0,14334.0,14358.0,11638.0,1.886,2.207,2.101,2.215,1.804,1.932,1.2819999999999998,0.0,352.0,0.0,60.13,0.0,35.63,0.0,5.0,16.0,0.0,0.0,15.71,19.0,16.67,13.46,13.3,0.0,12.68,186.6,17.26,2.0,3.474,-1.0,2.9730000000000003,4.8,4901
2016-03-31 06:31:00,16.86,18.47,17.6,1113185.0,62.9,59.9,60.0,11.97,43238.0,540.0,96872.0,1069928.0,12.36,-0.916,-5.409,13.49,0.0,274.9,273.7,275.3,0.772,272.0,0.531,271.9,0.842,273.2,0.003,13.76,2.0,3.0,0.0,13.61,12.66,354.1,354.9,0.0,0.4699999999999999,0.526,0.644,50.18,65.62,0.225,0.0,16.5,12.94,12.94,12.08,12.8,12.63,12.67,-108.7,12.75,12.66,68.47,5.335,6.266,5.953,6.31,5.151,5.5,3.652,12042.0,16720.0,16623.0,16953.0,14334.0,14358.0,11638.0,1.88,2.208,2.0980000000000003,2.224,1.815,1.938,1.287,0.0,352.4,0.0,60.15,0.0,35.77,0.0,5.0,16.0,0.0,0.0,15.79,19.01,16.7,13.45,13.34,0.0,12.68,193.1,15.44,2.0,3.473,-1.0,3.195,4.9,4901
2016-03-31 06:32:00,17.0,18.61,17.87,1113185.0,62.9,59.9,60.0,12.13,43238.0,540.0,96872.0,1069928.0,12.55,-0.919,-5.377000000000001,13.65,0.0,274.7,274.0,275.4,0.772,272.0,0.531,272.0,0.842,273.0,0.003,13.76,2.0,3.0,0.0,13.64,12.78,355.0,353.3,0.0,0.4879999999999999,0.539,0.679,51.02,69.11,0.225,0.0,16.58,12.94,12.94,12.08,12.82,12.66,12.67,-77.5,12.75,12.74,70.84,5.385,6.384,6.089,6.41,5.233,5.61,3.748,12042.0,16720.0,16623.0,16953.0,14334.0,14358.0,11638.0,1.892,2.2430000000000003,2.14,2.252,1.839,1.971,1.317,0.0,351.4,0.0,60.14,0.0,36.0,0.0,5.0,16.0,0.0,0.0,16.01,19.21,16.87,13.47,13.34,0.0,12.69,180.5,20.92,2.0,3.474,-1.0,2.222,3.6,4901
2016-03-31 06:33:00,17.35,19.08,18.28,1113186.0,62.9,59.9,60.0,12.47,43238.0,540.0,96872.0,1069929.0,12.85,-0.924,-5.332999999999999,13.91,0.0,274.6,274.0,275.4,0.772,272.0,0.531,272.0,0.842,273.1,0.001,13.53,2.0,1.0,0.0,13.66,12.85,354.7,354.1,0.0,0.487,0.5479999999999999,0.6709999999999999,52.13,69.41,0.225,0.001,16.64,12.94,12.94,12.08,12.79,12.64,12.67,-129.9,12.75,12.71,73.98999999999998,5.485,6.496,6.219,6.555,5.341,5.72,3.826,12042.0,16720.0,16623.0,16953.0,14334.0,14358.0,11638.0,1.931,2.287,2.189,2.307,1.88,2.013,1.347,0.0,352.0,0.0,60.15,0.0,36.24,0.0,5.0,16.0,0.0,0.0,16.34,19.54,17.16,13.48,13.3,0.0,12.69,178.6,20.01,2.0,3.47,-1.0,2.462,3.8,4901
2016-03-31 06:34:00,17.7,19.36,18.48,1113186.0,62.9,59.9,60.0,12.7,43238.0,540.0,96872.0,1069929.0,13.09,-0.927,-5.297000000000001,14.12,0.0,274.6,274.1,275.5,0.772,272.0,0.531,272.0,0.842,273.2,0.004,13.76,2.0,3.0,0.0,13.67,13.17,354.6,353.8,0.0,0.477,0.5489999999999999,0.639,53.15,67.03,0.225,0.0,16.69,12.99,12.97,12.1,12.85,12.64,12.67,-129.9,12.75,12.75,73.62,5.5520000000000005,6.606,6.336,6.703,5.453,5.8260000000000005,3.904,12042.0,16720.0,16623.0,16953.0,14334.0,14358.0,11638.0,1.951,2.322,2.227,2.356,1.916,2.048,1.372,0.0,351.5,0.0,60.14,0.0,37.15,0.0,5.0,16.0,0.0,0.0,16.56,19.8,17.39,13.47,13.35,0.0,12.73,189.5,16.26,2.0,3.47,-1.0,3.513,5.5,4901
2016-03-31 06:35:00,17.95,19.82,19.01,1113186.0,62.9,59.9,60.0,13.03,43238.0,540.0,96872.0,1069929.0,13.41,-0.932,-5.23,14.4,0.0,274.6,273.7,275.2,0.772,272.0,0.531,271.8,0.842,273.0,0.003,13.76,2.0,3.0,0.0,13.66,13.9,354.6,353.4,0.0,0.507,0.572,0.689,54.17,71.09,0.225,0.0,16.75,13.05,13.04,12.18,12.85,12.66,12.7,-130.1,12.85,12.77,79.08,5.749,6.7620000000000005,6.473,6.834,5.562,5.9670000000000005,3.975,12042.0,16720.0,16623.0,16953.0,14334.0,14358.0,11638.0,2.02,2.375,2.274,2.401,1.954,2.096,1.396,0.0,351.3,0.0,60.15,0.0,39.22,0.0,5.0,16.0,0.0,0.0,16.92,20.18,17.73,13.49,13.4,0.0,12.78,187.2,20.59,2.0,3.473,-1.0,2.66,4.4,4901
2016-03-31 06:36:00,18.46,20.23,19.37,1113186.0,62.9,59.9,60.0,13.39,43238.0,540.0,96872.0,1069929.0,13.68,-0.935,-5.197,14.63,0.0,274.8,273.7,275.2,0.772,272.0,0.531,272.0,0.842,273.0,0.003,13.76,2.0,3.0,0.0,13.67,14.14,355.3,354.8,0.0,0.518,0.5839999999999999,0.704,55.06,72.56999999999998,0.226,0.0,16.79,13.08,13.09,12.18,12.85,12.66,12.73,-130.0,12.85,12.84,80.9,5.858,6.855,6.584,6.935,5.632000000000001,6.061,4.043,12042.0,16720.0,16623.0,16953.0,14334.0,14359.0,11638.0,2.066,2.417,2.321,2.445,1.986,2.137,1.425,0.0,352.6,0.0,60.15,0.0,39.79,0.0,5.0,16.0,0.0,0.0,17.22,20.47,18.0,13.52,13.41,0.0,12.78,174.8,18.05,2.0,3.474,-1.0,2.628,5.0,4901
2016-03-31 06:37:00,18.64,20.6,19.68,1113187.0,62.9,59.9,60.0,13.63,43238.0,540.0,96872.0,1069929.0,13.99,-0.938,-5.147,14.91,0.0,274.6,273.8,275.3,0.772,272.0,0.531,272.0,0.842,273.0,0.003,13.76,2.0,3.0,0.0,13.68,14.26,355.6,354.7,0.0,0.531,0.5969999999999999,0.7249999999999999,56.14,74.67,0.225,0.0,16.85,13.12,13.13,12.21,12.88,12.69,12.8,-130.7,12.83,12.85,82.9,6.011,7.002999999999999,6.722,7.072,5.755,6.193,4.121,12042.0,16720.0,16623.0,16953.0,14334.0,14359.0,11638.0,2.12,2.47,2.37,2.494,2.03,2.184,1.453,0.0,352.6,0.0,60.15,0.0,40.1,0.0,5.0,16.0,0.0,0.0,17.54,20.83,18.32,13.52,13.43,0.0,12.83,194.1,13.24,2.0,3.474,-1.0,3.567,6.6,4901
2016-03-31 06:38:00,19.18,21.03,20.21,1113187.0,62.9,59.9,60.0,14.05,43239.0,540.0,96872.0,1069930.0,14.35,-0.942,-5.095,15.23,0.0,274.7,273.8,275.2,0.772,272.0,0.531,272.0,0.842,273.0,0.003,13.76,2.0,3.0,0.0,13.71,14.78,355.6,354.8,0.0,0.5489999999999999,0.6139999999999999,0.755,57.3,77.76999999999998,0.225,0.0,16.91,13.15,13.17,12.27,12.95,12.75,12.84,-130.4,12.85,12.91,86.0,6.211,7.138,6.872000000000001,7.213999999999999,5.864,6.325,4.203,12042.0,16720.0,16623.0,16953.0,14334.0,14359.0,11638.0,2.193,2.521,2.426,2.547,2.07,2.233,1.484,0.0,353.1,0.0,60.18,0.0,41.57,0.0,5.0,16.0,0.0,0.0,17.91,21.22,18.68,13.53,13.43,0.0,12.89,187.7,19.32,2.0,3.474,-1.0,3.945,5.6,4901
2016-03-31 06:39:00,19.58,21.42,20.48,1113187.0,62.9,59.9,60.0,14.35,43239.0,540.0,96872.0,1069930.0,14.7,-0.946,-5.061,15.55,0.0,274.5,273.9,275.4,0.772,272.0,0.531,272.0,0.842,273.0,0.002,13.49,2.0,1.0,0.0,13.71,15.36,357.1,356.5,0.0,0.565,0.629,0.778,58.37,80.29999999999998,0.225,0.001,16.98,13.22,13.22,12.27,12.98,12.82,12.87,-130.0,12.93,12.98,89.4,6.414,7.266,6.992000000000001,7.332,5.9670000000000005,6.456,4.26,12042.0,16720.0,16623.0,16953.0,14335.0,14359.0,11638.0,2.274,2.576,2.478,2.599,2.115,2.2880000000000003,1.51,0.0,354.5,0.0,60.22,0.0,43.03,0.0,5.0,16.0,0.0,0.0,18.34,21.61,19.03,13.51,13.41,0.0,12.93,192.8,14.62,2.0,3.474,-1.0,3.5780000000000003,5.3,4901
2016-03-31 06:40:00,20.01,21.77,20.93,1113188.0,62.9,59.9,60.0,14.68,43239.0,540.0,96872.0,1069930.0,15.01,-0.949,-4.988,15.82,0.0,274.7,273.8,275.3,0.772,272.0,0.531,272.0,0.842,273.0,0.003,13.76,2.0,3.0,0.0,13.73,15.69,358.5,357.2,0.0,0.573,0.64,0.7859999999999999,59.4,81.2,0.226,0.0,17.03,13.23,13.23,12.27,13.04,12.85,12.89,-129.6,12.95,13.04,91.2,6.582999999999999,7.3889999999999985,7.11,7.465,6.056,6.569,4.321000000000001,12042.0,16720.0,16623.0,16953.0,14335.0,14359.0,11638.0,2.338,2.625,2.525,2.652,2.151,2.333,1.535,0.0,355.2,0.0,60.16,0.0,43.75,0.0,5.0,16.0,0.0,0.0,18.67,21.94,19.33,13.56,13.42,0.0,12.94,167.8,28.5,2.0,3.474,-1.0,1.832,3.3,4901
2016-03-31 06:41:00,20.45,22.26,21.42,1113188.0,62.9,59.9,60.0,15.08,43239.0,540.0,96872.0,1069930.0,15.35,-0.952,-4.924,16.12,0.0,274.5,273.7,275.1,0.772,272.0,0.531,271.6,0.842,273.0,0.003,13.76,2.0,3.0,0.0,13.73,15.77,358.5,357.9,0.0,0.587,0.654,0.807,60.48,83.2,0.226,0.0,17.09,13.31,13.3,12.29,13.04,12.85,12.9,-129.5,12.96,13.04,94.9,6.7860000000000005,7.546,7.266,7.603,6.158,6.712999999999999,4.4,12042.0,16720.0,16623.0,16953.0,14335.0,14359.0,11638.0,2.4130000000000003,2.6830000000000003,2.583,2.7030000000000003,2.189,2.387,1.564,0.0,355.5,0.0,60.15,0.0,43.98,0.0,5.0,16.0,0.0,0.0,19.04,22.34,19.69,13.56,13.41,0.0,12.98,181.3,10.77,2.0,3.474,-1.0,3.303,5.7,4901
2016-03-31 06:42:00,20.79,22.67,21.74,1113188.0,62.9,59.9,60.0,15.38,43239.0,540.0,96872.0,1069931.0,15.67,-0.955,-4.88,16.41,0.0,274.5,273.7,275.2,0.772,272.0,0.531,271.9,0.842,273.0,0.003,13.76,2.0,3.0,0.0,13.75,16.16,359.0,359.1,0.0,0.6069999999999999,0.672,0.842,61.47,86.4,0.226,0.0,17.17,13.33,13.33,12.37,13.02,12.85,12.99,-129.7,13.04,13.11,99.3,6.988,7.652999999999999,7.381,7.692,6.214,6.825,4.45,12043.0,16720.0,16623.0,16953.0,14335.0,14359.0,11638.0,2.4930000000000003,2.73,2.633,2.744,2.217,2.435,1.587,0.0,356.7,0.0,60.18,0.0,45.03,0.0,5.0,16.0,0.0,0.0,19.41,22.71,20.02,13.58,13.46,0.0,13.03,204.7,34.93,2.0,3.474,-1.0,1.813,3.7,4901
2016-03-31 06:43:00,21.13,22.98,22.1,1113188.0,62.9,59.9,60.0,15.65,43239.0,540.0,96872.0,1069931.0,15.94,-0.957,-4.824,16.66,0.0,274.4,273.7,275.3,0.772,272.0,0.531,271.8,0.842,273.0,0.003,13.76,2.0,3.0,0.0,13.77,16.62,358.4,360.0,0.0,0.6089999999999999,0.6779999999999999,0.839,62.49,86.59999999999998,0.226,0.0,17.17,13.41,13.39,12.4,13.07,12.95,13.05,-129.8,13.04,13.22,99.7,7.066,7.777,7.532999999999999,7.8039999999999985,6.3,6.931,4.523,12043.0,16720.0,16623.0,16953.0,14335.0,14359.0,11638.0,2.525,2.779,2.692,2.789,2.251,2.477,1.616,0.0,357.4,0.0,60.13,0.0,46.38,0.0,5.0,16.0,0.0,0.0,19.68,23.03,20.3,13.59,13.49,0.0,13.1,188.5,20.75,2.0,3.474,-1.0,4.037,7.3,4901
2016-03-31 06:44:00,21.63,23.5,22.61,1113189.0,62.9,59.9,60.0,16.08,43239.0,540.0,96872.0,1069931.0,16.35,-0.96,-4.746,17.03,0.0,274.2,273.7,275.3,0.772,272.0,0.531,271.3,0.842,273.0,0.001,13.44,2.0,1.0,0.0,13.78,17.01,357.4,359.0,0.0,0.637,0.7009999999999998,0.885,63.66,91.2,0.225,0.001,17.27,13.49,13.49,12.47,13.22,13.01,13.07,-129.5,13.14,13.28,105.8,7.407,7.982,7.724,7.962,6.413,7.108,4.597,12043.0,16720.0,16623.0,16953.0,14335.0,14359.0,11638.0,2.642,2.847,2.755,2.84,2.287,2.535,1.64,0.0,356.7,0.0,60.14,0.0,47.59,0.0,5.0,16.0,0.0,0.0,20.14,23.51,20.72,13.66,13.53,0.0,13.18,189.3,14.43,2.0,3.474,-1.0,4.405,6.8,4901
2016-03-31 06:45:00,22.05,23.97,22.97,1113189.0,62.9,59.9,60.0,16.43,43239.0,540.0,96872.0,1069932.0,16.69,-0.963,-4.682,17.34,0.0,274.2,273.6,275.2,0.772,272.0,0.531,271.1,0.842,273.0,0.005,13.76,2.0,3.0,0.0,13.8,17.24,360.8,358.7,0.0,0.654,0.7179999999999999,0.913,64.69,93.7,0.226,0.001,17.35,13.57,13.54,12.55,13.15,13.04,13.17,-108.7,13.24,13.38,109.4,7.649,8.109999999999998,7.882,8.099999999999998,6.509,7.224999999999999,4.632,12043.0,16720.0,16623.0,16953.0,14335.0,14359.0,11638.0,2.732,2.897,2.815,2.894,2.325,2.5810000000000004,1.654,0.0,357.2,0.0,60.13,0.0,47.78,0.0,5.0,16.0,0.0,0.0,20.53,23.89,21.07,13.66,13.53,0.0,13.25,176.0,12.4,2.0,3.474,-1.0,4.268,6.5,4901
2016-03-31 06:46:00,22.69,24.52,23.63,1113189.0,62.9,59.9,60.0,16.94,43239.0,540.0,96872.0,1069932.0,17.18,-0.966,-4.601,17.79,0.0,274.7,273.7,275.2,0.772,272.0,0.531,271.4,0.842,273.0,0.003,13.76,2.0,3.0,0.0,13.81,17.8,359.8,359.7,0.0,0.687,0.745,0.969,66.04,99.1,0.226,0.0,17.36,13.66,13.63,12.61,13.26,13.11,13.25,-129.8,13.27,13.46,116.5,8.099999999999998,8.349999999999998,8.14,8.23,6.617000000000001,7.425,4.7010000000000005,12043.0,16720.0,16623.0,16953.0,14335.0,14359.0,11638.0,2.891,2.9810000000000003,2.905,2.938,2.362,2.65,1.6780000000000002,0.0,357.0,0.0,60.14,0.0,49.48,0.0,5.0,16.0,0.0,0.0,21.07,24.44,21.59,13.65,13.56,0.0,13.33,190.6,14.97,2.0,3.474,-1.0,4.78,8.3,4901
2016-03-31 06:47:00,23.23,25.09,24.14,1113190.0,62.9,59.9,60.0,17.38,43239.0,540.0,96872.0,1069932.0,17.61,-0.968,-4.533,18.18,0.0,274.6,273.6,275.1,0.772,272.0,0.531,271.0,0.842,273.0,0.003,13.76,2.0,3.0,0.0,13.83,18.45,361.2,360.3,0.0,0.717,0.77,1.019,67.25,103.8,0.226,0.0,17.44,13.76,13.71,12.66,13.33,13.19,13.3,-130.4,13.32,13.59,122.7,8.47,8.519999999999998,8.3,8.34,6.716,7.569,4.725,12043.0,16720.0,16623.0,16953.0,14335.0,14359.0,11638.0,3.031,3.05,2.972,2.985,2.404,2.71,1.6909999999999998,0.0,358.0,0.0,60.13,0.0,51.09,0.0,5.0,16.0,0.0,0.0,21.59,24.93,22.06,13.72,13.6,0.0,13.42,183.7,12.71,2.0,3.474,-1.0,3.378,6.0,4901
2016-03-31 06:48:00,23.54,25.43,24.39,1113190.0,62.9,59.9,60.0,17.63,43239.0,540.0,96872.0,1069932.0,17.86,-0.97,-4.503,18.42,0.0,274.5,273.7,275.2,0.772,272.0,0.531,271.5,0.842,273.0,0.003,13.76,2.0,3.0,0.0,13.85,18.7,362.6,361.6,0.0,0.729,0.782,1.035,68.08,105.4,0.226,0.0,17.52,13.87,13.81,12.64,13.33,13.24,13.34,-129.7,13.35,13.68,124.5,8.55,8.63,8.42,8.4,6.7,7.661,4.761,12043.0,16720.0,16623.0,16953.0,14335.0,14359.0,11638.0,3.075,3.104,3.027,3.018,2.4090000000000003,2.754,1.712,0.0,359.5,0.0,60.14,0.0,51.58,0.0,5.0,16.0,0.0,0.0,21.88,25.2,22.33,13.73,13.62,0.0,13.5,192.0,16.07,2.0,3.473,-1.0,3.137,4.6,4901
2016-03-31 06:49:00,23.58,25.58,24.5,1113190.0,62.9,59.9,60.0,17.72,43239.0,540.0,96872.0,1069933.0,17.96,-0.97,-4.485,18.51,0.0,274.3,273.8,275.3,0.772,272.0,0.531,271.7,0.842,273.0,0.003,13.76,2.0,3.0,0.0,13.88,18.64,361.1,362.4,0.0,0.7229999999999999,0.7809999999999999,1.021,68.53,104.4,0.226,0.0,17.56,13.92,13.9,12.74,13.34,13.24,13.39,-129.3,13.43,13.75,122.5,8.5,8.699999999999998,8.42,8.47,6.749,7.697,4.756,12043.0,16720.0,16623.0,16953.0,14335.0,14359.0,11638.0,3.06,3.132,3.032,3.047,2.4290000000000003,2.77,1.712,0.0,359.9,0.0,60.14,0.0,51.64,0.0,5.0,16.0,0.0,0.0,21.96,25.33,22.43,13.75,13.63,0.0,13.56,178.5,13.64,2.0,3.474,-1.0,2.762,4.2,4901
2016-03-31 06:50:00,23.88,25.79,24.86,1113191.0,62.9,59.9,60.0,17.96,43239.0,540.0,96872.0,1069933.0,18.15,-0.971,-4.453,18.69,0.0,274.4,273.6,275.2,0.772,272.0,0.531,271.2,0.842,273.0,0.001,13.43,2.0,1.0,0.0,13.89,18.81,362.5,361.6,0.0,0.7259999999999999,0.787,1.025,69.28,105.1,0.226,0.001,17.62,13.97,13.93,12.75,13.44,13.32,13.42,-129.3,13.43,13.81,123.0,8.57,8.83,8.57,8.54,6.801,7.784,4.809,12043.0,16720.0,16623.0,16953.0,14335.0,14359.0,11638.0,3.08,3.175,3.0810000000000004,3.07,2.445,2.799,1.729,0.0,359.6,0.0,60.15,0.0,51.89,0.0,5.0,16.0,0.0,0.0,22.2,25.57,22.64,13.79,13.61,0.0,13.6,179.0,14.7,2.0,3.473,-1.0,3.457,6.7,4901
2016-03-31 06:51:00,24.06,26.03,24.97,1113191.0,62.9,59.9,60.0,18.11,43240.0,540.0,96872.0,1069933.0,18.33,-0.972,-4.415,18.85,0.0,274.5,273.5,275.1,0.772,272.0,0.531,271.0,0.842,273.0,0.004,13.76,2.0,3.0,0.0,13.9,19.04,362.7,361.3,0.0,0.7319999999999999,0.795,1.034,69.94,106.1,0.226,0.0,17.68,14.05,14.05,12.76,13.49,13.33,13.47,-129.8,13.49,13.88,124.1,8.67,8.949999999999998,8.679999999999998,8.59,6.844,7.878999999999999,4.837,12043.0,16720.0,16623.0,16953.0,14335.0,14359.0,11638.0,3.116,3.218,3.12,3.089,2.46,2.832,1.7380000000000002,0.0,359.4,0.0,60.15,0.0,52.5,0.0,5.0,16.0,0.0,0.0,22.39,25.77,22.86,13.78,13.65,0.0,13.66,177.7,22.87,2.0,3.474,-1.0,3.087,5.4,4901
2016-03-31 06:52:00,24.14,26.19,25.24,1113191.0,62.9,59.9,60.0,18.27,43240.0,540.0,96872.0,1069934.0,18.47,-0.973,-4.398,18.99,0.0,274.6,273.8,275.2,0.772,272.0,0.531,271.7,0.842,273.0,0.003,13.76,2.0,3.0,0.0,13.94,19.37,361.6,361.4,0.0,0.7379999999999999,0.8009999999999999,1.041,70.35,106.8,0.226,0.0,17.75,14.04,14.09,12.8,13.52,13.41,13.52,-129.3,13.52,13.96,124.7,8.699999999999998,9.08,8.79,8.66,6.861000000000001,7.952,4.862,12043.0,16720.0,16623.0,16953.0,14335.0,14359.0,11638.0,3.1260000000000003,3.263,3.159,3.109,2.464,2.8560000000000003,1.746,0.0,359.2,0.0,60.15,0.0,53.59,0.0,5.0,16.0,0.0,0.0,22.52,25.91,23.0,13.8,13.67,0.0,13.71,178.8,22.15,2.0,3.474,-1.0,1.578,2.8,4901
2016-03-31 06:53:00,24.2,26.13,25.28,1113192.0,62.9,59.9,60.0,18.27,43240.0,540.0,96872.0,1069934.0,18.46,-0.973,-4.39,18.97,0.0,274.7,273.6,275.0,0.772,272.0,0.531,271.2,0.842,273.0,0.003,13.76,2.0,3.0,0.0,13.97,19.36,363.1,361.5,0.0,0.7329999999999999,0.7959999999999999,1.031,70.33,106.0,0.226,0.0,17.78,14.09,14.13,12.83,13.57,13.43,13.57,-129.7,13.56,14.0,123.4,8.56,9.19,8.81,8.65,6.825,7.9529999999999985,4.852,12043.0,16720.0,16623.0,16953.0,14335.0,14360.0,11638.0,3.08,3.306,3.168,3.112,2.455,2.861,1.745,0.0,359.7,0.0,60.14,0.0,53.34,0.0,5.0,16.0,0.0,0.0,22.52,25.91,23.0,13.83,13.67,0.0,13.75,193.8,23.19,2.0,3.474,-1.0,4.612,7.4,4901
2016-03-31 06:54:00,24.12,26.08,25.13,1113192.0,62.9,59.9,60.0,18.19,43240.0,540.0,96872.0,1069934.0,18.41,-0.973,-4.405,18.93,0.0,274.2,273.8,275.3,0.772,272.0,0.531,271.2,0.842,273.0,0.003,13.76,2.0,3.0,0.0,13.98,19.36,363.7,361.8,0.0,0.7259999999999999,0.792,1.018,70.21,104.7,0.226,0.0,17.84,14.15,14.19,12.84,13.61,13.5,13.57,-129.1,13.62,14.02,121.3,8.48,9.23,8.76,8.679999999999998,6.804,7.897,4.803,12043.0,16720.0,16623.0,16953.0,14335.0,14360.0,11638.0,3.05,3.32,3.151,3.124,2.448,2.842,1.7280000000000002,0.0,359.8,0.0,60.14,0.0,53.23,0.0,5.0,16.0,0.0,0.0,22.46,25.85,22.94,13.8,13.67,0.0,13.77,185.9,30.4,2.0,3.474,-1.0,2.557,4.7,4901
2016-03-31 06:55:00,23.86,25.81,24.78,1113192.0,62.9,59.9,60.0,17.95,43240.0,540.0,96872.0,1069935.0,18.16,-0.971,-4.455,18.7,0.0,274.5,273.8,275.3,0.772,272.0,0.531,271.7,0.842,273.0,-0.0139999999999999,13.65,2.0,1.0,0.0,14.0,19.06,361.7,362.3,0.0,0.7049999999999998,0.778,0.98,69.53,101.0,0.225,0.001,17.91,14.16,14.19,12.85,13.7,13.57,13.67,-129.2,13.62,14.09,115.9,8.189999999999998,9.14,8.56,8.62,6.763,7.816,4.744,12043.0,16720.0,16623.0,16953.0,14335.0,14360.0,11638.0,2.949,3.292,3.084,3.1060000000000003,2.436,2.815,1.709,0.0,360.2,0.0,60.14,0.0,52.71,0.0,5.0,16.0,0.0,0.0,22.2,25.55,22.67,13.81,13.69,0.0,13.8,190.6,25.62,2.0,3.473,-1.0,2.697,4.7,4901
2016-03-31 06:56:00,23.38,25.2,24.35,1113193.0,62.9,59.9,60.0,17.51,43240.0,540.0,96872.0,1069935.0,17.7,-0.969,-4.526,18.27,0.0,274.2,273.5,275.0,0.772,272.0,0.531,271.0,0.842,273.0,0.02,13.67,2.0,3.0,0.0,14.01,18.75,363.2,363.1,0.0,0.67,0.7509999999999998,0.917,68.39,95.0,0.226,0.0,17.94,14.09,14.19,12.86,13.71,13.56,13.65,-129.5,13.62,14.1,107.8,7.7189999999999985,8.849999999999998,8.31,8.529999999999998,6.676,7.672,4.696000000000001,12043.0,16720.0,16623.0,16953.0,14336.0,14360.0,11638.0,2.784,3.1910000000000003,2.998,3.0780000000000003,2.407,2.767,1.694,0.0,360.6,0.0,60.14,0.0,51.64,0.0,5.0,16.0,0.0,0.0,21.68,25.02,22.2,13.87,13.7,0.0,13.79,183.6,24.01,2.0,3.473,-1.0,2.717,4.4,4901
2016-03-31 06:57:00,23.49,25.4,24.41,1113193.0,62.9,59.9,60.0,17.61,43240.0,540.0,96872.0,1069935.0,17.83,-0.969,-4.52,18.4,0.0,274.5,273.6,275.1,0.772,272.0,0.531,271.3,0.842,273.0,0.003,13.76,2.0,3.0,0.0,14.04,18.89,361.9,360.5,0.0,0.677,0.7559999999999998,0.929,68.63,96.3,0.226,0.0,17.99,14.09,14.15,12.85,13.76,13.59,13.75,-129.2,13.67,14.1,109.5,7.922999999999998,9.0,8.429999999999998,8.65,6.763,7.737,4.709,12043.0,16720.0,16623.0,16953.0,14336.0,14360.0,11638.0,2.838,3.222,3.02,3.1,2.422,2.7710000000000004,1.6869999999999998,0.0,358.2,0.0,60.14,0.0,52.19,0.0,5.0,16.0,0.0,0.0,21.81,25.17,22.33,13.83,13.69,0.0,13.77,198.4,14.37,2.0,3.474,-1.0,4.183,7.1,4901
2016-03-31 06:58:00,23.54,25.54,24.45,1113193.0,62.9,59.9,60.0,17.69,43240.0,540.0,96872.0,1069935.0,17.92,-0.97,-4.518,18.49,0.0,274.6,273.9,275.5,0.772,272.0,0.531,272.0,0.842,273.0,0.003,13.76,2.0,3.0,0.0,14.06,19.07,361.6,360.9,0.0,0.684,0.762,0.944,68.73,97.6,0.226,0.0,18.04,14.09,14.12,12.85,13.81,13.62,13.78,-129.1,13.72,14.09,111.3,8.0,9.090000000000002,8.48,8.689999999999998,6.707000000000001,7.787,4.672,12043.0,16720.0,16623.0,16953.0,14336.0,14360.0,11638.0,2.87,3.26,3.043,3.116,2.406,2.794,1.676,0.0,358.7,0.0,60.15,0.0,52.74,0.0,5.0,16.0,0.0,0.0,21.91,25.27,22.4,13.84,13.69,0.0,13.77,185.9,31.52,2.0,3.474,-1.0,2.452,5.1,4901
2016-03-31 06:59:00,23.51,25.52,24.42,1113194.0,62.9,59.9,60.0,17.68,43240.0,540.0,96872.0,1069936.0,17.91,-0.969,-4.532,18.47,0.0,274.9,273.9,275.4,0.772,272.0,0.531,272.0,0.842,273.0,0.003,13.76,2.0,3.0,0.0,14.07,19.0,361.6,361.3,0.0,0.685,0.762,0.947,68.66,97.7,0.226,0.0,18.12,14.09,14.09,12.91,13.89,13.65,13.86,-128.8,13.77,14.1,111.6,8.029999999999998,9.05,8.439999999999998,8.689999999999998,6.689,7.767,4.607,12044.0,16720.0,16623.0,16953.0,14336.0,14360.0,11638.0,2.882,3.25,3.033,3.12,2.402,2.79,1.655,0.0,359.2,0.0,60.18,0.0,52.55,0.0,5.0,16.0,0.0,0.0,21.89,25.23,22.4,13.84,13.69,0.0,13.76,181.1,16.24,2.0,3.474,-1.0,3.877,6.8,4901
2016-03-31 07:00:00,23.61,25.6,24.63,1113194.0,62.9,59.9,60.0,17.79,43240.0,540.0,96872.0,1069936.0,17.99,-0.97,-4.524,18.55,0.0,274.8,273.9,275.5,0.772,272.0,0.531,272.0,0.842,273.2,0.003,13.76,2.0,3.0,0.0,14.09,19.14,361.8,360.7,0.0,0.691,0.768,0.956,68.87,98.6,0.226,0.0,18.15,14.09,14.09,12.94,13.92,13.75,13.86,-128.8,13.81,14.1,112.5,8.08,9.14,8.519999999999998,8.74,6.663,7.837999999999998,4.603,12044.0,16720.0,16623.0,16953.0,14336.0,14360.0,11638.0,2.901,3.279,3.06,3.136,2.392,2.814,1.652,0.0,359.0,0.0,60.17,0.0,52.91,0.0,5.0,16.0,0.0,0.0,21.99,25.33,22.49,13.86,13.68,0.0,13.76,182.8,21.02,2.0,3.474,-1.0,3.268,5.2,4901
2016-03-31 07:01:00,23.79,25.83,24.86,1113194.0,62.9,59.9,60.0,17.95,43240.0,540.0,96872.0,1069936.0,18.16,-0.971,-4.468,18.7,0.0,274.5,273.6,275.1,0.772,271.9,0.531,271.3,0.842,273.0,0.001,13.44,2.0,1.0,0.0,14.11,19.47,361.9,360.7,0.0,0.698,0.777,0.969,69.57,99.6,0.226,0.001,18.21,14.09,14.09,12.94,13.96,13.74,13.88,-128.9,13.86,14.1,113.5,8.179999999999998,9.2,8.58,8.87,6.735,7.892,4.594,12044.0,16720.0,16623.0,16953.0,14336.0,14360.0,11638.0,2.937,3.301,3.079,3.1830000000000003,2.417,2.833,1.649,0.0,358.9,0.0,60.15,0.0,53.81,0.0,5.0,16.0,0.0,0.0,22.2,25.55,22.69,13.85,13.7,0.0,13.77,185.9,18.46,2.0,3.474,-1.0,3.99,6.2,4901
2016-03-31 07:02:00,23.25,25.27,24.29,1113195.0,62.9,59.9,60.0,17.47,43240.0,540.0,96872.0,1069937.0,17.66,-0.969,-4.538,18.24,0.0,274.1,273.6,275.0,0.772,272.0,0.531,271.0,0.842,273.0,0.004,13.76,2.0,3.0,0.0,14.13,18.96,364.5,363.7,0.0,0.677,0.758,0.935,68.06,95.9,0.226,0.0,18.26,14.09,14.11,12.94,14.0,13.76,13.98,-128.9,13.94,14.1,108.8,7.779,8.82,8.3,8.67,6.488,7.677,4.457,12044.0,16720.0,16623.0,16953.0,14336.0,14360.0,11638.0,2.813,3.1910000000000003,3.0010000000000003,3.134,2.346,2.776,1.612,0.0,361.6,0.0,60.14,0.0,52.02,0.0,5.0,16.0,0.0,0.0,21.66,25.01,22.18,13.88,13.74,0.0,13.78,198.9,18.21,2.0,3.474,-1.0,3.857,5.8,4901
2016-03-31 07:03:00,22.83,24.73,23.83,1113195.0,62.9,59.9,60.0,17.09,43240.0,540.0,96872.0,1069937.0,17.33,-0.966,-4.6080000000000005,17.94,0.0,274.7,273.5,275.0,0.772,272.0,0.531,271.1,0.842,273.0,0.003,13.76,2.0,3.0,0.0,14.15,18.78,364.2,362.7,0.0,0.66,0.7419999999999999,0.904,67.17,92.7,0.226,0.0,18.33,14.09,14.09,12.96,14.08,13.81,14.01,-129.0,14.0,14.1,104.7,7.547,8.64,8.13,8.609999999999998,6.453,7.571,4.41,12044.0,16720.0,16623.0,16953.0,14336.0,14360.0,11638.0,2.725,3.12,2.937,3.109,2.33,2.734,1.5930000000000002,0.0,361.1,0.0,60.15,0.0,51.57,0.0,5.0,16.0,0.0,0.0,21.25,24.59,21.81,13.87,13.73,0.0,13.78,196.1,19.21,2.0,3.474,-1.0,3.73,6.7,4901
2016-03-31 07:04:00,23.16,25.2,24.3,1113195.0,62.9,59.9,60.0,17.43,43241.0,540.0,96872.0,1069937.0,17.64,-0.968,-4.555,18.22,0.0,274.4,273.4,274.9,0.772,272.0,0.531,271.0,0.842,273.0,0.003,13.76,2.0,3.0,0.0,14.16,18.97,360.6,359.5,0.0,0.6729999999999999,0.757,0.924,68.15,94.7,0.226,0.0,18.33,14.09,14.09,13.01,14.08,13.81,14.06,-102.9,14.0,14.1,106.4,7.776,8.91,8.37,8.859999999999998,6.617000000000001,7.742000000000002,4.503,12044.0,16720.0,16623.0,16953.0,14336.0,14360.0,11638.0,2.781,3.188,2.9930000000000003,3.167,2.367,2.769,1.61,0.0,357.7,0.0,60.14,0.0,52.61,0.0,5.0,16.0,0.0,0.0,21.6,24.97,22.16,13.87,13.71,0.0,13.76,181.5,18.15,2.0,3.473,-1.0,3.59,5.8,4901
2016-03-31 07:05:00,23.56,25.56,24.59,1113196.0,62.9,59.9,60.0,17.72,43241.0,540.0,96872.0,1069937.0,17.92,-0.97,-4.511,18.48,0.0,274.4,273.5,275.0,0.772,272.0,0.531,271.0,0.842,273.0,0.003,13.76,2.0,3.0,0.0,14.18,19.46,360.8,359.5,0.0,0.693,0.773,0.961,68.84,98.0,0.226,0.0,18.42,14.09,14.09,13.04,14.09,13.81,14.06,-127.8,14.0,14.1,111.3,8.05,9.11,8.54,9.06,6.558,7.832,4.442,12044.0,16720.0,16623.0,16953.0,14336.0,14360.0,11638.0,2.88,3.257,3.057,3.24,2.346,2.802,1.589,0.0,357.8,0.0,60.15,0.0,53.94,0.0,5.0,16.0,0.0,0.0,21.9,25.3,22.47,13.88,13.7,0.0,13.77,189.7,13.29,2.0,3.473,-1.0,3.96,7.3,4901
2016-03-31 07:06:00,23.63,25.73,24.74,1113196.0,62.9,59.9,60.0,17.88,43241.0,540.0,96872.0,1069938.0,18.06,-0.97,-4.513,18.62,0.0,275.1,274.0,275.6,0.772,272.4,0.531,271.9,0.842,273.9,0.011,13.53,2.0,1.0,0.0,14.2,19.82,361.3,360.2,0.0,0.697,0.7809999999999999,0.964,69.71,98.2,0.225,0.0,18.45,14.11,14.12,13.04,14.09,13.82,14.1,-129.1,14.05,14.1,111.1,8.029999999999998,9.14,8.58,9.19,6.547999999999999,7.832999999999998,4.4830000000000005,12044.0,16720.0,16623.0,16953.0,14336.0,14360.0,11638.0,2.879,3.278,3.076,3.294,2.347,2.8080000000000003,1.607,0.0,358.5,0.0,60.15,0.0,54.85,0.0,5.0,16.0,0.0,0.0,22.01,25.42,22.58,13.86,13.71,0.0,13.78,191.5,14.67,2.0,3.474,-1.0,4.707,8.3,4901
2016-03-31 07:07:00,22.39,24.46,23.49,1113196.0,62.9,59.9,60.0,16.85,43241.0,540.0,96872.0,1069938.0,17.07,-0.964,-4.685,17.71,0.0,275.4,274.2,275.8,0.772,273.0,0.531,272.0,0.842,274.0,-0.005,13.53,2.0,1.0,0.0,14.21,18.57,362.7,362.1,0.0,0.631,0.7309999999999999,0.8359999999999999,67.56,86.2,0.226,0.001,18.52,14.09,14.12,13.11,14.09,13.82,14.06,-128.7,14.1,14.1,97.4,7.039,8.41,8.01,8.609999999999998,6.621,7.536,4.561,12044.0,16720.0,16623.0,16953.0,14336.0,14360.0,11638.0,2.536,3.029,2.885,3.102,2.386,2.715,1.644,0.0,360.4,0.0,60.15,0.0,51.2,0.0,5.0,16.0,0.0,0.0,20.9,24.26,21.52,13.86,13.73,0.0,13.77,197.0,16.19,2.0,3.474,-1.0,5.877999999999999,8.4,4901
2016-03-31 07:08:00,24.88,26.98,25.94,1113197.0,62.9,59.9,60.0,18.92,43241.0,540.0,96872.0,1069938.0,19.06,-0.975,-4.345,19.55,0.0,275.1,274.3,275.8,0.772,272.7,0.531,272.0,0.842,274.0,0.003,13.76,2.0,3.0,0.0,14.24,20.74,357.0,356.5,0.0,0.7340000000000001,0.822,1.01,72.9,103.1,0.226,0.0,18.56,14.11,14.12,13.13,14.11,13.86,14.11,-128.4,14.1,14.1,116.7,8.63,9.75,9.12,9.94,6.957999999999999,8.33,4.658,12044.0,16720.0,16623.0,16953.0,14336.0,14360.0,11638.0,3.056,3.4560000000000004,3.2310000000000003,3.52,2.466,2.9530000000000003,1.651,0.0,354.5,0.0,60.14,0.0,58.11,0.0,5.0,16.0,0.0,0.0,23.12,26.57,23.65,13.87,13.75,0.0,13.79,200.9,12.7,2.0,3.474,-1.0,5.102,7.2,4901
2016-03-31 07:09:00,25.85,27.98,26.98,1113197.0,62.9,59.9,60.0,19.77,43241.0,540.0,96872.0,1069939.0,19.9,-0.978,-4.206,20.34,0.0,275.1,274.3,275.9,0.772,273.0,0.531,272.0,0.842,274.0,0.003,13.76,2.0,3.0,0.0,14.25,21.59,354.5,353.7,0.0,0.782,0.8659999999999999,1.089,75.62999999999998,110.6,0.226,0.0,18.6,14.19,14.19,13.13,14.19,13.92,14.18,-129.0,14.15,14.16,126.7,9.19,10.29,9.63,10.61,7.063,8.679999999999998,4.721,12044.0,16720.0,16623.0,16953.0,14336.0,14360.0,11638.0,3.232,3.623,3.388,3.732,2.486,3.053,1.662,0.0,352.0,0.0,60.14,0.0,60.94,0.0,5.0,16.0,0.0,0.0,24.06,27.55,24.58,13.88,13.76,0.0,13.84,186.0,15.74,2.0,3.474,-1.0,3.905,7.0,4901
2016-03-31 07:10:00,25.54,27.65,26.64,1113197.0,62.9,59.9,60.0,19.49,43241.0,540.0,96872.0,1069939.0,19.61,-0.976,-4.275,20.08,0.0,275.3,274.2,275.8,0.772,273.0,0.531,272.0,0.842,274.0,0.003,13.76,2.0,3.0,0.0,14.27,21.35,360.7,359.1,0.0,0.762,0.8529999999999999,1.0490000000000002,75.29999999999998,106.6,0.226,0.0,18.66,14.25,14.28,13.22,14.29,13.96,14.25,-129.1,14.2,14.2,119.6,8.75,9.93,9.28,10.27,7.053,8.48,4.69,12044.0,16720.0,16623.0,16953.0,14336.0,14361.0,11638.0,3.1260000000000003,3.55,3.3160000000000003,3.672,2.523,3.032,1.6769999999999998,0.0,357.7,0.0,60.2,0.0,59.24,0.0,5.0,16.0,0.0,0.0,23.81,27.21,24.28,13.93,13.78,0.0,13.89,183.8,17.14,2.0,3.473,-1.0,3.987,5.8,4901
2016-03-31 07:11:00,28.35,30.5,29.45,1113198.0,62.9,59.9,60.0,21.85,43241.0,540.0,96872.0,1069939.0,21.9,-0.985,-3.868,22.24,0.0,275.2,274.2,275.7,0.772,272.8,0.531,272.0,0.842,273.9,0.003,13.76,2.0,3.0,0.0,14.3,23.89,359.0,358.2,0.0,0.8640000000000001,0.951,1.212,82.29999999999998,123.1,0.226,0.0,18.71,14.31,14.31,13.23,14.3,14.03,14.28,-128.9,14.25,14.26,140.7,10.13,11.25,10.48,11.73,7.402,9.38,4.9110000000000005,12044.0,16721.0,16623.0,16953.0,14336.0,14361.0,11638.0,3.604,4.004,3.729,4.176,2.635,3.338,1.7480000000000002,0.0,355.9,0.0,60.15,0.0,66.53,0.0,5.0,16.0,0.0,0.0,26.39,29.92,26.78,13.96,13.76,0.0,13.93,183.1,16.11,2.0,3.474,-1.0,4.002,6.7,4901
2016-03-31 07:12:00,29.83,31.94,30.93,1113198.0,62.9,59.9,60.0,23.08,43241.0,540.0,96872.0,1069940.0,23.08,-0.988,-3.653,23.37,0.0,275.1,274.4,276.0,0.772,272.8,0.531,272.0,0.842,274.0,0.002,13.49,2.0,3.0,0.0,14.31,24.95,360.0,359.5,0.0,0.912,1.0,1.285,86.29999999999998,130.5,0.226,0.001,18.68,14.43,14.43,13.31,14.45,14.14,14.42,-129.1,14.36,14.41,149.8,10.7,11.86,10.99,12.36,7.602,9.840000000000002,5.012,12044.0,16721.0,16623.0,16953.0,14336.0,14361.0,11638.0,3.828,4.242,3.93,4.42,2.719,3.5210000000000004,1.793,0.0,357.7,0.0,60.13,0.0,69.31,0.0,5.0,16.0,0.0,0.0,27.77,31.32,28.1,13.98,13.82,0.0,14.06,183.2,12.81,2.0,3.474,-1.0,3.062,5.2,4901
2016-03-31 07:13:00,31.15,33.33,32.25,1113199.0,62.9,59.9,60.0,24.2,43241.0,540.0,96872.0,1069940.0,24.17,-0.99,-3.468,24.42,0.0,275.3,274.3,275.8,0.772,272.6,0.531,272.0,0.842,273.8,0.003,13.76,2.0,3.0,0.0,14.33,25.98,361.6,361.7,0.0,0.954,1.044,1.345,90.0,136.8,0.2269999999999999,0.0,18.76,14.57,14.57,13.33,14.59,14.29,14.59,-128.8,14.48,14.52,157.0,11.16,12.37,11.47,12.89,7.848,10.29,5.157,12044.0,16721.0,16623.0,16954.0,14337.0,14361.0,11638.0,4.012,4.445,4.122,4.631,2.82,3.696,1.853,0.0,359.4,0.0,60.13,0.0,71.86,0.0,5.0,16.0,0.0,0.0,29.06,32.61,29.35,13.99,13.84,0.0,14.16,201.2,23.66,2.0,3.474,-1.0,2.815,4.8,4901
2016-03-31 07:14:00,31.45,33.63,32.64,1113199.0,62.9,59.9,60.0,24.47,43241.0,540.0,96872.0,1069941.0,24.45,-0.99,-3.4210000000000003,24.69,0.0,275.4,274.3,275.7,0.772,272.4,0.531,272.0,0.842,273.7,0.003,13.76,2.0,3.0,0.0,14.35,26.5,363.3,361.8,0.0,0.954,1.053,1.334,91.7,136.0,0.2269999999999999,0.0,18.8,14.65,14.67,13.42,14.69,14.38,14.68,-128.1,14.58,14.58,155.3,11.12,12.45,11.55,12.93,8.099999999999998,10.44,5.305,12044.0,16721.0,16623.0,16954.0,14337.0,14361.0,11638.0,4.004,4.484,4.159,4.655,2.918,3.76,1.91,0.0,360.2,0.0,60.14,0.0,72.98,0.0,5.0,16.0,0.0,0.0,29.4,32.92,29.68,13.98,13.86,0.0,14.24,196.8,17.11,2.0,3.474,-1.0,5.16,8.3,4901
2016-03-31 07:15:00,32.07,34.24,33.21,1113200.0,62.9,59.9,60.0,24.99,43241.0,540.0,96872.0,1069941.0,24.96,-0.991,-3.347,25.19,0.0,275.1,274.5,276.0,0.772,272.9,0.531,272.0,0.842,274.0,0.003,13.76,2.0,3.0,0.0,14.37,27.17,359.6,358.8,0.0,0.968,1.074,1.339,94.3,137.0,0.2269999999999999,0.0,18.85,14.74,14.76,13.52,14.79,14.48,14.76,-106.5,14.69,14.69,156.3,11.22,12.73,11.95,13.26,8.48,10.76,5.621,12044.0,16721.0,16623.0,16954.0,14337.0,14361.0,11638.0,4.004,4.542,4.263999999999999,4.731,3.025,3.837,2.005,0.0,356.7,0.0,60.15,0.0,75.54999999999998,0.0,5.0,16.0,0.0,0.0,30.0,33.54,30.25,14.02,13.86,0.0,14.3,199.2,13.66,2.0,3.474,-1.0,4.767,7.1,4901
2016-03-31 07:16:00,34.31,36.55,35.49,1113200.0,62.9,59.9,60.0,26.9,43241.0,540.0,96872.0,1069941.0,26.8,-0.993,-3.052,26.98,0.0,275.1,274.6,276.0,0.772,273.0,0.531,272.0,0.842,274.0,0.003,13.76,2.0,3.0,0.0,14.4,29.24,361.1,360.0,0.0,1.04,1.15,1.444,100.5,147.8,0.2269999999999999,0.0,18.88,14.83,14.81,13.61,14.9,14.58,14.89,-106.9,14.81,14.81,168.6,12.11,13.63,12.72,14.22,8.89,11.47,5.824,12044.0,16721.0,16623.0,16954.0,14337.0,14361.0,11638.0,4.338,4.881,4.558,5.093,3.1860000000000004,4.1080000000000005,2.086,0.0,358.3,0.0,60.22,0.0,81.0,0.0,5.0,16.0,0.0,0.0,32.18,35.72,32.37,14.03,13.9,0.0,14.42,191.2,13.41,2.0,3.474,-1.0,3.663,6.6,4901
2016-03-31 07:17:00,36.92,39.19,38.12,1113200.0,62.9,59.9,60.0,29.08,43241.0,540.0,96872.0,1069942.0,28.95,-0.996,-2.679,29.07,0.0,275.4,274.4,275.8,0.772,272.6,0.531,272.0,0.842,273.8,-0.002,13.53,2.0,1.0,0.0,14.42,31.57,358.9,357.8,0.0,1.13,1.243,1.577,108.2,161.6,0.2269999999999999,0.001,18.9,15.02,15.0,13.71,15.07,14.75,15.07,-128.0,14.95,14.98,183.8,13.35,14.87,13.82,15.53,9.45,12.4,6.147,12045.0,16721.0,16623.0,16954.0,14337.0,14361.0,11638.0,4.752,5.289,4.918,5.525,3.363,4.412,2.187,0.0,355.8,0.0,60.19,0.0,88.0,0.0,5.0,16.0,0.0,0.0,34.71,38.36,34.86,14.06,13.91,0.0,14.57,184.2,10.39,2.0,3.473,-1.0,3.67,8.4,4901
2016-03-31 07:18:00,39.69,41.96,40.89,1113201.0,62.9,59.9,60.0,31.43,43241.0,540.0,96872.0,1069942.0,31.16,-0.997,-2.305,31.25,0.0,275.6,274.6,276.0,0.772,273.0,0.531,272.0,0.842,274.0,0.0069999999999999,13.53,2.0,3.0,0.0,14.45,33.85,359.9,358.2,0.0,1.21,1.328,1.6880000000000002,115.9,173.6,0.228,0.001,19.01,15.16,15.13,13.84,15.25,14.9,15.29,-128.4,15.09,15.14,196.9,14.34,15.95,14.82,16.67,10.12,13.35,6.506,12045.0,16721.0,16623.0,16954.0,14337.0,14361.0,11638.0,5.118,5.693,5.287000000000001,5.947,3.613,4.762,2.322,0.0,356.8,0.0,60.14,0.0,94.1,0.0,5.0,16.0,0.0,0.0,37.29,41.03,37.4,14.1,13.91,0.0,14.7,199.7,16.65,2.0,3.473,-1.0,3.928,7.0,4901
2016-03-31 07:19:00,43.11,45.47,44.37,1113202.0,62.9,59.9,60.0,34.32,43241.0,540.0,96872.0,1069943.0,33.97,-0.999,-1.821,34.02,0.0,275.3,274.6,276.0,0.772,272.9,0.531,272.0,0.842,274.0,0.003,13.76,2.0,3.0,0.0,14.47,36.87,358.8,357.1,0.0,1.3159999999999998,1.442,1.843,125.6,189.4,0.228,0.0,18.99,15.36,15.36,13.97,15.48,15.11,15.46,-127.5,15.29,15.37,215.6,15.73,17.38,16.14,18.16,11.07,14.59,6.9510000000000005,12045.0,16721.0,16624.0,16954.0,14337.0,14361.0,11639.0,5.596,6.184,5.743,6.461,3.938,5.189,2.4730000000000003,0.0,355.8,0.0,60.14,0.0,102.8,0.0,5.0,16.0,0.0,0.0,40.66,44.48,40.73,14.15,13.96,0.0,14.86,188.3,12.37,2.0,3.474,-1.0,3.607,5.6,4901
2016-03-31 07:20:00,46.51,48.87,47.73,1113202.0,62.9,59.9,60.0,37.17,43241.0,540.0,96872.0,1069944.0,36.66,-0.999,-1.357,36.69,0.0,275.4,274.7,276.1,0.772,273.0,0.531,272.0,0.842,274.0,0.003,13.76,2.0,3.0,0.0,14.5,39.6,360.0,359.2,0.0,1.402,1.535,1.955,135.1,202.9,0.228,0.0,19.07,15.61,15.58,14.14,15.71,15.33,15.73,-127.3,15.5,15.59,230.2,16.86,18.68,17.36,19.51,12.04,15.74,7.468,12045.0,16722.0,16624.0,16954.0,14337.0,14361.0,11639.0,6.024,6.675,6.205,6.975,4.304,5.625,2.67,0.0,357.5,0.0,60.14,0.0,110.0,0.0,5.0,16.0,0.0,0.0,43.91,47.81,43.93,14.18,13.98,0.0,15.07,183.1,21.08,2.0,3.473,-1.0,3.937,7.8,4901
2016-03-31 07:21:00,50.08,52.45,51.28,1113203.0,62.9,59.9,60.0,40.14,43241.0,540.0,96872.0,1069944.0,39.61,-1.0,-0.8629999999999999,39.63,0.0,275.2,274.7,276.1,0.772,272.7,0.531,272.0,0.842,274.0,0.003,13.76,2.0,3.0,0.0,14.53,42.69,358.7,357.3,0.0,1.509,1.65,2.11,145.1,218.8,0.2289999999999999,0.0,19.14,15.84,15.84,14.37,15.99,15.59,16.0,-127.9,15.73,15.87,250.6,18.12,20.07,18.7,21.13,13.2,17.19,7.933,12045.0,16722.0,16624.0,16955.0,14337.0,14361.0,11639.0,6.449,7.143,6.659,7.522,4.7,6.119,2.825,0.0,356.1,0.0,60.15,0.0,119.1,0.0,5.0,16.0,0.0,0.0,47.47,51.47,47.44,14.25,13.99,0.0,15.27,192.5,9.29,2.0,3.474,-1.0,5.002,7.5,4901
2016-03-31 07:22:00,46.19,48.52,47.39,1113204.0,62.9,59.9,60.0,36.89,43241.0,540.0,96872.0,1069945.0,36.43,-0.999,-1.411,36.47,0.0,275.4,274.7,276.1,0.772,273.0,0.531,272.0,0.842,274.0,0.003,13.76,2.0,3.0,0.0,14.56,39.38,359.2,357.8,0.0,1.334,1.506,1.804,136.8,187.5,0.2289999999999999,0.0,19.18,16.0,15.96,14.53,16.18,15.76,16.2,-127.0,15.93,16.07,209.2,15.58,18.02,17.02,18.72,13.33,15.81,8.449999999999998,12045.0,16722.0,16624.0,16955.0,14337.0,14361.0,11639.0,5.547999999999999,6.417999999999999,6.06,6.666,4.748,5.629,3.009,0.0,356.2,0.0,60.23,0.0,109.7,0.0,5.0,16.0,0.0,0.0,43.66,47.53,43.65,14.18,13.99,0.0,15.39,182.3,16.21,2.0,3.474,-1.0,3.985,5.5,4901
2016-03-31 07:23:00,58.01,60.38,59.19,1113204.0,62.9,59.9,60.0,46.78,43241.0,540.0,96872.0,1069946.0,46.09,0.2,0.2129999999999999,46.09,0.0,275.1,274.7,276.2,0.772,272.3,0.531,272.0,0.842,274.0,0.002,13.59,2.0,1.0,0.0,14.6,49.56,359.5,358.5,0.0,1.707,1.873,2.3680000000000003,167.4,248.6,0.2289999999999999,0.001,19.27,16.19,16.17,14.72,16.4,15.94,16.43,-126.8,16.14,16.27,281.7,20.86,23.17,21.5,24.17,16.09,20.05,9.24,12045.0,16722.0,16624.0,16955.0,14337.0,14362.0,11639.0,7.446,8.269999999999998,7.676,8.63,5.743,7.157,3.297,0.0,356.9,0.0,60.22,0.0,137.8,0.0,5.0,16.0,0.0,0.0,55.35,59.5,55.24,14.23,14.05,0.0,15.61,198.8,11.67,2.0,3.474,-1.0,3.625,5.4,4901
2016-03-31 07:24:00,58.2,60.56,59.41,1113205.0,62.9,59.9,60.0,46.94,43241.0,540.0,96872.0,1069946.0,46.43,0.467,0.268,46.45,0.0,275.4,274.6,276.1,0.772,272.2,0.531,272.0,0.842,273.9,0.003,13.76,2.0,3.0,0.0,14.63,49.88,366.0,365.2,0.0,1.715,1.889,2.389,167.0,246.2,0.23,0.0,19.33,16.62,16.59,15.0,16.8,16.32,16.88,-126.4,16.49,16.68,277.4,19.69,22.33,20.9,23.69,16.25,19.86,9.2,12045.0,16722.0,16624.0,16955.0,14337.0,14362.0,11639.0,7.149,8.099999999999998,7.587,8.599999999999998,5.898,7.208999999999999,3.338,0.0,363.0,0.0,60.24,0.0,136.3,0.0,5.0,16.0,0.0,0.0,55.78,59.88,55.65,14.28,14.1,0.0,15.93,192.9,14.16,2.0,3.474,-1.0,4.753,6.5,4901
2016-03-31 07:25:00,55.72,58.06,56.95,1113206.0,62.9,59.9,60.0,44.85,43241.0,540.0,96872.0,1069947.0,43.97,0.1,-0.163,43.99,0.0,275.2,274.7,276.1,0.772,272.1,0.531,272.0,0.842,273.7,0.003,13.76,2.0,3.0,0.0,14.67,47.7,364.4,363.5,0.0,1.592,1.766,2.162,161.4,229.2,0.2289999999999999,0.0,19.38,16.64,16.64,15.14,16.96,16.45,16.96,-126.3,16.6,16.84,258.1,19.32,21.72,20.24,22.53,16.21,19.24,9.28,12045.0,16722.0,16624.0,16955.0,14337.0,14362.0,11639.0,6.983,7.853,7.316,8.14,5.862,6.956,3.358,0.0,361.9,0.0,60.16,0.0,131.0,0.0,5.0,16.0,0.0,0.0,52.85,56.89,52.78,14.32,14.1,0.0,15.93,195.5,17.34,2.0,3.474,-1.0,4.475,7.1,4901
2016-03-31 07:26:00,66.49,68.9,67.72,1113207.0,62.9,59.9,60.0,53.88,43241.0,540.0,96872.0,1069948.0,53.02,0.933,1.3259999999999998,53.04,0.0,275.1,274.6,276.1,0.772,272.0,0.531,272.0,0.842,273.3,0.003,13.76,2.0,3.0,0.0,14.71,57.05,362.8,361.7,0.0,1.944,2.117,2.716,188.4,284.5,0.23,0.0,19.46,17.01,16.94,15.36,17.24,16.66,17.28,-126.5,16.93,17.08,322.9,23.57,26.07,24.11,27.4,19.28,23.32,9.78,12046.0,16722.0,16624.0,16955.0,14337.0,14362.0,11639.0,8.49,9.39,8.679999999999998,9.87,6.945,8.4,3.522,0.0,360.2,0.0,60.14,0.0,157.3,0.0,5.0,16.0,0.0,0.0,63.82,68.13,63.72,14.37,14.19,0.0,16.25,174.4,36.08,2.0,3.474,-1.0,3.198,5.5,4901
2016-03-31 07:27:00,71.6,74.12,72.90999999999998,1113208.0,62.9,59.9,60.0,58.24,43241.0,540.0,96872.0,1069949.0,57.38,0.999,2.021,57.41,0.0,275.3,274.7,276.2,0.772,272.0,0.531,272.0,0.842,273.7,0.003,13.76,2.0,3.0,0.0,14.75,61.62,362.8,361.6,0.0,2.11,2.286,2.971,202.2,310.3,0.231,0.0,19.54,17.39,17.33,15.67,17.69,17.15,17.71,-125.4,17.22,17.52,350.3,25.71,28.18,25.86,29.66,20.99,25.3,10.01,12046.0,16722.0,16625.0,16955.0,14338.0,14362.0,11639.0,9.27,10.15,9.32,10.69,7.562,9.12,3.608,0.0,360.3,0.0,60.15,0.0,169.8,0.0,5.0,16.0,0.0,0.0,69.1,73.54,69.0,14.45,14.24,0.0,16.63,180.8,9.38,2.0,3.474,-1.0,4.117,8.099999999999998,4901
2016-03-31 07:28:00,74.01999999999998,76.59999999999998,75.34999999999998,1113209.0,62.9,59.9,60.0,60.28,43241.0,540.0,96872.0,1069950.0,59.3,0.999,2.359,59.34,0.0,275.4,274.6,276.1,0.772,272.1,0.531,272.0,0.842,273.4,-0.016,13.55,2.0,1.0,0.0,14.8,63.78,370.0,368.7,0.0,2.158,2.338,3.037,207.2,317.4,0.231,0.001,19.6,17.81,17.77,15.96,18.17,17.62,18.14,-124.6,17.61,17.97,358.1,25.89,28.34,26.01,30.01,21.73,25.87,10.06,12046.0,16723.0,16625.0,16956.0,14338.0,14362.0,11639.0,9.51,10.41,9.56,11.02,7.981,9.5,3.693,0.0,367.4,0.0,60.14,0.0,172.4,0.0,5.0,16.0,0.0,0.0,71.46,75.93,71.33,14.56,14.33,0.0,16.99,191.7,23.96,2.0,3.474,-1.0,3.867,7.4,4901
2016-03-31 07:29:00,74.95999999999998,77.43,76.23,1113210.0,62.9,59.9,60.0,61.03,43241.0,540.0,96872.0,1069951.0,60.07,0.999,2.479,60.12,0.0,275.6,274.7,276.2,0.772,272.2,0.531,272.0,0.842,273.6,0.021,13.7,2.0,3.0,0.0,14.85,64.41,367.2,366.8,0.0,2.178,2.359,3.06,210.1,320.7,0.2319999999999999,0.0,19.67,18.0,17.97,16.18,18.46,17.9,18.44,-124.3,17.85,18.27,360.2,26.3,28.85,26.4,30.49,22.54,26.38,10.19,12046.0,16723.0,16625.0,16956.0,14338.0,14362.0,11639.0,9.61,10.54,9.65,11.14,8.24,9.64,3.722,0.0,365.4,0.0,60.14,0.0,175.4,0.0,5.0,16.0,0.0,0.0,72.37999999999998,76.87999999999998,72.26999999999998,14.58,14.3,0.0,17.13,188.5,11.77,2.0,3.474,-1.0,4.805,7.599999999999999,4901
2016-03-31 07:30:00,77.04,79.44,78.23999999999998,1113211.0,62.9,59.9,60.0,62.74,43241.0,540.0,96872.0,1069952.0,61.72,0.999,2.765,61.78,0.0,275.6,274.7,276.2,0.772,272.1,0.531,272.0,0.842,274.0,0.003,13.76,2.0,3.0,0.0,14.9,66.55,369.6,367.8,0.0,2.228,2.4130000000000003,3.13,215.2,328.3,0.2319999999999999,0.0,19.76,18.26,18.19,16.42,18.82,18.15,18.77,-124.3,18.13,18.59,368.3,26.85,29.4,26.96,31.12,23.47,27.15,10.32,12046.0,16723.0,16625.0,16956.0,14338.0,14363.0,11639.0,9.83,10.77,9.87,11.4,8.599999999999998,9.94,3.78,0.0,366.3,0.0,60.14,0.0,180.1,0.0,5.0,16.0,0.0,0.0,74.40999999999998,78.92,74.25,14.59,14.34,0.0,17.31,189.6,16.23,2.0,3.473,-1.0,4.303,7.7,4901
2016-03-31 07:31:00,75.73999999999998,78.15,76.98,1113212.0,62.9,59.9,60.0,61.65,43241.0,540.0,96872.0,1069953.0,60.74,0.999,2.593,60.79,0.0,275.2,274.7,276.2,0.772,272.0,0.531,272.0,0.842,273.6,0.003,13.76,2.0,3.0,0.0,14.96,65.29,370.1,369.9,0.0,2.174,2.3680000000000003,3.0380000000000003,212.3,318.9,0.2319999999999999,0.0,19.83,18.64,18.67,16.68,19.19,18.5,19.17,-124.1,18.52,18.97,357.6,25.95,28.56,26.16,30.28,23.34,26.71,10.33,12046.0,16723.0,16625.0,16956.0,14338.0,14363.0,11639.0,9.56,10.52,9.64,11.16,8.599999999999998,9.840000000000002,3.805,0.0,368.5,0.0,60.15,0.0,176.5,0.0,5.0,16.0,0.0,0.0,73.23999999999998,77.7,73.06999999999998,14.7,14.48,0.0,17.68,189.5,18.88,2.0,3.473,-1.0,2.962,5.1,4901
2016-03-31 07:32:00,75.15,77.43,76.29,1113213.0,62.9,59.9,60.0,61.1,43241.0,540.0,96872.0,1069954.0,60.1,0.999,2.48,60.15,0.0,275.5,274.8,276.2,0.772,272.1,0.531,272.0,0.842,273.8,0.003,13.76,2.0,3.0,0.0,15.02,64.77,371.6,371.0,0.0,2.145,2.338,2.995,210.3,315.3,0.231,0.0,19.91,18.78,18.8,16.89,19.43,18.7,19.37,-124.0,18.73,19.18,350.4,25.62,28.12,25.77,29.81,23.29,26.39,10.21,12047.0,16723.0,16625.0,16956.0,14338.0,14363.0,11639.0,9.46,10.39,9.52,11.01,8.599999999999998,9.75,3.771,0.0,369.4,0.0,60.13,0.0,174.3,0.0,5.0,16.0,0.0,0.0,72.45999999999998,76.84999999999998,72.28,14.77,14.49,0.0,17.75,189.5,19.55,2.0,3.474,-1.0,4.162,7.1,4901
2016-03-31 07:33:00,72.78,75.12999999999998,73.98999999999998,1113214.0,62.9,59.9,60.0,59.27,43241.0,540.0,96872.0,1069955.0,58.32,0.999,2.154,58.36,0.0,275.8,275.3,276.8,0.772,273.0,0.531,272.2,0.842,274.0,0.003,13.76,2.0,3.0,0.0,15.08,63.0,371.5,371.4,0.0,2.068,2.261,2.8760000000000003,204.4,303.0,0.231,0.0,19.97,18.89,18.94,17.04,19.63,18.87,19.54,-123.2,18.89,19.38,337.7,24.68,27.11,24.98,28.87,23.0,25.63,10.1,12047.0,16723.0,16625.0,16957.0,14338.0,14363.0,11639.0,9.1,10.0,9.21,10.65,8.48,9.45,3.728,0.0,369.0,0.0,60.14,0.0,169.7,0.0,5.0,16.0,0.0,0.0,70.17,74.51,70.01,14.89,14.53,0.0,17.78,163.6,28.41,2.0,3.474,-1.0,3.573,6.4,4901
2016-03-31 07:34:00,72.18,74.56,73.43,1113215.0,62.9,59.9,60.0,58.79,43241.0,540.0,96872.0,1069956.0,57.89,0.999,2.0780000000000003,57.92,0.0,276.4,275.0,276.5,0.772,273.0,0.531,272.3,0.842,274.0,0.001,13.54,2.0,1.0,0.0,15.14,62.71,368.9,365.8,0.0,2.044,2.237,2.841,202.7,299.8,0.231,0.001,20.05,18.95,18.91,17.12,19.7,18.98,19.55,-123.9,18.82,19.54,333.3,24.58,27.17,25.04,28.84,23.23,25.72,10.13,12047.0,16723.0,16625.0,16957.0,14338.0,14363.0,11639.0,8.98,9.920000000000002,9.15,10.53,8.48,9.4,3.701,0.0,365.4,0.0,60.12,0.0,170.0,0.0,5.0,16.0,0.0,0.0,69.59,73.98999999999998,69.48,14.97,14.5,0.0,17.84,168.0,18.94,2.0,3.473,-1.0,2.937,5.0,4901
2016-03-31 07:35:00,70.25,72.67,71.53,1113216.0,62.9,59.9,60.0,57.17,43241.0,540.0,96872.0,1069957.0,56.33,0.999,1.815,56.36,0.0,275.9,275.1,276.6,0.772,273.0,0.531,272.4,0.842,274.0,0.003,13.72,2.0,3.0,0.0,15.2,60.8,366.2,365.6,0.0,1.985,2.176,2.749,198.0,290.7,0.231,0.0,20.15,18.99,18.94,17.24,19.79,19.1,19.58,-102.1,18.93,19.68,321.4,23.82,26.33,24.37,28.01,22.94,25.09,9.97,12047.0,16724.0,16625.0,16957.0,14339.0,14363.0,11639.0,8.689999999999998,9.61,8.89,10.22,8.37,9.15,3.638,0.0,364.9,0.0,60.14,0.0,166.1,0.0,5.0,16.0,0.0,0.0,67.7,72.03,67.6,14.91,14.5,0.0,17.89,191.4,18.1,2.0,3.473,-1.0,3.892,5.8,4901
2016-03-31 07:36:00,66.81,69.13,68.06,1113217.0,62.9,59.9,60.0,54.28,43241.0,540.0,96872.0,1069958.0,53.47,1.0,1.348,53.49,0.0,275.9,275.2,276.7,0.772,273.0,0.531,272.7,0.842,274.0,0.003,13.72,2.0,3.0,0.0,15.27,57.87,369.8,369.9,0.0,1.869,2.063,2.572,188.7,271.9,0.231,0.0,20.2,18.86,18.88,17.15,19.72,19.01,19.58,-122.7,18.9,19.62,302.1,22.22,24.57,22.89,26.2,21.61,23.59,9.73,12047.0,16724.0,16626.0,16957.0,14339.0,14364.0,11640.0,8.179999999999998,9.05,8.429999999999998,9.65,7.958999999999999,8.689999999999998,3.582,0.0,368.3,0.0,60.14,0.0,156.5,0.0,5.0,16.0,0.0,0.0,64.21,68.42,64.12,14.88,14.38,0.0,17.75,179.5,19.36,2.0,3.474,-1.0,4.487,7.9,4901
2016-03-31 07:37:00,66.06,68.38,67.29,1113218.0,62.9,59.9,60.0,53.63,43241.0,540.0,96872.0,1069959.0,52.8,1.0,1.254,52.81,0.0,276.1,275.2,276.6,0.772,273.0,0.531,272.5,0.842,274.0,0.003,13.72,2.0,3.0,0.0,15.33,57.61,366.5,364.2,0.0,1.846,2.04,2.531,187.6,268.5,0.231,0.0,20.31,18.83,18.82,17.16,19.74,19.0,19.53,-123.4,18.95,19.6,296.4,22.25,25.0,23.08,26.15,21.74,23.83,9.920000000000002,12047.0,16724.0,16626.0,16957.0,14339.0,14364.0,11640.0,8.08,9.07,8.38,9.49,7.8889999999999985,8.65,3.6,0.0,363.0,0.0,60.14,0.0,157.3,0.0,5.0,16.0,0.0,0.0,63.4,67.63,63.32,14.95,14.48,0.0,17.76,180.3,21.22,2.0,3.474,-1.0,2.882,5.0,4901
2016-03-31 07:38:00,71.3,73.73,72.54,1113219.0,62.9,59.9,60.0,58.04,43241.0,540.0,96872.0,1069960.0,57.12,0.999,1.955,57.15,0.0,275.8,275.1,276.7,0.772,273.0,0.531,272.2,0.842,274.0,0.002,13.72,2.0,3.0,0.0,15.39,62.24,361.6,360.8,0.0,2.004,2.201,2.772,201.0,294.0,0.231,0.0,20.4,18.99,18.96,17.26,19.79,19.07,19.67,-123.9,19.03,19.69,323.7,24.45,27.23,25.11,28.74,23.84,26.11,10.13,12047.0,16724.0,16626.0,16957.0,14339.0,14364.0,11640.0,8.779999999999998,9.78,9.02,10.32,8.56,9.38,3.639,0.0,359.2,0.0,60.14,0.0,173.2,0.0,5.0,16.0,0.0,0.0,68.64,73.06,68.56,14.95,14.55,0.0,17.94,188.7,19.69,2.0,3.474,-1.0,3.898,5.7,4901
2016-03-31 07:39:00,70.79,73.11,72.05,1113220.0,62.9,59.9,60.0,57.59,43241.0,540.0,96872.0,1069961.0,56.76,0.999,1.878,56.79,0.0,275.9,275.2,276.6,0.772,273.0,0.531,272.4,0.842,274.0,-0.024,13.32,2.0,1.0,0.0,15.45,62.76,368.6,367.4,0.0,1.98,2.177,2.736,198.8,289.7,0.231,0.001,20.55,18.84,18.88,17.28,19.79,18.99,19.68,-123.5,19.01,19.71,321.1,23.76,26.46,24.39,27.92,23.19,25.77,9.88,12048.0,16724.0,16626.0,16957.0,14339.0,14364.0,11640.0,8.689999999999998,9.68,8.92,10.21,8.48,9.43,3.615,0.0,365.8,0.0,60.13,0.0,170.3,0.0,5.0,16.0,0.0,0.0,68.24,72.56999999999998,68.13,14.91,14.48,0.0,17.85,192.8,13.35,2.0,3.474,-1.0,5.952000000000001,8.4,4901
2016-03-31 07:40:00,55.72,57.9,56.9,1113221.0,62.9,59.9,60.0,44.85,43241.0,540.0,96872.0,1069961.0,44.34,-0.267,-0.13,44.35,0.0,275.7,274.9,276.4,0.772,273.0,0.531,272.1,0.842,274.0,0.0279999999999999,13.32,2.0,1.0,0.0,15.51,49.8,379.2,378.3,0.0,1.588,1.783,2.146,164.6,225.9,0.231,0.001,20.71,18.78,18.68,17.26,19.73,18.8,19.58,-122.9,18.97,19.56,245.4,17.42,19.71,18.65,21.03,17.33,18.91,8.83,12048.0,16724.0,16626.0,16958.0,14339.0,14364.0,11640.0,6.555,7.417999999999998,7.02,7.915,6.522,7.114,3.326,0.0,376.7,0.0,60.13,0.0,131.5,0.0,5.0,16.0,0.0,0.0,53.19,57.13,53.12,15.01,14.59,0.0,17.81,181.6,17.86,2.0,3.473,-1.0,2.145,4.5,4901
2016-03-31 07:41:00,48.55,50.87,49.84,1113221.0,62.9,59.9,60.0,38.89,43242.0,540.0,96872.0,1069962.0,38.35,-1.0,-1.106,38.37,0.0,275.3,274.8,276.2,0.772,273.0,0.531,272.3,0.842,274.0,0.004,13.72,2.0,3.0,0.0,15.57,43.51,371.5,370.1,0.0,1.348,1.54,1.775,145.6,188.7,0.2289999999999999,0.0,20.9,18.45,18.43,17.16,19.52,18.59,19.34,-123.1,18.88,19.38,202.6,15.22,17.78,16.86,18.6,15.36,16.59,8.96,12048.0,16724.0,16626.0,16958.0,14339.0,14364.0,11640.0,5.601,6.542000000000001,6.205,6.847,5.655,6.106,3.299,0.0,368.2,0.0,60.14,0.0,117.2,0.0,5.0,16.0,0.0,0.0,45.92,49.79,45.94,15.05,14.54,0.0,17.53,191.8,17.62,2.0,3.474,-1.0,3.125,5.3,4901
2016-03-31 07:42:00,54.53,56.95,55.83,1113222.0,62.9,59.9,60.0,43.98,43242.0,540.0,96872.0,1069963.0,43.33,-0.5329999999999999,-0.288,43.33,0.0,275.9,275.1,276.4,0.772,273.0,0.531,273.0,0.842,274.0,0.003,13.72,2.0,3.0,0.0,15.62,48.34,355.1,354.5,0.0,1.506,1.702,2.011,159.9,214.7,0.23,0.0,21.03,18.23,18.16,17.07,19.29,18.4,19.18,-97.4,18.69,19.09,233.6,18.17,21.06,19.81,21.93,18.17,19.82,9.62,12048.0,16724.0,16626.0,16958.0,14339.0,14364.0,11640.0,6.41,7.429999999999999,6.988,7.736,6.408,6.989,3.395,0.0,352.9,0.0,60.15,0.0,136.2,0.0,5.0,16.0,0.0,0.0,51.81,55.94,51.83,14.98,14.53,0.0,17.39,191.3,14.25,2.0,3.474,-1.0,4.37,7.8,4901
2016-03-31 07:43:00,54.74,57.15,56.05,1113223.0,62.9,59.9,60.0,44.15,43242.0,540.0,96872.0,1069963.0,43.62,0.0,-0.263,43.63,0.0,275.7,275.1,276.5,0.772,273.0,0.531,273.0,0.842,274.0,0.003,13.72,2.0,3.0,0.0,15.67,48.55,359.7,358.4,0.0,1.517,1.714,2.03,159.8,215.1,0.23,0.0,21.27,18.01,18.01,16.97,19.13,18.27,19.07,-71.71,18.52,18.92,233.2,17.86,20.67,19.46,21.7,18.03,19.6,9.46,12048.0,16725.0,16626.0,16958.0,14339.0,14365.0,11640.0,6.38,7.385,6.9510000000000005,7.752,6.439,7.002000000000001,3.381,0.0,357.6,0.0,60.17,0.0,135.1,0.0,5.0,16.0,0.0,0.0,52.19,56.28,52.19,14.95,14.46,0.0,17.13,174.9,15.56,2.0,3.474,-1.0,4.255,6.3,4901
2016-03-31 07:44:00,46.44,48.77,47.73,1113223.0,62.9,59.9,60.0,37.14,43242.0,540.0,96872.0,1069964.0,36.7,-0.999,-1.4240000000000002,36.72,0.0,275.5,274.9,276.3,0.772,273.0,0.531,272.8,0.842,274.0,0.003,13.72,2.0,3.0,0.0,15.72,41.42,367.4,366.9,0.0,1.275,1.469,1.666,139.2,176.6,0.2289999999999999,0.0,21.46,17.64,17.62,16.86,18.85,17.98,18.68,-124.8,18.26,18.64,189.6,14.36,17.05,16.35,17.8,14.74,15.89,9.02,12048.0,16725.0,16627.0,16958.0,14340.0,14365.0,11640.0,5.239,6.221,5.964,6.493,5.377000000000001,5.797000000000001,3.289,0.0,364.9,0.0,60.22,0.0,112.8,0.0,5.0,16.0,0.0,0.0,43.9,47.73,43.96,14.92,14.38,0.0,16.77,176.4,17.19,2.0,3.474,-1.0,4.953,9.3,4901
2016-03-31 07:45:00,49.75,52.2,51.1,1113224.0,62.9,59.9,60.0,39.99,43242.0,540.0,96872.0,1069965.0,39.46,-1.0,-0.964,39.47,0.0,275.8,275.0,276.5,0.772,273.0,0.531,273.0,0.842,274.0,0.001,13.54,2.0,1.0,0.0,15.76,44.07,355.1,354.9,0.0,1.3730000000000002,1.568,1.806,148.2,192.2,0.2289999999999999,0.001,21.61,17.36,17.42,16.67,18.51,17.71,18.37,-124.0,17.84,18.34,205.5,16.2,19.09,18.06,19.83,16.48,17.73,9.49,12048.0,16725.0,16627.0,16958.0,14340.0,14365.0,11640.0,5.72,6.739,6.376,7.002000000000001,5.818,6.259,3.3510000000000004,0.0,353.1,0.0,60.23,0.0,124.1,0.0,5.0,16.0,0.0,0.0,47.15,51.15,47.2,14.86,14.42,0.0,16.56,203.1,23.5,2.0,3.474,-1.0,3.528,5.6,4901
2016-03-31 07:46:00,52.41,54.8,53.68,1113225.0,62.9,59.9,60.0,42.15,43242.0,540.0,96872.0,1069965.0,41.53,-1.0,-0.5979999999999999,41.54,0.0,275.8,274.8,276.2,0.772,273.0,0.531,272.8,0.842,274.0,0.005,13.72,2.0,3.0,0.0,15.83,46.36,360.5,359.3,0.0,1.442,1.638,1.905,154.1,202.6,0.23,0.0,21.84,17.35,17.29,16.63,18.38,17.58,18.23,-81.29999999999998,17.76,18.23,217.0,16.97,19.81,18.68,20.66,17.16,18.54,9.53,12048.0,16725.0,16627.0,16958.0,14340.0,14365.0,11640.0,6.069,7.085,6.68,7.3889999999999985,6.1370000000000005,6.632000000000001,3.409,0.0,357.6,0.0,60.2,0.0,128.6,0.0,5.0,16.0,0.0,0.0,49.67,53.73,49.7,14.86,14.48,0.0,16.54,201.2,18.43,2.0,3.474,-1.0,3.728,6.6,4901
2016-03-31 07:47:00,54.74,57.16,56.0,1113226.0,62.9,59.9,60.0,44.13,43242.0,540.0,96872.0,1069966.0,43.5,-0.933,-0.278,43.5,0.0,275.9,274.8,276.4,0.772,273.0,0.531,272.9,0.842,274.0,0.003,13.72,2.0,3.0,0.0,15.87,48.26,358.8,357.3,0.0,1.511,1.7080000000000002,2.004,160.3,213.4,0.23,0.0,22.07,17.29,17.27,16.59,18.32,17.47,18.25,-78.94,17.76,18.1,229.5,17.94,20.81,19.58,21.74,18.07,19.58,9.66,12048.0,16725.0,16627.0,16958.0,14340.0,14365.0,11640.0,6.392,7.411,6.976,7.742000000000002,6.437,6.976,3.4410000000000003,0.0,356.2,0.0,60.2,0.0,134.5,0.0,5.0,16.0,0.0,0.0,52.04,56.18,52.03,14.82,14.53,0.0,16.52,192.6,20.29,2.0,3.474,-1.0,4.695,9.6,4901
2016-03-31 07:48:00,52.49,54.79,53.73,1113226.0,62.9,59.9,60.0,42.19,43242.0,540.0,96872.0,1069967.0,41.7,-0.967,-0.563,41.7,0.0,275.5,275.0,276.4,0.772,273.0,0.531,273.0,0.842,274.0,0.003,13.72,2.0,3.0,0.0,15.9,46.42,367.8,366.0,0.0,1.454,1.652,1.921,154.6,203.2,0.23,0.0,22.24,17.22,17.2,16.56,18.22,17.4,18.1,-124.8,17.68,18.0,217.2,16.57,19.3,18.35,20.34,16.81,18.18,9.41,12049.0,16725.0,16627.0,16958.0,14340.0,14365.0,11640.0,6.033,7.026,6.683,7.407,6.121,6.618,3.427,0.0,364.5,0.0,60.14,0.0,126.3,0.0,5.0,16.0,0.0,0.0,49.9,53.92,49.87,14.85,14.51,0.0,16.42,198.3,20.8,2.0,3.474,-1.0,4.492,9.1,4901
2016-03-31 07:49:00,48.12,50.48,49.39,1113227.0,62.9,59.9,60.0,38.52,43242.0,540.0,96872.0,1069967.0,38.01,-1.0,-1.16,38.03,0.0,275.5,274.5,276.0,0.772,273.0,0.531,272.3,0.842,274.0,0.003,13.72,2.0,3.0,0.0,15.93,42.43,367.1,366.8,0.0,1.329,1.527,1.734,144.0,183.6,0.2289999999999999,0.0,22.39,17.09,17.09,16.46,18.04,17.32,17.95,-103.9,17.58,17.91,195.0,15.06,17.79,16.89,18.5,15.34,16.49,9.26,12049.0,16725.0,16627.0,16959.0,14340.0,14365.0,11640.0,5.487,6.484,6.154,6.742000000000001,5.59,6.011,3.374,0.0,364.7,0.0,60.14,0.0,115.7,0.0,5.0,16.0,0.0,0.0,45.48,49.41,45.51,14.83,14.47,0.0,16.31,181.8,14.66,2.0,3.474,-1.0,5.858,9.7,4901
2016-03-31 07:50:00,57.15,59.56,58.39,1113228.0,62.9,59.9,60.0,46.1,43242.0,540.0,96872.0,1069968.0,45.36,0.233,0.039,45.37,0.0,275.5,274.8,276.2,0.772,273.0,0.531,272.2,0.842,274.0,0.004,13.72,2.0,3.0,0.0,15.97,49.94,348.1,345.7,0.0,1.615,1.811,2.144,169.9,228.9,0.23,0.0,22.6,17.11,17.08,16.45,17.98,17.33,17.92,-125.5,17.52,17.84,244.7,19.62,22.64,21.2,23.55,19.59,21.13,10.01,12049.0,16725.0,16627.0,16959.0,14340.0,14365.0,11640.0,6.765,7.808,7.309999999999999,8.12,6.755,7.286,3.4530000000000003,0.0,345.1,0.0,60.15,0.0,143.6,0.0,5.0,16.0,0.0,0.0,54.35,58.54,54.33,14.84,14.49,0.0,16.41,184.4,12.53,2.0,3.474,-1.0,2.9530000000000003,5.5,4901
2016-03-31 07:51:00,67.77,70.24,69.06,1113229.0,62.9,59.9,60.0,55.06,43242.0,540.0,96872.0,1069969.0,54.28,1.0,1.425,54.3,0.0,275.5,275.0,276.6,0.772,273.0,0.531,272.3,0.842,274.0,-0.0139999999999999,13.26,2.0,1.0,0.0,16.0,59.36,342.1,341.3,0.0,1.965,2.166,2.656,200.7,283.4,0.2339999999999999,0.002,22.74,17.58,17.5,16.7,18.36,17.68,18.28,-98.8,17.84,18.21,306.8,24.37,27.44,25.5,28.83,23.95,26.07,10.45,12049.0,16725.0,16627.0,16959.0,14340.0,14366.0,11640.0,8.269999999999998,9.31,8.65,9.78,8.13,8.849999999999998,3.545,0.0,339.2,0.0,60.19,0.0,173.5,0.0,5.0,16.0,0.0,0.0,65.12,69.56,65.11,14.96,14.67,0.0,16.82,187.4,33.12,2.0,,-1.0,2.645,15.3,4901
2016-03-31 07:52:00,69.84,72.31,71.07,1113230.0,62.9,59.9,60.0,56.79,43242.0,540.0,96872.0,1069970.0,56.01,1.0,1.704,56.04,0.0,275.6,275.0,276.6,0.772,273.0,0.531,272.5,0.842,274.0,0.0149999999999999,13.72,2.0,3.0,0.0,16.03,61.28,352.9,351.3,0.0,1.977,2.181,2.672,201.8,284.2,0.231,0.001,22.88,17.93,17.88,16.97,18.77,18.08,18.75,-123.9,18.22,18.52,310.2,23.92,27.17,25.49,28.77,24.0,26.22,10.59,12049.0,16726.0,16627.0,16959.0,14341.0,14366.0,11640.0,8.359999999999998,9.5,8.91,10.05,8.39,9.16,3.704,0.0,349.6,0.0,60.13,0.0,173.7,0.0,5.0,16.0,0.0,0.0,67.28,71.7,67.19,15.0,14.64,0.0,17.09,192.1,17.29,2.0,3.474,-1.0,4.263,7.2,4901
2016-03-31 07:53:00,70.41,72.73999999999998,71.63,1113231.0,62.9,59.9,60.0,57.22,43242.0,540.0,96872.0,1069971.0,56.36,0.899,1.786,56.4,0.0,275.3,275.0,276.6,0.772,273.0,0.531,272.4,0.842,274.0,0.004,13.72,2.0,3.0,0.0,16.06,61.52,360.8,360.8,0.0,1.967,2.166,2.658,200.8,283.3,0.231,0.0,23.01,18.04,17.96,17.09,18.99,18.24,18.97,-102.5,18.35,18.71,309.7,23.71,26.74,24.95,28.33,23.6,25.96,10.38,12049.0,16726.0,16628.0,16959.0,14341.0,14366.0,11641.0,8.519999999999998,9.6,8.96,10.18,8.48,9.32,3.729,0.0,359.1,0.0,60.14,0.0,170.5,0.0,5.0,16.0,0.0,0.0,67.73,72.12999999999998,67.64,14.92,14.57,0.0,17.09,190.7,19.48,2.0,3.474,-1.0,4.033,6.7,4901
2016-03-31 07:54:00,79.4,81.9,80.7,1113232.0,62.9,59.9,60.0,64.84,43242.0,540.0,96872.0,1069972.0,63.79,0.999,3.024,63.87,0.0,275.8,275.0,276.5,0.772,273.0,0.531,272.4,0.842,274.0,0.003,13.72,2.0,3.0,0.0,16.09,69.5,357.0,355.5,0.0,2.247,2.46,3.052,227.1,325.1,0.2319999999999999,0.0,23.11,18.31,18.31,17.33,19.3,18.55,19.31,-123.0,18.67,19.05,353.3,27.69,30.84,28.51,32.48,26.91,29.55,11.0,12049.0,16726.0,16628.0,16959.0,14341.0,14366.0,11641.0,9.82,10.94,10.11,11.52,9.54,10.48,3.9,0.0,354.6,0.0,60.13,0.0,194.7,0.0,5.0,16.0,0.0,0.0,76.76,81.4,76.65,15.06,14.67,0.0,17.44,193.8,18.27,2.0,3.474,-1.0,3.292,5.5,4901
2016-03-31 07:55:00,78.03,80.4,79.25,1113233.0,62.9,59.9,60.0,63.63,43242.0,540.0,96872.0,1069973.0,62.69,0.999,2.839,62.75,0.0,275.7,275.1,276.6,0.772,273.0,0.531,272.3,0.842,274.0,0.003,13.72,2.0,3.0,0.0,16.13,68.52,367.5,366.3,0.0,2.204,2.4090000000000003,3.0,221.6,318.8,0.233,0.0,23.21,18.78,18.71,17.6,19.75,18.98,19.71,-123.3,19.01,19.42,345.4,26.36,29.34,27.07,31.0,25.72,28.4,10.52,12050.0,16726.0,16628.0,16960.0,14341.0,14366.0,11641.0,9.61,10.7,9.87,11.31,9.38,10.36,3.838,0.0,364.9,0.0,60.14,0.0,186.6,0.0,5.0,16.0,0.0,0.0,75.45,79.98,75.31999999999998,15.15,14.81,0.0,17.86,189.8,21.37,2.0,3.474,-1.0,3.7,6.2,4901
2016-03-31 07:56:00,74.86,77.29,76.12999999999998,1113234.0,62.9,59.9,60.0,60.98,43242.0,540.0,96873.0,1069974.0,60.12,0.999,2.415,60.17,0.0,275.9,274.8,276.3,0.772,273.0,0.531,272.0,0.842,274.0,0.003,13.72,2.0,3.0,0.0,16.17,65.67,365.7,365.3,0.0,2.117,2.316,2.883,212.8,306.1,0.2319999999999999,0.0,23.33,19.05,19.0,17.81,20.05,19.22,19.96,-122.5,19.27,19.72,332.1,25.25,28.21,26.07,29.8,24.75,27.37,10.04,12050.0,16726.0,16628.0,16960.0,14341.0,14366.0,11641.0,9.18,10.26,9.48,10.84,9.0,9.95,3.651,0.0,363.9,0.0,60.15,0.0,179.6,0.0,5.0,16.0,0.0,0.0,72.34999999999998,76.81,72.25,15.25,14.84,0.0,18.09,195.9,23.48,2.0,3.474,-1.0,2.378,4.8,4901
2016-03-31 07:57:00,71.59,73.98,72.86,1113235.0,62.9,59.9,60.0,58.26,43242.0,540.0,96873.0,1069975.0,57.42,0.999,1.948,57.45,0.0,275.7,275.0,276.6,0.772,273.0,0.531,272.2,0.842,274.0,0.002,13.48,2.0,3.0,0.0,16.21,63.05,364.9,363.2,0.0,2.022,2.219,2.742,204.7,291.4,0.231,0.0,23.35,19.21,19.18,17.92,20.24,19.38,20.19,-101.4,19.54,19.93,316.4,24.27,27.07,25.17,28.67,23.75,26.14,9.94,12050.0,16726.0,16628.0,16960.0,14341.0,14367.0,11641.0,8.779999999999998,9.8,9.11,10.38,8.599999999999998,9.46,3.5980000000000003,0.0,362.1,0.0,60.15,0.0,172.9,0.0,5.0,16.0,0.0,0.0,68.99,73.4,68.92,15.21,14.84,0.0,18.14,201.3,14.5,2.0,3.474,-1.0,3.47,4.8,4901
2016-03-31 07:58:00,71.37,73.76,72.65999999999998,1113236.0,62.9,59.9,60.0,58.08,43242.0,540.0,96873.0,1069976.0,57.25,0.999,1.917,57.28,0.0,275.8,274.9,276.5,0.772,273.0,0.531,272.2,0.842,274.0,0.003,13.72,2.0,3.0,0.0,16.26,62.99,367.6,366.7,0.0,2.018,2.221,2.732,205.2,290.3,0.2319999999999999,0.0,23.43,19.21,19.24,18.0,20.34,19.44,20.27,-101.3,19.65,20.04,312.6,23.76,26.72,24.87,28.3,23.44,25.74,10.09,12050.0,16726.0,16628.0,16960.0,14341.0,14367.0,11641.0,8.66,9.74,9.07,10.32,8.54,9.38,3.679,0.0,364.5,0.0,60.13,0.0,171.4,0.0,5.0,16.0,0.0,0.0,68.79,73.17,68.73,15.23,14.74,0.0,18.07,180.5,16.16,2.0,3.474,-1.0,3.897,6.4,4901
2016-03-31 07:59:00,75.76,78.15999999999998,77.0,1113237.0,62.9,59.9,60.0,61.75,43242.0,540.0,96873.0,1069977.0,60.77,0.932,2.555,60.83,0.0,275.9,274.9,276.4,0.772,273.0,0.531,272.2,0.842,274.0,0.003,13.72,2.0,3.0,0.0,16.31,66.68,367.7,366.2,0.0,2.124,2.347,2.87,217.7,305.5,0.2319999999999999,0.0,23.51,19.15,19.13,18.06,20.36,19.42,20.31,-100.9,19.68,20.11,332.5,24.97,28.18,26.42,30.0,25.03,27.38,11.08,12050.0,16727.0,16628.0,16960.0,14342.0,14367.0,11641.0,9.11,10.29,9.64,10.95,9.13,9.99,4.044,0.0,365.3,0.0,60.19,0.0,181.5,0.0,5.0,16.0,0.0,0.0,73.12999999999998,77.61,73.01,15.19,14.72,0.0,18.07,198.2,17.05,2.0,3.474,-1.0,4.452,7.1,4901
2016-03-31 08:00:00,64.31,66.67,65.61,1113238.0,62.9,59.9,60.0,52.16,43242.0,540.0,96873.0,1069978.0,51.55,0.466,1.027,51.58,0.0,275.8,275.0,276.5,0.772,273.0,0.531,272.6,0.842,274.0,0.003,13.72,2.0,3.0,0.0,16.35,57.09,369.7,367.1,0.0,1.783,2.001,2.382,186.6,252.5,0.231,0.0,23.54,19.26,19.21,18.14,20.47,19.53,20.45,-95.5,19.76,20.22,272.6,20.62,23.56,22.21,24.68,20.71,22.72,10.99,12050.0,16727.0,16628.0,16960.0,14342.0,14367.0,11641.0,7.55,8.63,8.13,9.04,7.581,8.32,4.023,0.0,366.4,0.0,60.13,0.0,154.6,0.0,5.0,16.0,0.0,0.0,61.89,66.14,61.84,15.27,14.8,0.0,18.14,180.5,25.1,2.0,3.474,-1.0,2.5780000000000003,5.1,4901
2016-03-31 08:01:00,40.71,42.87,41.92,1113238.0,62.9,59.9,60.0,32.27,43242.0,540.0,96873.0,1069978.0,31.99,-0.93,-2.238,32.08,0.0,275.4,274.8,276.3,0.772,273.0,0.531,272.4,0.842,274.0,0.003,13.72,2.0,3.0,0.0,16.4,36.69,372.3,372.5,0.0,1.144,1.338,1.463,127.2,154.2,0.2289999999999999,0.0,23.6,18.72,18.74,17.96,20.19,19.25,20.07,-123.0,19.47,19.95,164.1,12.01,14.5,14.13,15.21,12.63,13.42,8.699999999999998,12050.0,16727.0,16629.0,16961.0,14342.0,14367.0,11641.0,4.453,5.374,5.236000000000001,5.6370000000000005,4.682,4.975,3.2260000000000004,0.0,370.7,0.0,60.14,0.0,98.6,0.0,5.0,16.0,0.0,0.0,38.35,41.93,38.41,15.31,14.67,0.0,17.57,187.9,16.07,2.0,3.474,-1.0,4.2780000000000005,7.2,4901
2016-03-31 08:02:00,41.3,43.55,42.54,1113239.0,62.9,59.9,60.0,32.79,43242.0,540.0,96873.0,1069979.0,32.5,-0.997,-2.14,32.58,0.0,275.3,274.8,276.2,0.772,273.0,0.531,272.1,0.842,274.0,-0.003,13.5,2.0,1.0,0.0,16.45,37.25,365.4,364.5,0.0,1.145,1.337,1.469,127.1,155.5,0.228,0.001,23.69,18.03,18.12,17.59,19.61,18.7,19.55,-97.4,19.04,19.36,162.6,12.58,15.22,14.62,15.74,13.04,13.91,8.74,12050.0,16727.0,16629.0,16961.0,14342.0,14367.0,11641.0,4.566,5.524,5.305,5.712999999999999,4.731,5.049,3.174,0.0,363.1,0.0,60.15,0.0,102.0,0.0,5.0,16.0,0.0,0.0,38.95,42.59,39.01,15.21,14.61,0.0,17.1,187.1,7.862,2.0,3.474,-1.0,5.488,8.199999999999998,4901
2016-03-31 08:03:00,47.08,49.34,48.26,1113239.0,62.9,59.9,60.0,37.62,43242.0,540.0,96873.0,1069980.0,36.99,-0.631,-1.396,37.05,0.0,275.2,274.8,276.3,0.772,273.0,0.531,272.1,0.842,274.0,0.008,13.5,2.0,3.0,0.0,16.48,42.22,364.6,363.1,0.0,1.261,1.454,1.629,138.8,174.8,0.2289999999999999,0.001,23.7,17.8,17.8,17.39,19.16,18.3,19.14,-123.8,18.72,18.91,198.1,14.34,17.14,17.0,18.26,15.53,16.99,9.47,12050.0,16727.0,16629.0,16961.0,14342.0,14367.0,11641.0,5.184,6.198,6.147,6.6,5.612,6.142,3.426,0.0,361.9,0.0,60.14,0.0,115.9,0.0,5.0,16.0,0.0,0.0,44.36,48.15,44.38,15.15,14.7,0.0,16.96,204.6,21.38,2.0,3.474,-1.0,2.948,4.8,4901
2016-03-31 08:04:00,77.04999999999998,79.5,78.28,1113240.0,62.9,59.9,60.0,62.87,43242.0,540.0,96873.0,1069981.0,61.9,0.699,2.767,61.99,0.0,275.7,275.2,276.7,0.772,273.0,0.531,272.6,0.842,274.0,0.003,13.72,2.0,3.0,0.0,16.52,68.12,359.1,358.0,0.0,2.142,2.42,2.855,227.9,305.1,0.2319999999999999,0.0,23.77,17.91,17.94,17.43,19.25,18.4,19.23,-97.6,18.71,18.95,318.4,25.78,29.77,27.54,30.66,25.33,27.28,13.39,12051.0,16727.0,16629.0,16961.0,14342.0,14367.0,11641.0,9.2,10.62,9.83,10.94,9.04,9.73,4.776,0.0,356.9,0.0,60.15,0.0,189.8,0.0,5.0,16.0,0.0,0.0,74.45999999999998,79.08,74.4,15.2,14.74,0.0,17.08,186.4,15.24,2.0,3.474,-1.0,4.572,8.3,4901
2016-03-31 08:05:00,75.06999999999998,77.5,76.28,1113241.0,62.9,59.9,60.0,61.22,43242.0,540.0,96873.0,1069982.0,59.87,0.266,2.459,59.96,0.0,276.0,275.2,276.6,0.772,273.0,0.531,272.8,0.842,274.0,0.003,13.72,2.0,3.0,0.0,16.55,66.38,357.8,356.5,0.0,2.039,2.335,2.649,225.4,287.4,0.2319999999999999,0.0,23.8,18.14,18.21,17.69,19.5,18.7,19.53,-123.6,18.99,19.28,310.2,24.45,29.22,27.85,30.16,24.9,26.98,14.71,12051.0,16728.0,16629.0,16961.0,14342.0,14368.0,11641.0,8.679999999999998,10.37,9.89,10.7,8.83,9.57,5.219,0.0,355.0,0.0,60.13,0.0,185.6,0.0,5.0,16.0,0.0,0.0,72.0,76.58,71.94,15.28,14.78,0.0,17.34,189.0,18.49,2.0,3.474,-1.0,3.197,5.1,4901
2016-03-31 08:06:00,96.6,99.1,97.7,1113243.0,62.9,59.9,60.0,79.29999999999998,43242.0,540.0,96873.0,1069983.0,77.73999999999998,0.998,5.431,77.94,0.0,275.9,275.5,276.9,0.772,273.0,0.531,272.8,0.842,274.0,0.003,13.72,2.0,3.0,0.0,16.59,85.0,354.4,354.9,0.0,2.599,2.97,3.412,285.4,368.6,0.2339999999999999,0.0,23.88,18.93,18.86,18.17,20.1,19.25,20.08,-123.0,19.4,19.85,411.4,30.82,36.81,35.63,38.55,32.81,35.5,18.97,12051.0,16728.0,16629.0,16961.0,14342.0,14368.0,11641.0,10.88,12.99,12.58,13.61,11.58,12.53,6.694,0.0,352.8,0.0,60.15,0.0,239.7,0.0,5.0,16.0,0.0,0.0,93.7,98.9,93.6,15.39,14.92,0.0,17.99,165.2,20.5,2.0,3.474,-1.0,4.218,7.2,4901
2016-03-31 08:07:00,78.23999999999998,80.59999999999998,79.43,1113244.0,62.9,59.9,60.0,63.84,43242.0,540.0,96873.0,1069984.0,62.95,0.999,2.951,63.05,0.0,275.8,275.1,276.6,0.772,273.0,0.531,272.5,0.842,274.0,0.003,13.72,2.0,3.0,0.0,16.63,69.72,357.2,356.3,0.0,2.096,2.451,2.6860000000000004,238.7,289.9,0.233,0.0,23.94,19.37,19.42,18.57,20.5,19.68,20.51,-123.6,19.73,20.22,310.1,23.4,29.23,28.55,30.69,26.27,27.51,17.1,12051.0,16728.0,16630.0,16962.0,14343.0,14368.0,11642.0,8.279999999999998,10.35,10.11,10.86,9.3,9.74,6.058,0.0,354.7,0.0,60.16,0.0,195.6,0.0,5.0,16.0,0.0,0.0,75.78,80.4,75.69,15.35,14.93,0.0,18.24,196.1,14.22,2.0,3.474,-1.0,5.347,8.8,4901
2016-03-31 08:08:00,55.21,57.63,56.51,1113245.0,62.9,59.9,60.0,44.49,43242.0,540.0,96873.0,1069985.0,43.98,-0.667,-0.166,43.98,0.0,275.6,274.6,276.2,0.772,273.0,0.531,272.0,0.842,274.0,-0.002,13.33,2.0,1.0,0.0,16.67,50.01,362.4,361.6,0.0,1.471,1.801,1.778,180.0,192.0,0.231,0.001,24.05,18.96,19.03,18.52,20.28,19.37,20.25,-119.4,19.63,20.01,195.8,15.42,20.58,20.28,20.82,17.61,17.99,13.83,12051.0,16728.0,16630.0,16962.0,14343.0,14368.0,11642.0,5.553,7.41,7.301,7.497,6.341,6.475,4.981,0.0,360.1,0.0,60.21,0.0,138.0,0.0,5.0,16.0,0.0,0.0,52.73,56.8,52.65,15.32,14.82,0.0,17.93,190.5,15.33,2.0,3.474,-1.0,5.187,7.2,4901
2016-03-31 08:09:00,84.59999999999998,87.09999999999998,85.79999999999998,1113246.0,62.9,59.9,60.0,69.2,43242.0,540.0,96873.0,1069986.0,67.81,0.5979999999999999,3.791,67.96,0.0,275.8,275.1,276.6,0.772,273.0,0.531,272.2,0.842,274.0,0.006,13.72,2.0,3.0,0.0,16.71,75.04,351.2,349.8,0.0,2.321,2.722,2.94,270.3,323.1,0.2319999999999999,0.0,24.16,18.76,18.75,18.53,20.06,19.2,20.09,-96.8,19.44,19.78,329.3,27.47,33.93,32.04,34.17,28.13,29.47,18.78,12051.0,16728.0,16630.0,16962.0,14343.0,14368.0,11642.0,9.56,11.81,11.15,11.89,9.78,10.26,6.537000000000001,0.0,348.9,0.0,60.16,0.0,214.0,0.0,5.0,16.0,0.0,0.0,81.7,86.5,81.59999999999998,15.34,14.83,0.0,17.83,188.1,17.15,2.0,3.474,-1.0,5.44,10.0,4901
2016-03-31 08:10:00,69.09,71.47,70.29,1113247.0,62.9,59.9,60.0,56.1,43242.0,540.0,96873.0,1069987.0,55.35,0.999,1.64,55.39,0.0,275.4,274.9,276.4,0.772,273.0,0.531,272.1,0.842,274.0,0.003,13.72,2.0,3.0,0.0,16.75,61.85,351.9,350.5,0.0,1.834,2.214,2.252,221.3,245.3,0.2319999999999999,0.0,24.29,19.2,19.2,18.88,20.4,19.48,20.42,-122.6,19.73,20.18,257.1,20.12,26.38,26.11,27.13,23.2,23.84,17.42,12052.0,16728.0,16630.0,16962.0,14343.0,14368.0,11642.0,7.011,9.2,9.1,9.46,8.08,8.31,6.075,0.0,349.1,0.0,60.21,0.0,176.1,0.0,5.0,16.0,0.0,0.0,66.52,70.9,66.43,15.37,15.01,0.0,18.2,194.3,23.46,2.0,,-1.0,2.74,16.0,4901
2016-03-31 08:11:00,71.29,73.73,72.56,1113248.0,62.9,59.9,60.0,57.98,43242.0,540.0,96873.0,1069988.0,56.74,0.999,1.852,56.78,0.0,275.4,274.9,276.4,0.772,273.0,0.531,272.0,0.842,274.0,0.003,13.72,2.0,3.0,0.0,16.79,63.57,351.6,351.2,0.0,1.844,2.219,2.25,226.6,251.5,0.231,0.0,24.44,19.36,19.35,19.1,20.53,19.59,20.5,-123.1,19.81,20.32,274.9,21.35,27.69,27.7,28.36,24.01,25.33,17.9,12052.0,16728.0,16630.0,16962.0,14343.0,14369.0,11642.0,7.452,9.670000000000002,9.670000000000002,9.9,8.38,8.84,6.252999999999999,0.0,349.3,0.0,60.23,0.0,180.8,0.0,5.0,16.0,0.0,0.0,68.22,72.62999999999998,68.13,15.48,15.11,0.0,18.44,200.0,26.69,2.0,3.474,-1.0,1.908,3.1,4901
2016-03-31 08:12:00,102.3,104.8,103.4,1113249.0,62.9,59.9,60.0,84.0,43242.0,540.0,96873.0,1069989.0,82.79999999999998,0.997,6.284,83.09999999999998,0.0,275.9,275.2,276.8,0.772,273.0,0.531,272.2,0.842,274.0,0.003,13.72,2.0,3.0,0.0,16.83,90.2,347.9,346.6,0.0,2.792,3.252,3.591,318.8,390.7,0.2349999999999999,0.0,24.57,20.12,20.13,19.7,21.05,20.2,21.12,-100.9,20.44,20.89,408.0,32.77,39.98,38.23,41.18,34.91,36.54,22.66,12052.0,16729.0,16630.0,16962.0,14343.0,14369.0,11642.0,11.3,13.79,13.19,14.2,12.04,12.6,7.815,0.0,345.0,0.0,60.15,0.0,259.4,0.0,5.0,16.0,0.0,0.0,100.0,105.3,99.9,15.54,15.21,0.0,19.23,195.9,24.94,2.0,3.474,-1.0,2.713,5.8,4901
2016-03-31 08:13:00,69.9,72.34999999999998,71.21,1113250.0,62.9,59.9,60.0,56.8,43242.0,540.0,96873.0,1069990.0,56.01,1.0,1.6969999999999998,56.04,0.0,275.5,274.7,276.2,0.772,273.0,0.531,272.0,0.842,274.0,0.005,13.72,2.0,3.0,0.0,16.87,62.37,354.6,354.2,0.0,1.845,2.246,2.23,227.4,244.6,0.2319999999999999,0.0,24.69,20.11,20.15,19.88,21.24,20.37,21.3,-121.9,20.57,21.15,253.0,20.24,26.84,26.48,27.22,23.05,23.6,17.86,12052.0,16729.0,16630.0,16963.0,14343.0,14369.0,11642.0,7.132000000000001,9.46,9.33,9.590000000000002,8.12,8.32,6.294,0.0,352.4,0.0,60.15,0.0,175.9,0.0,5.0,16.0,0.0,0.0,67.35,71.68,67.28,15.58,15.06,0.0,18.92,174.0,20.47,2.0,3.474,-1.0,5.237,8.8,4901
2016-03-31 08:14:00,87.5,89.9,88.59999999999998,1113251.0,62.9,59.9,60.0,71.5,43242.0,540.0,96873.0,1069991.0,70.31,0.998,4.11,70.44,0.0,275.4,274.9,276.4,0.772,272.9,0.531,272.0,0.842,274.0,-0.002,13.33,2.0,1.0,0.0,16.92,77.20999999999998,344.4,343.9,0.0,2.315,2.767,2.862,278.6,315.3,0.2339999999999999,0.001,24.82,19.95,19.91,19.99,21.13,20.37,21.28,-121.7,20.56,21.01,343.2,26.06,33.87,33.96,35.33,30.58,31.58,22.2,12052.0,16729.0,16631.0,16963.0,14344.0,14369.0,11642.0,8.92,11.59,11.62,12.09,10.46,10.8,7.5939999999999985,0.0,342.2,0.0,60.15,0.0,224.2,0.0,5.0,16.0,0.0,0.0,84.79999999999998,89.59999999999998,84.7,15.48,14.94,0.0,18.89,189.5,13.45,2.0,3.474,-1.0,5.61,8.5,4901
2016-03-31 08:15:00,106.0,108.5,107.1,1113253.0,62.9,59.9,60.0,87.09999999999998,43242.0,540.0,96873.0,1069993.0,85.4,0.997,6.757999999999999,85.7,0.0,275.9,274.9,276.4,0.772,272.9,0.531,272.0,0.842,274.0,0.005,13.72,2.0,3.0,0.0,16.97,93.0,347.4,346.2,0.0,2.889,3.3760000000000003,3.669,337.4,405.5,0.2349999999999999,0.0,24.95,20.16,20.08,20.21,21.33,20.52,21.49,-95.8,20.79,21.18,421.4,33.46,42.06,40.54,43.41,36.18,37.54,24.15,12052.0,16729.0,16631.0,16963.0,14344.0,14369.0,11642.0,11.54,14.5,13.98,14.96,12.46,12.94,8.32,0.0,344.6,0.0,60.15,0.0,267.7,0.0,5.0,16.0,0.0,0.0,103.3,108.6,103.2,15.54,15.01,0.0,19.11,183.9,20.82,2.0,3.474,-1.0,4.067,5.8,4901
2016-03-31 08:16:00,84.0,86.5,85.2,1113254.0,62.9,59.9,60.0,68.59,43242.0,540.0,96873.0,1069994.0,67.45,0.999,3.63,67.56,0.0,275.4,274.7,276.3,0.772,273.0,0.531,272.0,0.842,274.0,0.003,13.72,2.0,3.0,0.0,17.02,74.09999999999998,350.5,350.2,0.0,2.263,2.698,2.801,270.9,307.6,0.233,0.0,25.08,20.31,20.39,20.52,21.78,20.91,21.89,-121.1,21.12,21.57,321.3,25.27,32.82,32.15,33.7,28.23,29.07,20.46,12052.0,16729.0,16631.0,16963.0,14344.0,14369.0,11643.0,8.8,11.43,11.2,11.74,9.83,10.13,7.126,0.0,348.4,0.0,60.14,0.0,211.6,0.0,5.0,16.0,0.0,0.0,81.29999999999998,86.0,81.2,15.59,15.03,0.0,19.16,190.2,14.9,2.0,3.474,-1.0,4.525,7.599999999999999,4901
2016-03-31 08:17:00,106.2,108.6,107.2,1113255.0,62.9,59.9,60.0,87.2,43242.0,540.0,96873.0,1069995.0,85.59999999999998,0.997,6.767,85.79999999999998,0.0,275.5,275.0,276.6,0.772,273.0,0.531,272.0,0.842,274.0,0.003,13.72,2.0,3.0,0.0,17.07,93.2,357.1,356.2,0.0,2.794,3.292,3.522,329.4,387.5,0.2349999999999999,0.0,25.19,20.57,20.6,20.77,21.98,21.06,22.11,-72.51,21.4,21.88,416.1,32.1,40.22,39.49,41.53,35.16,37.11,24.87,12053.0,16730.0,16631.0,16963.0,14344.0,14370.0,11643.0,11.4,14.28,14.03,14.75,12.48,13.18,8.83,0.0,354.8,0.0,60.15,0.0,260.9,0.0,5.0,16.0,0.0,0.0,103.5,108.8,103.3,15.67,15.13,0.0,19.51,188.5,27.71,2.0,3.474,-1.0,3.053,7.3,4901
2016-03-31 08:18:00,78.36,80.7,79.59999999999998,1113256.0,62.9,59.9,60.0,63.83,43242.0,540.0,96874.0,1069996.0,63.07,0.999,2.873,63.13,0.0,275.3,274.6,276.2,0.772,273.0,0.531,272.0,0.842,274.0,0.003,13.72,2.0,3.0,0.0,17.12,69.46,363.3,363.1,0.0,2.06,2.4930000000000003,2.499,253.3,274.4,0.233,0.0,25.3,20.82,20.93,21.05,22.37,21.37,22.48,-121.3,21.81,22.21,283.9,21.95,29.04,28.8,29.69,25.24,25.83,19.6,12053.0,16730.0,16631.0,16964.0,14344.0,14370.0,11643.0,7.931,10.49,10.41,10.73,9.12,9.33,7.082000000000001,0.0,361.4,0.0,60.15,0.0,191.2,0.0,5.0,16.0,0.0,0.0,75.98,80.5,75.84,15.69,15.14,0.0,19.67,199.0,24.16,2.0,3.474,-1.0,3.268,6.3,4901
2016-03-31 08:19:00,65.68,67.82,66.85,1113257.0,62.9,59.9,60.0,53.12,43242.0,540.0,96874.0,1069997.0,52.52,1.0,1.158,52.54,0.0,275.6,274.5,276.1,0.772,273.0,0.531,272.0,0.842,274.0,0.016,13.59,2.0,1.0,0.0,17.18,58.8,371.9,370.5,0.0,1.739,2.128,2.081,218.2,229.9,0.231,0.0,25.39,20.75,20.85,21.15,22.35,21.29,22.37,-93.4,21.74,22.1,236.6,17.66,23.88,23.73,24.22,20.44,20.94,16.47,12053.0,16730.0,16631.0,16964.0,14345.0,14370.0,11643.0,6.507999999999999,8.8,8.74,8.92,7.531,7.715,6.071000000000001,0.0,368.7,0.0,60.13,0.0,158.2,0.0,5.0,16.0,0.0,0.0,63.15,67.28,63.03,15.79,15.23,0.0,19.58,195.6,14.68,2.0,3.474,-1.0,2.577,4.8,4901
2016-03-31 08:20:00,61.77,64.03,62.96,1113258.0,62.9,59.9,60.0,49.88,43242.0,540.0,96874.0,1069998.0,49.27,1.0,0.633,49.28,0.0,275.1,274.6,276.2,0.772,273.0,0.531,272.1,0.842,274.0,-0.012,13.33,2.0,1.0,0.0,17.23,55.17,362.4,360.8,0.0,1.617,2.0,1.909,205.8,211.1,0.2319999999999999,0.001,25.51,20.42,20.56,21.07,22.22,21.02,22.16,-78.09,21.6,21.99,218.1,16.99,23.19,23.13,23.38,19.77,20.09,16.1,12053.0,16730.0,16632.0,16964.0,14345.0,14370.0,11643.0,6.105,8.33,8.32,8.4,7.108,7.2189999999999985,5.7860000000000005,0.0,359.5,0.0,60.14,0.0,152.2,0.0,5.0,16.0,0.0,0.0,59.14,63.3,59.07,15.86,15.06,0.0,19.2,162.7,20.05,2.0,3.474,-1.0,2.672,4.3,4901
2016-03-31 08:21:00,62.09,64.41,63.3,1113259.0,62.9,59.9,60.0,50.15,43242.0,540.0,96874.0,1069999.0,49.52,1.0,0.6759999999999999,49.52,0.0,274.9,274.4,276.1,0.772,272.9,0.531,272.0,0.842,274.0,0.004,13.72,2.0,3.0,0.0,17.28,55.32,357.7,356.7,0.0,1.622,2.013,1.908,207.7,211.3,0.231,0.0,25.58,20.24,20.34,20.87,21.9,20.81,21.79,-121.8,21.1,21.7,216.5,17.19,23.67,23.48,23.74,20.23,20.42,16.45,12053.0,16730.0,16632.0,16964.0,14345.0,14370.0,11643.0,6.104,8.4,8.34,8.429999999999998,7.182,7.252,5.843,0.0,355.1,0.0,60.14,0.0,154.7,0.0,5.0,16.0,0.0,0.0,59.44,63.66,59.4,15.8,15.1,0.0,19.07,187.3,37.4,2.0,3.474,-1.0,3.64,5.8,4901
2016-03-31 08:22:00,66.23,68.59,67.45,1113260.0,62.9,59.9,60.0,53.63,43242.0,540.0,96874.0,1070000.0,52.93,1.0,1.208,52.95,0.0,275.4,274.4,276.0,0.772,273.0,0.531,272.0,0.842,274.0,0.003,13.72,2.0,3.0,0.0,17.33,58.88,349.8,348.8,0.0,1.739,2.155,2.047,222.1,226.6,0.231,0.0,25.65,20.13,20.26,20.79,21.76,20.72,21.66,-120.6,20.96,21.44,233.1,18.91,25.86,25.72,26.01,22.09,22.3,17.92,12053.0,16730.0,16632.0,16964.0,14345.0,14370.0,11643.0,6.568,8.98,8.929999999999998,9.04,7.671,7.747,6.223,0.0,347.5,0.0,60.15,0.0,168.4,0.0,5.0,16.0,0.0,0.0,63.56,67.91,63.55,15.78,15.18,0.0,18.96,187.7,37.38,2.0,3.474,-1.0,3.005,6.8,4901
2016-03-31 08:23:00,66.64,69.01,67.9,1113261.0,62.9,59.9,60.0,53.99,43242.0,540.0,96874.0,1070000.0,53.35,1.0,1.267,53.37,0.0,275.0,274.5,276.2,0.772,272.9,0.531,272.0,0.842,274.0,0.003,13.72,2.0,3.0,0.0,17.37,59.34,353.4,351.9,0.0,1.753,2.17,2.068,222.6,228.3,0.231,0.0,25.73,19.95,20.0,20.81,21.55,20.51,21.51,-95.5,20.73,21.22,233.0,18.71,25.67,25.49,25.81,22.0,22.22,17.81,12053.0,16730.0,16632.0,16964.0,14345.0,14370.0,11643.0,6.563,9.01,8.939999999999998,9.06,7.718,7.797,6.25,0.0,351.0,0.0,60.2,0.0,168.0,0.0,5.0,16.0,0.0,0.0,64.09,68.43,64.09,15.71,15.13,0.0,18.82,197.0,24.08,2.0,3.474,-1.0,3.1830000000000003,6.6,4901
2016-03-31 08:24:00,62.0,64.24,63.17,1113262.0,62.9,59.9,60.0,50.05,43242.0,540.0,96874.0,1070001.0,49.44,1.0,0.6659999999999999,49.45,0.0,275.2,274.5,276.1,0.772,272.9,0.531,272.0,0.842,274.0,0.003,13.72,2.0,3.0,0.0,17.41,55.33,366.6,364.7,0.0,1.633,2.03,1.921,208.4,211.9,0.231,0.0,25.82,19.91,19.84,20.75,21.42,20.4,21.38,-95.3,20.75,21.2,215.7,16.74,22.95,22.81,23.23,19.69,19.79,15.93,12053.0,16731.0,16632.0,16964.0,14345.0,14371.0,11644.0,6.095,8.349999999999998,8.31,8.46,7.169,7.205,5.8020000000000005,0.0,364.3,0.0,60.14,0.0,151.0,0.0,5.0,16.0,0.0,0.0,59.4,63.51,59.3,15.78,15.21,0.0,18.84,185.1,21.4,2.0,3.474,-1.0,2.9730000000000003,6.2,4901
2016-03-31 08:25:00,60.11,62.39,61.29,1113262.0,62.9,59.9,60.0,48.47,43242.0,540.0,96874.0,1070002.0,47.78,1.0,0.4149999999999999,47.78,0.0,275.3,274.4,276.0,0.772,272.9,0.531,272.0,0.842,274.0,-0.02,13.52,2.0,1.0,0.0,17.45,53.59,358.5,356.9,0.0,1.565,1.954,1.83,202.1,202.8,0.23,0.001,25.91,19.71,19.71,20.74,21.29,20.23,21.23,-121.9,20.59,21.11,207.9,16.5,22.89,22.76,22.91,19.45,19.61,15.95,12054.0,16731.0,16632.0,16964.0,14345.0,14371.0,11644.0,5.869,8.14,8.09,8.15,6.919,6.974,5.671,0.0,355.9,0.0,60.22,0.0,149.5,0.0,5.0,16.0,0.0,0.0,57.36,61.49,57.3,15.87,15.21,0.0,18.48,197.4,21.89,2.0,3.474,-1.0,5.352,11.7,4901
2016-03-31 08:26:00,63.58,65.96,64.84,1113263.0,62.9,59.9,60.0,51.43,43242.0,540.0,96874.0,1070003.0,50.76,1.0,0.8759999999999998,50.77,0.0,275.0,274.5,276.1,0.772,272.8,0.531,272.0,0.842,274.0,0.024,13.63,2.0,3.0,0.0,17.48,56.71,352.2,350.9,0.0,1.658,2.06,1.945,212.6,215.8,0.2319999999999999,0.001,25.99,19.22,19.26,20.46,20.92,19.81,20.86,-122.2,20.3,20.73,221.1,17.85,24.52,24.43,24.76,21.08,21.21,17.15,12054.0,16731.0,16632.0,16965.0,14345.0,14371.0,11644.0,6.2410000000000005,8.57,8.54,8.65,7.37,7.416,5.996,0.0,349.6,0.0,60.15,0.0,161.1,0.0,5.0,16.0,0.0,0.0,60.95,65.21,60.93,15.79,15.08,0.0,18.11,199.6,32.22,2.0,3.474,-1.0,5.007,9.2,4901
2016-03-31 08:27:00,62.22,64.56,63.43,1113264.0,62.9,59.9,60.0,50.26,43242.0,540.0,96874.0,1070004.0,49.61,1.0,0.7049999999999998,49.62,0.0,275.1,274.3,276.0,0.772,272.4,0.531,272.0,0.842,274.0,0.003,13.69,2.0,3.0,0.0,17.51,55.14,356.2,357.5,0.0,1.612,1.997,1.899,206.2,211.2,0.231,0.0,26.02,19.07,19.14,20.27,20.73,19.66,20.68,-122.0,20.07,20.61,215.9,17.11,23.42,23.46,23.79,20.25,20.41,16.44,12054.0,16731.0,16632.0,16965.0,14345.0,14371.0,11644.0,6.089,8.34,8.349999999999998,8.47,7.208999999999999,7.264999999999999,5.853,0.0,356.0,0.0,60.13,0.0,154.8,0.0,5.0,16.0,0.0,0.0,59.57,63.83,59.55,15.74,15.13,0.0,18.0,194.1,13.37,2.0,3.474,-1.0,5.33,9.3,4901
2016-03-31 08:28:00,62.03,64.4,63.27,1113265.0,62.9,59.9,60.0,50.14,43242.0,540.0,96874.0,1070005.0,49.44,1.0,0.693,49.45,0.0,275.4,274.4,276.0,0.772,272.9,0.531,272.0,0.842,274.0,0.003,13.69,2.0,3.0,0.0,17.53,55.38,357.5,356.3,0.0,1.58,1.948,1.872,201.5,209.3,0.231,0.0,26.03,18.85,18.91,20.1,20.57,19.58,20.53,-123.0,19.95,20.45,226.4,16.63,22.84,23.42,23.79,20.73,21.04,16.66,12054.0,16731.0,16633.0,16965.0,14346.0,14371.0,11644.0,5.904,8.109999999999998,8.31,8.439999999999998,7.353,7.465,5.912000000000001,0.0,355.2,0.0,60.14,0.0,155.0,0.0,5.0,16.0,0.0,0.0,59.35,63.6,59.31,15.72,15.08,0.0,17.81,178.7,14.16,2.0,3.473,-1.0,4.96,8.8,4901
2016-03-31 08:29:00,60.44,62.82,61.67,1113266.0,62.9,59.9,60.0,48.8,43242.0,540.0,96874.0,1070005.0,48.13,1.0,0.476,48.14,0.0,275.1,274.5,276.1,0.772,273.0,0.531,272.0,0.842,274.0,0.003,13.69,2.0,3.0,0.0,17.55,54.27,357.2,353.9,0.0,1.581,1.961,1.86,202.0,205.8,0.231,0.0,26.08,18.81,18.85,19.98,20.49,19.48,20.4,-96.0,19.75,20.37,208.0,17.06,23.23,22.91,23.28,19.81,19.88,16.01,12054.0,16731.0,16633.0,16965.0,14346.0,14371.0,11644.0,6.02,8.199999999999998,8.08,8.21,6.9910000000000005,7.013,5.647,0.0,352.9,0.0,60.12,0.0,151.9,0.0,5.0,16.0,0.0,0.0,57.75,61.98,57.73,15.68,15.04,0.0,17.76,181.9,19.85,2.0,3.475,-1.0,5.025,8.5,4901
2016-03-31 08:30:00,67.78,70.21,69.01,1113267.0,62.9,59.9,60.0,54.99,43242.0,540.0,96874.0,1070006.0,54.19,1.0,1.412,54.21,0.0,275.6,274.5,276.2,0.772,273.0,0.531,272.0,0.842,274.0,0.003,13.68,2.0,3.0,0.0,17.57,60.7,349.8,346.7,0.0,1.781,2.215,2.087,228.3,231.2,0.2319999999999999,0.0,26.12,18.8,18.83,19.9,20.43,19.42,20.31,-123.1,19.68,20.22,236.3,19.23,26.52,26.45,26.74,22.81,22.89,18.59,12054.0,16731.0,16633.0,16965.0,14346.0,14371.0,11644.0,6.649,9.170000000000002,9.15,9.25,7.8889999999999985,7.913999999999999,6.4270000000000005,0.0,345.8,0.0,60.14,0.0,173.6,0.0,5.0,16.0,0.0,0.0,65.08,69.5,65.06,15.67,15.06,0.0,17.84,188.4,20.91,2.0,3.474,-1.0,4.107,6.8,4901
2016-03-31 08:31:00,73.64,76.01999999999998,74.86,1113268.0,62.9,59.9,60.0,59.88,43242.0,540.0,96874.0,1070007.0,58.95,0.999,2.219,59.0,0.0,275.2,274.7,276.4,0.772,272.7,0.531,272.0,0.842,274.0,0.002,13.58,2.0,1.0,0.0,17.59,66.03,360.5,356.5,0.0,1.933,2.392,2.285,246.8,253.9,0.2319999999999999,0.001,26.11,19.04,19.04,20.12,20.59,19.61,20.43,-122.7,19.87,20.39,253.5,21.14,28.42,27.86,28.38,23.86,23.93,19.16,12054.0,16731.0,16633.0,16965.0,14346.0,14371.0,11644.0,7.514999999999999,10.1,9.91,10.09,8.48,8.51,6.812,0.0,355.6,0.0,60.12,0.0,183.2,0.0,5.0,16.0,0.0,0.0,70.97,75.45999999999998,70.89,15.65,15.15,0.0,18.05,190.5,18.6,2.0,3.474,-1.0,4.705,7.7,4901
2016-03-31 08:32:00,82.29999999999998,84.79999999999998,83.5,1113269.0,62.9,59.9,60.0,67.19,43242.0,540.0,96874.0,1070008.0,66.1,0.999,3.407,66.19,0.0,275.4,274.8,276.5,0.772,272.6,0.531,272.0,0.842,274.0,0.003,13.69,2.0,3.0,0.0,17.61,73.04999999999998,353.2,351.6,0.0,2.133,2.633,2.536,270.9,281.3,0.233,0.0,26.1,19.22,19.2,20.23,20.72,19.79,20.56,-122.2,19.93,20.49,290.7,23.23,31.58,31.59,32.08,27.49,27.86,22.24,12054.0,16732.0,16633.0,16965.0,14346.0,14372.0,11644.0,8.14,11.07,11.07,11.25,9.64,9.77,7.796,0.0,350.6,0.0,60.14,0.0,206.9,0.0,5.0,16.0,0.0,0.0,79.65999999999998,84.4,79.51,15.68,15.13,0.0,18.22,189.4,29.02,2.0,3.474,-1.0,3.472,6.6,4901
2016-03-31 08:33:00,78.03,80.5,79.25,1113270.0,62.9,59.9,60.0,63.59,43242.0,540.0,96874.0,1070009.0,62.69,0.999,2.8360000000000003,62.76,0.0,275.3,274.7,276.4,0.772,272.7,0.531,272.0,0.842,274.0,0.003,13.68,2.0,3.0,0.0,17.63,69.58,362.4,361.2,0.0,2.039,2.518,2.419,258.5,267.6,0.233,0.0,26.0,19.69,19.65,20.59,21.09,20.17,20.98,-122.5,20.3,20.95,272.4,21.48,29.29,29.06,29.56,25.18,25.52,20.34,12055.0,16732.0,16633.0,16966.0,14346.0,14372.0,11645.0,7.73,10.54,10.46,10.64,9.06,9.18,7.32,0.0,360.2,0.0,60.15,0.0,192.2,0.0,5.0,16.0,0.0,0.0,75.54,80.09999999999998,75.37999999999998,15.76,15.3,0.0,18.71,196.0,34.42,2.0,3.474,-1.0,2.088,5.0,4901
2016-03-31 08:34:00,74.53,76.87999999999998,75.75,1113271.0,62.9,59.9,60.0,60.64,43242.0,540.0,96874.0,1070010.0,59.79,0.999,2.344,59.84,0.0,275.7,274.6,276.3,0.772,272.9,0.531,272.0,0.842,274.0,0.003,13.69,2.0,3.0,0.0,17.65,66.78,367.6,366.2,0.0,1.941,2.396,2.298,247.1,255.4,0.233,0.0,26.0,19.87,19.83,20.78,21.26,20.35,21.2,-121.9,20.46,21.16,261.1,20.18,27.61,27.42,27.82,23.72,24.14,19.32,12055.0,16732.0,16633.0,16966.0,14346.0,14372.0,11645.0,7.36,10.07,10.0,10.14,8.65,8.8,7.044,0.0,364.8,0.0,60.13,0.0,181.7,0.0,5.0,16.0,0.0,0.0,72.0,76.4,71.86,15.82,15.26,0.0,18.85,181.8,27.59,2.0,3.474,-1.0,2.652,4.2,4901
2016-03-31 08:35:00,64.43,66.61,65.59,1113272.0,62.9,59.9,60.0,52.08,43242.0,540.0,96874.0,1070011.0,51.4,1.0,0.997,51.41,0.0,275.2,274.6,276.2,0.772,272.8,0.531,272.0,0.842,274.0,0.003,13.69,2.0,3.0,0.0,17.67,58.02,369.4,367.8,0.0,1.696,2.108,1.996,216.5,220.4,0.2319999999999999,0.0,25.97,19.92,19.87,20.86,21.31,20.38,21.21,-121.8,20.56,21.19,226.9,17.16,23.61,23.6,23.93,20.41,20.6,16.62,12055.0,16732.0,16634.0,16966.0,14347.0,14372.0,11645.0,6.288,8.65,8.65,8.769999999999998,7.478,7.548999999999999,6.09,0.0,366.6,0.0,60.13,0.0,157.1,0.0,5.0,16.0,0.0,0.0,61.79,65.94,61.69,15.88,15.28,0.0,18.85,193.4,18.06,2.0,3.474,-1.0,3.867,6.7,4901
2016-03-31 08:36:00,69.98,72.33,71.2,1113273.0,62.9,59.9,60.0,56.8,43242.0,540.0,96874.0,1070012.0,55.89,0.999,1.731,55.92,0.0,275.3,274.7,276.2,0.772,272.7,0.531,272.0,0.842,274.0,-0.016,13.58,2.0,1.0,0.0,17.7,62.64,358.7,357.4,0.0,1.848,2.302,2.168,234.7,237.4,0.2319999999999999,0.001,25.97,19.91,19.83,20.81,21.18,20.31,21.15,-122.9,20.57,21.14,244.3,19.49,26.82,26.64,26.89,22.84,23.08,18.54,12055.0,16732.0,16634.0,16966.0,14347.0,14372.0,11645.0,6.931,9.54,9.48,9.57,8.13,8.21,6.595,0.0,356.3,0.0,60.14,0.0,174.9,0.0,5.0,16.0,0.0,0.0,67.25,71.57,67.14,15.85,15.27,0.0,18.87,165.7,24.34,2.0,3.474,-1.0,3.5380000000000003,6.6,4901
2016-03-31 08:37:00,107.7,110.3,108.8,1113274.0,62.9,59.9,60.0,88.59999999999998,43242.0,540.0,96874.0,1070014.0,86.5,0.997,6.997000000000001,86.79999999999998,0.0,275.8,275.0,276.5,0.772,272.6,0.531,272.0,0.842,274.0,0.021,13.6,2.0,3.0,0.0,17.72,95.0,344.5,342.4,0.0,2.901,3.486,3.533,358.2,395.5,0.2349999999999999,0.001,25.91,20.23,20.12,20.98,21.44,20.51,21.35,-121.5,20.64,21.25,408.0,34.43,44.27,42.8,44.06,36.65,37.74,27.62,12055.0,16732.0,16634.0,16966.0,14347.0,14372.0,11645.0,11.73,15.08,14.58,15.01,12.48,12.86,9.41,0.0,341.3,0.0,60.14,0.0,276.5,0.0,5.0,16.0,0.0,0.0,104.7,110.0,104.5,15.91,15.36,0.0,19.24,177.6,20.95,2.0,3.474,-1.0,3.22,5.5,4901
2016-03-31 08:38:00,107.8,110.5,109.0,1113276.0,62.9,59.9,60.0,88.59999999999998,43242.0,540.0,96874.0,1070015.0,87.2,0.997,7.1,87.5,0.0,275.6,275.0,276.5,0.772,272.5,0.531,272.0,0.842,273.8,0.003,13.69,2.0,3.0,0.0,17.75,95.0,340.1,339.8,0.0,2.932,3.529,3.631,351.4,392.9,0.238,0.0,25.91,21.36,21.23,21.86,22.5,21.54,22.52,-121.2,21.67,22.35,406.6,32.0,42.18,41.79,43.49,37.6,38.41,29.19,12055.0,16733.0,16634.0,16966.0,14347.0,14373.0,11645.0,10.83,14.27,14.14,14.72,12.72,13.0,9.87,0.0,338.6,0.0,60.14,0.0,279.6,0.0,5.0,16.0,0.0,0.0,105.4,110.9,105.4,16.14,15.67,0.0,20.16,197.2,33.99,2.0,3.474,-1.0,1.462,2.8,4901
2016-03-31 08:39:00,100.1,102.6,101.2,1113277.0,62.9,59.9,60.0,82.0,43242.0,540.0,96874.0,1070016.0,80.5,0.997,5.931,80.79999999999998,0.0,275.3,274.7,276.2,0.772,272.1,0.531,272.0,0.842,273.4,0.003,13.69,2.0,3.0,0.0,17.78,88.9,345.4,344.1,0.0,2.7460000000000004,3.287,3.397,329.8,371.0,0.236,0.0,25.91,21.59,21.41,22.08,22.85,21.79,22.76,-120.9,21.92,22.8,362.9,32.58,40.62,37.88,39.8,33.11,33.8,24.7,12055.0,16733.0,16634.0,16967.0,14347.0,14373.0,11645.0,11.18,13.93,12.99,13.64,11.35,11.59,8.46,0.0,342.9,0.0,60.15,0.0,257.5,0.0,5.0,16.0,0.0,0.0,97.4,102.6,97.3,16.24,15.61,0.0,20.25,176.0,20.88,2.0,3.474,-1.0,3.157,5.0,4901
2016-03-31 08:40:00,60.25,62.61,61.55,1113278.0,62.9,59.9,60.0,48.62,43242.0,540.0,96874.0,1070017.0,47.99,1.0,0.4739999999999999,47.99,0.0,274.7,274.5,275.9,0.772,272.2,0.531,272.0,0.842,273.6,0.003,13.69,2.0,3.0,0.0,17.83,55.03,356.0,355.0,0.0,1.611,1.973,1.919,200.5,209.6,0.2319999999999999,0.0,25.94,21.35,21.3,22.11,22.89,21.77,22.77,-120.6,21.98,22.79,214.5,16.93,22.93,22.71,23.27,19.68,19.91,15.57,12056.0,16733.0,16635.0,16967.0,14347.0,14373.0,11645.0,5.986000000000001,8.109999999999998,8.029999999999998,8.23,6.959,7.041,5.507000000000001,0.0,353.8,0.0,60.15,0.0,154.7,0.0,5.0,16.0,0.0,0.0,57.64,61.76,57.61,16.32,15.6,0.0,20.01,189.0,11.53,2.0,3.474,-1.0,2.38,4.9,4901
2016-03-31 08:41:00,63.11,65.46,64.38,1113279.0,62.9,59.9,60.0,50.99,43242.0,540.0,96874.0,1070018.0,50.3,1.0,0.814,50.31,0.0,275.0,274.3,275.8,0.772,272.2,0.531,272.0,0.842,273.5,0.003,13.69,2.0,3.0,0.0,17.86,57.63,352.0,349.9,0.0,1.653,2.036,1.948,211.4,217.1,0.2319999999999999,0.0,26.05,21.22,21.16,22.06,22.66,21.58,22.67,-120.7,22.06,22.73,223.0,17.83,24.49,24.34,24.62,20.87,21.19,16.95,12056.0,16733.0,16635.0,16967.0,14348.0,14373.0,11646.0,6.214,8.529999999999998,8.48,8.58,7.274,7.386,5.906000000000001,0.0,348.5,0.0,60.14,0.0,163.7,0.0,5.0,16.0,0.0,0.0,60.46,64.64,60.43,16.41,15.71,0.0,20.1,179.7,28.48,2.0,3.474,-1.0,1.385,3.1,4901
2016-03-31 08:42:00,58.34,60.56,59.55,1113280.0,62.9,59.9,60.0,46.96,43242.0,540.0,96874.0,1070019.0,46.4,0.2999999999999999,0.183,46.41,0.0,275.1,274.3,275.7,0.772,272.8,0.531,272.0,0.842,274.0,-0.0559999999999999,13.26,2.0,1.0,0.0,17.91,53.68,364.3,362.6,0.0,1.53,1.88,1.808,195.2,201.5,0.233,0.002,26.1,21.12,21.06,21.97,22.5,21.58,22.59,-120.9,21.92,22.59,206.1,15.85,21.73,21.53,21.95,18.67,18.98,15.1,12056.0,16733.0,16635.0,16967.0,14348.0,14373.0,11646.0,5.707000000000001,7.825,7.755,7.907999999999999,6.723,6.836,5.44,0.0,360.6,0.0,60.13,0.0,147.5,0.0,5.0,16.0,0.0,0.0,55.73,59.73,55.68,16.32,15.64,0.0,19.98,181.6,22.13,2.0,3.474,-1.0,3.09,4.9,4901
2016-03-31 08:43:00,48.79,50.96,50.0,1113280.0,62.9,59.9,60.0,38.94,43242.0,540.0,96874.0,1070020.0,38.52,-1.0,-1.132,38.54,0.0,274.7,274.2,275.7,0.772,272.6,0.531,272.0,0.842,273.9,0.0609999999999999,13.72,2.0,3.0,0.0,17.95,45.21,366.0,364.9,0.0,1.291,1.592,1.514,165.6,168.5,0.23,0.001,26.19,20.88,20.84,21.8,22.24,21.15,22.34,-121.2,21.84,22.26,172.8,13.08,17.97,17.89,18.14,15.42,15.6,12.53,12056.0,16733.0,16635.0,16967.0,14348.0,14373.0,11646.0,4.752,6.528,6.497999999999999,6.59,5.603,5.666,4.551,0.0,363.2,0.0,60.15,0.0,123.5,0.0,5.0,16.0,0.0,0.0,46.23,49.98,46.18,16.29,15.71,0.0,19.68,209.7,18.88,2.0,3.474,-1.0,2.1830000000000003,3.9,4901
2016-03-31 08:44:00,46.43,48.67,47.66,1113281.0,62.9,59.9,60.0,36.99,43242.0,540.0,96874.0,1070020.0,36.59,-0.999,-1.4580000000000002,36.61,0.0,274.8,274.1,275.6,0.772,272.7,0.531,272.0,0.842,273.8,0.004,13.72,2.0,3.0,0.0,17.98,42.99,359.3,358.1,0.0,1.209,1.499,1.409,157.1,158.0,0.23,0.0,26.29,20.58,20.53,21.55,21.99,20.88,22.06,-121.3,21.63,22.04,161.7,12.65,17.53,17.4,17.6,14.98,15.08,12.2,12056.0,16734.0,16635.0,16967.0,14348.0,14373.0,11646.0,4.507,6.244,6.2,6.272,5.337000000000001,5.374,4.347,0.0,356.3,0.0,60.14,0.0,119.7,0.0,5.0,16.0,0.0,0.0,43.9,47.63,43.88,16.39,15.64,0.0,19.36,173.5,17.52,2.0,3.474,-1.0,2.317,3.8,4901
2016-03-31 08:45:00,45.1,47.34,46.29,1113282.0,62.9,59.9,60.0,35.86,43242.0,540.0,96874.0,1070021.0,35.49,-0.999,-1.652,35.53,0.0,274.7,274.1,275.6,0.772,272.4,0.531,272.0,0.842,274.0,0.003,13.72,2.0,3.0,0.0,18.01,41.67,356.3,355.5,0.0,1.169,1.454,1.357,152.9,152.5,0.23,0.0,26.35,20.13,20.11,21.24,21.67,20.64,21.78,-122.5,21.24,21.68,155.6,12.31,17.12,17.06,17.18,14.6,14.67,11.99,12056.0,16734.0,16635.0,16967.0,14348.0,14373.0,11646.0,4.357,6.058,6.0360000000000005,6.081,5.167000000000001,5.191,4.244,0.0,353.9,0.0,60.15,0.0,117.0,0.0,5.0,16.0,0.0,0.0,42.59,46.3,42.57,16.32,15.54,0.0,19.01,182.8,17.57,2.0,3.474,-1.0,4.163,6.2,4901
2016-03-31 08:46:00,46.24,48.47,47.37,1113282.0,62.9,59.9,60.0,36.8,43242.0,540.0,96874.0,1070021.0,36.38,-0.999,-1.495,36.41,0.0,274.5,274.2,275.8,0.772,272.5,0.531,272.0,0.842,273.9,0.003,13.72,2.0,3.0,0.0,18.04,42.49,350.2,349.8,0.0,1.192,1.4880000000000002,1.379,156.9,155.3,0.23,0.0,26.45,19.69,19.66,20.91,21.28,20.27,21.27,-122.2,20.83,21.23,158.3,12.79,17.88,17.83,17.88,15.22,15.26,12.54,12056.0,16734.0,16635.0,16968.0,14348.0,14373.0,11646.0,4.452,6.222,6.204,6.222,5.297999999999999,5.311,4.365,0.0,348.0,0.0,60.15,0.0,121.3,0.0,5.0,16.0,0.0,0.0,43.64,47.41,43.61,16.26,15.55,0.0,18.64,193.2,22.2,2.0,,-1.0,4.757,16.9,4901
2016-03-31 08:47:00,49.66,51.98,50.86,1113283.0,62.9,59.9,60.0,39.71,43242.0,540.0,96874.0,1070022.0,39.2,-1.0,-1.016,39.21,0.0,274.7,274.2,275.8,0.772,272.8,0.531,272.0,0.842,274.0,0.003,13.72,2.0,3.0,0.0,18.06,45.26,345.0,345.1,0.0,1.281,1.598,1.481,168.8,167.3,0.23,0.0,26.52,19.27,19.27,20.56,20.82,19.92,20.92,-122.4,20.33,20.81,170.6,13.92,19.43,19.41,19.48,16.63,16.64,13.72,12056.0,16734.0,16635.0,16968.0,14348.0,14374.0,11646.0,4.781000000000001,6.674,6.667999999999999,6.691,5.712999999999999,5.718,4.714,0.0,343.5,0.0,60.14,0.0,131.2,0.0,5.0,16.0,0.0,0.0,47.0,50.91,46.98,16.18,15.51,0.0,18.35,190.3,17.49,2.0,3.474,-1.0,4.93,7.0,4901
2016-03-31 08:48:00,50.66,52.96,51.84,1113284.0,62.9,59.9,60.0,40.52,43242.0,540.0,96874.0,1070023.0,40.0,-1.0,-0.8669999999999999,40.01,0.0,274.8,274.1,275.7,0.772,272.6,0.531,272.0,0.842,273.9,-0.0069999999999999,13.31,2.0,1.0,0.0,18.07,46.31,357.0,355.9,0.0,1.298,1.625,1.4980000000000002,171.6,169.2,0.231,0.001,26.63,19.13,19.12,20.36,20.68,19.73,20.7,-123.1,20.2,20.62,171.4,13.67,19.2,19.14,19.24,16.47,16.44,13.6,12056.0,16734.0,16635.0,16968.0,14348.0,14374.0,11646.0,4.847,6.807,6.785,6.819,5.839,5.829,4.822,0.0,354.5,0.0,60.14,0.0,129.7,0.0,5.0,16.0,0.0,0.0,47.96,51.94,47.95,16.1,15.53,0.0,18.28,197.9,10.93,2.0,3.474,-1.0,3.1630000000000003,5.2,4901
2016-03-31 08:49:00,55.27,57.68,56.52,1113284.0,62.9,59.9,60.0,44.44,43242.0,540.0,96874.0,1070023.0,43.82,-0.267,-0.255,43.83,0.0,274.8,274.3,275.9,0.772,272.7,0.531,272.0,0.842,273.9,0.011,13.68,2.0,3.0,0.0,18.1,50.07,345.2,344.6,0.0,1.431,1.801,1.6469999999999998,190.1,185.7,0.231,0.001,26.68,19.07,19.07,20.32,20.61,19.67,20.53,-123.7,20.09,20.61,189.3,15.51,21.85,21.83,21.84,18.64,18.58,15.48,12056.0,16734.0,16636.0,16968.0,14348.0,14374.0,11646.0,5.31,7.482,7.476,7.477,6.382000000000001,6.364,5.299,0.0,342.9,0.0,60.23,0.0,145.2,0.0,5.0,16.0,0.0,0.0,52.56,56.63,52.52,16.17,15.53,0.0,18.12,183.2,9.07,2.0,3.474,-1.0,3.238,5.0,4901
2016-03-31 08:50:00,63.37,65.78,64.62,1113285.0,62.9,59.9,60.0,51.21,43242.0,540.0,96874.0,1070024.0,50.52,1.0,0.817,50.52,0.0,274.8,274.2,275.8,0.772,272.6,0.531,272.0,0.842,273.7,0.003,13.69,2.0,3.0,0.0,18.1,57.09,341.0,339.7,0.0,1.6740000000000002,2.101,1.932,219.3,216.1,0.2319999999999999,0.0,26.77,19.12,19.12,20.39,20.59,19.76,20.61,-122.8,20.09,20.65,217.9,18.01,25.38,25.26,25.37,21.69,21.59,17.98,12056.0,16734.0,16636.0,16968.0,14348.0,14374.0,11646.0,6.094,8.59,8.55,8.59,7.34,7.306,6.084,0.0,338.4,0.0,60.22,0.0,167.4,0.0,5.0,16.0,0.0,0.0,60.68,64.96,60.66,16.19,15.56,0.0,18.27,186.1,17.75,2.0,3.474,-1.0,4.057,7.2,4901
2016-03-31 08:51:00,67.42,69.81,68.64,1113286.0,62.9,59.9,60.0,54.57,43242.0,540.0,96874.0,1070025.0,53.85,1.0,1.3630000000000002,53.87,0.0,274.9,274.2,275.8,0.772,272.1,0.531,272.0,0.842,273.3,0.003,13.69,2.0,3.0,0.0,18.12,60.8,349.4,347.5,0.0,1.761,2.219,2.029,231.6,226.3,0.2319999999999999,0.0,26.82,19.38,19.34,20.58,20.71,19.81,20.74,-123.3,20.3,20.73,228.5,18.77,26.5,26.42,26.5,22.63,22.46,18.76,12056.0,16734.0,16636.0,16968.0,14349.0,14374.0,11646.0,6.497000000000001,9.170000000000002,9.14,9.170000000000002,7.832999999999998,7.772,6.493,0.0,346.3,0.0,60.19,0.0,174.1,0.0,5.0,16.0,0.0,0.0,64.8,69.12,64.73,16.31,15.73,0.0,18.54,199.9,18.9,2.0,3.474,-1.0,2.645,4.9,4901
2016-03-31 08:52:00,76.26999999999998,78.81999999999998,77.56999999999998,1113287.0,62.9,59.9,60.0,62.06,43242.0,540.0,96874.0,1070026.0,61.15,0.999,2.557,61.2,0.0,275.0,274.3,275.9,0.772,272.0,0.531,272.0,0.842,273.4,0.003,13.68,2.0,3.0,0.0,18.12,68.32,343.8,341.9,0.0,2.011,2.525,2.318,263.4,258.8,0.233,0.0,26.87,19.73,19.8,20.86,20.97,20.09,21.07,-122.4,20.59,21.02,261.8,21.68,30.53,30.39,30.42,25.99,25.9,21.52,12057.0,16735.0,16636.0,16968.0,14349.0,14374.0,11646.0,7.396,10.41,10.37,10.38,8.87,8.83,7.341,0.0,341.1,0.0,60.14,0.0,198.7,0.0,5.0,16.0,0.0,0.0,73.65,78.28,73.61,16.4,15.82,0.0,18.89,193.5,19.81,2.0,3.474,-1.0,2.61,3.7,4901
2016-03-31 08:53:00,82.4,84.79999999999998,83.59999999999998,1113288.0,62.9,59.9,60.0,67.09,43242.0,540.0,96874.0,1070027.0,66.06,0.999,3.388,66.15,0.0,275.1,274.3,275.8,0.772,272.0,0.531,272.0,0.842,273.0,0.003,13.68,2.0,3.0,0.0,18.14,73.2,349.9,349.7,0.0,2.133,2.662,2.468,279.8,278.3,0.233,0.0,26.96,20.09,20.12,21.26,21.33,20.4,21.41,-122.8,20.93,21.41,280.8,22.97,32.07,31.98,32.14,27.41,27.39,22.54,12057.0,16735.0,16636.0,16969.0,14349.0,14374.0,11647.0,8.01,11.19,11.16,11.21,9.56,9.56,7.865,0.0,349.0,0.0,60.15,0.0,209.2,0.0,5.0,16.0,0.0,0.0,79.72,84.4,79.61,16.4,15.79,0.0,18.98,198.6,25.73,2.0,3.474,-1.0,4.02,7.599999999999999,4901
2016-03-31 08:54:00,78.09,80.4,79.29,1113289.0,62.9,59.9,60.0,63.46,43242.0,540.0,96874.0,1070028.0,62.57,0.999,2.809,62.63,0.0,274.8,274.2,275.8,0.772,272.0,0.531,272.0,0.842,273.0,0.002,13.58,2.0,1.0,0.0,18.16,70.06,363.5,362.8,0.0,2.002,2.488,2.323,262.8,263.1,0.233,0.001,26.98,20.17,20.21,21.29,21.37,20.36,21.48,-122.3,20.94,21.37,265.8,21.01,29.18,29.15,29.41,25.05,25.11,20.57,12057.0,16735.0,16636.0,16969.0,14349.0,14375.0,11647.0,7.596,10.55,10.54,10.64,9.06,9.08,7.437,0.0,361.7,0.0,60.15,0.0,192.7,0.0,5.0,16.0,0.0,0.0,75.51999999999998,80.0,75.37999999999998,16.32,15.83,0.0,19.1,190.0,18.68,2.0,3.474,-1.0,3.805,5.3,4901
2016-03-31 08:55:00,75.81,78.23,77.09,1113290.0,62.9,59.9,60.0,61.62,43242.0,540.0,96875.0,1070029.0,60.75,0.999,2.498,60.8,0.0,275.0,274.3,275.7,0.772,272.0,0.531,272.0,0.842,273.0,0.003,13.69,2.0,3.0,0.0,18.17,68.1,360.2,359.0,0.0,1.957,2.428,2.268,255.7,256.6,0.233,0.0,27.06,20.36,20.47,21.48,21.57,20.6,21.62,-122.5,21.04,21.59,257.9,20.61,28.64,28.47,28.75,24.56,24.63,20.12,12057.0,16735.0,16637.0,16969.0,14349.0,14375.0,11647.0,7.391,10.27,10.21,10.31,8.81,8.84,7.216,0.0,358.8,0.0,60.14,0.0,189.1,0.0,5.0,16.0,0.0,0.0,73.26999999999998,77.72,73.15999999999998,16.43,15.92,0.0,19.29,177.4,17.23,2.0,3.474,-1.0,2.657,3.9,4901
2016-03-31 08:56:00,64.27,66.39,65.4,1113291.0,62.9,59.9,60.0,51.83,43242.0,540.0,96875.0,1070030.0,51.22,1.0,0.961,51.23,0.0,275.0,274.1,275.5,0.772,272.0,0.531,272.0,0.842,273.0,0.003,13.69,2.0,3.0,0.0,18.19,58.26,368.2,366.9,0.0,1.6769999999999998,2.082,1.952,218.5,219.7,0.2319999999999999,0.0,27.06,20.41,20.44,21.7,21.77,20.77,21.86,-121.2,21.25,21.68,220.6,17.05,23.61,23.49,23.83,20.29,20.37,16.62,12057.0,16735.0,16637.0,16969.0,14349.0,14375.0,11647.0,6.237,8.64,8.59,8.72,7.425,7.453999999999998,6.082999999999999,0.0,366.1,0.0,60.15,0.0,158.3,0.0,5.0,16.0,0.0,0.0,61.7,65.77,61.56,16.45,15.87,0.0,19.4,197.6,19.27,2.0,3.474,-1.0,3.657,5.2,4901
2016-03-31 08:57:00,63.72,65.97,64.9,1113292.0,62.9,59.9,60.0,51.4,43242.0,540.0,96875.0,1070031.0,50.74,1.0,0.906,50.75,0.0,274.7,273.9,275.5,0.772,272.0,0.531,272.0,0.842,273.0,0.003,13.69,2.0,3.0,0.0,18.22,57.52,356.2,355.8,0.0,1.635,2.023,1.904,213.8,215.5,0.2319999999999999,0.0,27.13,20.38,20.28,21.51,21.69,20.69,21.74,-122.2,21.21,21.53,219.1,17.46,24.22,24.17,24.34,20.76,20.95,17.03,12057.0,16735.0,16637.0,16969.0,14349.0,14375.0,11647.0,6.198,8.599999999999998,8.58,8.64,7.371,7.439,6.045,0.0,355.1,0.0,60.19,0.0,161.5,0.0,5.0,16.0,0.0,0.0,61.09,65.25,60.98,16.4,15.92,0.0,19.37,193.8,31.85,2.0,3.474,-1.0,3.138,6.7,4901
2016-03-31 08:58:00,63.6,65.84,64.77,1113293.0,62.9,59.9,60.0,51.28,43242.0,540.0,96875.0,1070032.0,50.62,1.0,0.884,50.62,0.0,274.5,274.0,275.5,0.772,272.0,0.531,272.0,0.842,273.0,0.003,13.69,2.0,3.0,0.0,18.23,57.81,360.5,358.6,0.0,1.625,2.013,1.881,214.2,214.4,0.2319999999999999,0.0,27.14,20.53,20.49,21.5,21.67,20.74,21.73,-122.1,21.2,21.57,216.9,17.24,23.91,23.95,24.17,20.52,20.58,16.87,12057.0,16735.0,16637.0,16969.0,14350.0,14375.0,11647.0,6.163,8.55,8.56,8.64,7.337,7.357999999999999,6.033,0.0,357.6,0.0,60.14,0.0,160.4,0.0,5.0,16.0,0.0,0.0,60.96,65.1,60.87,16.44,16.0,0.0,19.59,187.5,15.15,2.0,3.474,-1.0,2.898,5.9,4901
2016-03-31 08:59:00,60.33,62.5,61.48,1113294.0,62.9,59.9,60.0,48.54,43242.0,540.0,96875.0,1070033.0,47.92,1.0,0.462,47.92,0.0,274.6,274.1,275.6,0.772,272.0,0.531,272.0,0.842,273.0,-0.021,13.3,2.0,1.0,0.0,18.26,55.12,365.3,362.9,0.0,1.541,1.905,1.791,203.0,204.7,0.23,0.001,27.16,20.6,20.54,21.57,21.75,20.8,21.78,-122.7,21.34,21.66,207.8,16.18,22.29,22.34,22.64,19.29,19.35,15.78,12057.0,16736.0,16637.0,16969.0,14350.0,14375.0,11647.0,5.85,8.06,8.08,8.189999999999998,6.973,6.995,5.704,0.0,361.7,0.0,60.14,0.0,150.9,0.0,5.0,16.0,0.0,0.0,57.68,61.71,57.54,16.53,16.04,0.0,19.6,186.5,18.43,2.0,3.475,-1.0,2.202,4.5,4901
2016-03-31 09:00:00,57.94,60.17,59.12,1113295.0,62.9,59.9,60.0,46.54,43242.0,540.0,96875.0,1070033.0,45.93,0.767,0.156,45.93,0.0,274.6,273.9,275.4,0.772,272.0,0.531,272.0,0.842,273.0,0.025,13.3,2.0,1.0,0.0,18.28,52.92,361.7,359.6,0.0,1.477,1.824,1.714,194.5,195.8,0.2319999999999999,0.001,27.16,20.51,20.43,21.54,21.77,20.74,21.66,-122.0,21.21,21.63,199.0,15.6,21.49,21.62,21.85,18.61,18.67,15.26,12058.0,16736.0,16637.0,16969.0,14350.0,14375.0,11647.0,5.599,7.712999999999998,7.757999999999998,7.841,6.68,6.7,5.477,0.0,358.9,0.0,60.15,0.0,146.3,0.0,5.0,16.0,0.0,0.0,55.26,59.3,55.15,16.6,16.0,0.0,19.42,184.4,22.19,2.0,3.474,-1.0,3.362,6.6,4901
2016-03-31 09:01:00,54.09,56.39,55.29,1113295.0,62.9,59.9,60.0,43.36,43242.0,540.0,96875.0,1070034.0,42.78,-1.0,-0.38,42.78,0.0,274.4,274.0,275.4,0.772,272.0,0.531,272.0,0.842,273.0,0.004,13.69,2.0,3.0,0.0,18.29,49.64,361.7,360.6,0.0,1.386,1.715,1.604,182.6,182.8,0.231,0.0,27.16,20.23,20.12,21.36,21.56,20.54,21.51,-121.9,21.08,21.4,185.4,14.53,20.13,20.17,20.33,17.31,17.4,14.24,12058.0,16736.0,16637.0,16970.0,14350.0,14375.0,11647.0,5.225,7.237999999999999,7.25,7.308,6.224,6.254,5.119,0.0,359.6,0.0,60.14,0.0,137.2,0.0,5.0,16.0,0.0,0.0,51.47,55.37,51.34,16.49,15.93,0.0,19.17,203.8,15.47,2.0,3.474,-1.0,5.74,9.4,4901
2016-03-31 09:02:00,53.96,56.25,55.16,1113296.0,62.9,59.9,60.0,43.23,43242.0,540.0,96875.0,1070035.0,42.63,-1.0,-0.397,42.63,0.0,274.5,273.8,275.3,0.772,272.0,0.531,271.9,0.842,273.0,0.003,13.69,2.0,3.0,0.0,18.32,49.58,357.3,355.8,0.0,1.372,1.699,1.587,181.4,181.2,0.231,0.0,27.16,19.8,19.74,20.94,21.19,20.23,21.19,-122.6,20.67,21.0,183.9,14.65,20.38,20.39,20.51,17.5,17.58,14.4,12058.0,16736.0,16637.0,16970.0,14350.0,14376.0,11648.0,5.198,7.232,7.232999999999999,7.277,6.209,6.238,5.109,0.0,354.8,0.0,60.15,0.0,138.8,0.0,5.0,16.0,0.0,0.0,51.28,55.22,51.19,16.46,15.87,0.0,18.77,184.2,14.15,2.0,3.474,-1.0,5.515,9.4,4901
2016-03-31 09:03:00,53.12,55.42,54.35,1113297.0,62.9,59.9,60.0,42.56,43242.0,540.0,96875.0,1070036.0,41.98,-1.0,-0.514,41.98,0.0,274.5,274.0,275.4,0.772,272.0,0.531,272.0,0.842,273.0,0.003,13.69,2.0,3.0,0.0,18.33,48.85,358.3,357.2,0.0,1.35,1.67,1.564,178.3,178.9,0.231,0.0,27.16,19.59,19.58,20.71,20.98,20.0,21.0,-123.2,20.45,20.75,181.4,14.36,19.92,19.93,20.15,17.17,17.24,14.11,12058.0,16736.0,16637.0,16970.0,14350.0,14376.0,11648.0,5.113,7.094,7.098,7.175,6.1160000000000005,6.138999999999999,5.026,0.0,356.3,0.0,60.15,0.0,136.4,0.0,5.0,16.0,0.0,0.0,50.5,54.37,50.4,16.46,15.95,0.0,18.66,197.0,16.54,2.0,3.474,-1.0,5.837999999999999,9.8,4901
2016-03-31 09:04:00,48.43,50.56,49.57,1113298.0,62.9,59.9,60.0,38.52,43242.0,540.0,96875.0,1070036.0,38.07,-0.999,-1.182,38.09,0.0,273.8,273.8,275.2,0.772,271.8,0.531,271.5,0.842,273.0,0.003,13.69,2.0,3.0,0.0,18.35,44.93,365.6,364.3,0.0,1.24,1.53,1.4409999999999998,162.6,164.2,0.23,0.0,27.16,19.38,19.37,20.48,20.72,19.81,20.73,-123.2,20.32,20.46,166.8,12.86,17.7,17.71,17.95,15.3,15.41,12.49,12058.0,16736.0,16638.0,16970.0,14350.0,14376.0,11648.0,4.672,6.429,6.434,6.519,5.557,5.599,4.5360000000000005,0.0,363.3,0.0,60.15,0.0,122.9,0.0,5.0,16.0,0.0,0.0,45.87,49.53,45.75,16.43,15.95,0.0,18.43,190.0,18.82,2.0,3.474,-1.0,5.792999999999999,9.0,4901
2016-03-31 09:05:00,39.07,41.1,40.14,1113298.0,62.9,59.9,60.0,30.67,43242.0,540.0,96875.0,1070037.0,30.45,-0.996,-2.508,30.56,0.0,274.2,273.6,275.0,0.772,271.9,0.531,271.6,0.842,273.0,0.0,13.56,2.0,1.0,0.0,18.35,37.3,371.2,369.2,0.0,1.026,1.265,1.197,133.8,135.7,0.2289999999999999,0.001,27.13,19.06,19.05,20.13,20.38,19.47,20.39,-123.5,20.02,20.15,137.9,10.23,13.96,14.04,14.31,12.11,12.19,9.85,12058.0,16736.0,16638.0,16970.0,14350.0,14376.0,11648.0,3.768,5.144,5.172999999999999,5.272,4.462,4.492,3.63,0.0,368.3,0.0,60.14,0.0,100.5,0.0,5.0,16.0,0.0,0.0,36.79,40.12,36.68,16.42,15.97,0.0,18.17,201.0,15.29,2.0,3.474,-1.0,6.06,8.9,4901
2016-03-31 09:06:00,32.93,34.99,34.05,1113299.0,62.9,59.9,60.0,25.58,43242.0,540.0,96875.0,1070037.0,25.49,-0.991,-3.37,25.71,0.0,274.0,273.8,275.1,0.772,272.0,0.531,271.9,0.842,273.0,0.005,13.69,2.0,3.0,0.0,18.37,32.15,365.3,363.2,0.0,0.8609999999999999,1.065,1.001,112.4,112.9,0.2289999999999999,0.0,27.12,18.79,18.78,19.78,20.03,19.17,20.04,-124.2,19.74,19.8,115.5,8.75,12.05,12.1,12.22,10.35,10.44,8.46,12058.0,16736.0,16638.0,16970.0,14350.0,14376.0,11648.0,3.168,4.362,4.38,4.423,3.747,3.78,3.063,0.0,362.0,0.0,60.14,0.0,88.0,0.0,5.0,16.0,0.0,0.0,30.86,34.1,30.9,16.39,15.95,0.0,17.93,201.7,12.02,2.0,3.474,-1.0,5.325,11.2,4901
2016-03-31 09:07:00,32.88,34.98,33.97,1113299.0,62.9,59.9,60.0,25.55,43242.0,540.0,96875.0,1070038.0,25.45,-0.991,-3.385,25.67,0.0,274.4,273.7,275.1,0.772,272.0,0.531,271.9,0.842,273.0,0.003,13.69,2.0,3.0,0.0,18.38,31.88,352.1,349.8,0.0,0.849,1.054,0.982,111.0,110.5,0.2289999999999999,0.0,27.11,18.55,18.55,19.54,19.78,18.93,19.79,-124.3,19.54,19.54,112.7,9.01,12.52,12.52,12.58,10.69,10.78,8.8,12058.0,16736.0,16638.0,16970.0,14350.0,14376.0,11648.0,3.144,4.372,4.371,4.393,3.733,3.762,3.072,0.0,349.2,0.0,60.14,0.0,90.5,0.0,5.0,16.0,0.0,0.0,30.77,34.09,30.85,16.49,15.97,0.0,17.78,189.4,10.39,2.0,3.474,-1.0,5.388,8.5,4901
2016-03-31 09:08:00,30.3,32.39,31.43,1113299.0,62.9,59.9,60.0,23.4,43242.0,540.0,96875.0,1070038.0,23.37,-0.987,-3.744,23.67,0.0,274.2,273.6,275.0,0.772,272.0,0.531,271.7,0.842,273.0,0.003,13.68,2.0,3.0,0.0,18.38,29.73,357.8,356.4,0.0,0.7879999999999999,0.981,0.911,103.2,102.0,0.2289999999999999,0.0,27.06,18.36,18.39,19.21,19.5,18.69,19.51,-125.1,19.3,19.32,104.1,8.12,11.31,11.31,11.4,9.72,9.74,7.998999999999999,12058.0,16737.0,16638.0,16970.0,14350.0,14376.0,11648.0,2.886,4.022,4.021,4.053,3.454,3.462,2.844,0.0,355.6,0.0,60.2,0.0,83.09999999999998,0.0,5.0,16.0,0.0,0.0,28.37,31.61,28.48,16.39,15.95,0.0,17.58,194.8,24.39,2.0,3.474,-1.0,5.972,9.1,4901
2016-03-31 09:09:00,32.72,34.9,33.89,1113300.0,62.9,59.9,60.0,25.47,43242.0,540.0,96875.0,1070038.0,25.33,-0.991,-3.411,25.57,0.0,274.3,273.8,275.2,0.772,272.0,0.531,272.0,0.842,273.0,0.003,13.68,2.0,3.0,0.0,18.38,31.55,343.4,341.3,0.0,0.8519999999999999,1.07,0.978,112.7,109.4,0.2289999999999999,0.0,27.06,18.2,18.28,19.01,19.28,18.49,19.24,-124.9,18.99,19.11,112.1,9.14,12.89,12.91,12.88,10.97,10.97,9.13,12058.0,16737.0,16638.0,16970.0,14351.0,14376.0,11648.0,3.107,4.384,4.39,4.38,3.73,3.729,3.104,0.0,340.5,0.0,60.2,0.0,92.0,0.0,5.0,16.0,0.0,0.0,30.61,33.96,30.71,16.43,15.96,0.0,17.5,198.2,19.27,2.0,3.475,-1.0,3.928,5.9,4901
2016-03-31 09:10:00,40.49,42.87,41.79,1113300.0,62.9,59.9,60.0,32.04,43242.0,540.0,96875.0,1070039.0,31.67,-0.997,-2.335,31.76,0.0,274.4,273.9,275.3,0.772,272.0,0.531,272.0,0.842,273.0,0.005,13.68,2.0,3.0,0.0,18.38,37.88,320.5,320.1,0.0,1.104,1.386,1.266,145.8,141.9,0.23,0.0,27.06,18.3,18.32,18.98,19.2,18.4,19.19,-124.8,19.0,19.02,144.6,12.14,17.12,17.07,17.02,14.51,14.49,12.08,12058.0,16737.0,16638.0,16971.0,14351.0,14376.0,11648.0,3.867,5.455,5.439,5.42,4.622,4.6160000000000005,3.849,0.0,319.0,0.0,60.15,0.0,118.3,0.0,5.0,16.0,0.0,0.0,38.09,41.71,38.12,16.35,16.0,0.0,17.56,211.6,19.7,2.0,3.474,-1.0,5.433,8.5,4901
2016-03-31 09:11:00,48.53,50.94,49.82,1113301.0,62.9,59.9,60.0,38.76,43242.0,540.0,96875.0,1070039.0,38.14,-0.999,-1.203,38.16,0.0,274.4,273.8,275.3,0.772,272.0,0.531,271.7,0.842,273.0,-0.002,13.31,2.0,1.0,0.0,18.38,44.64,311.7,310.1,0.0,1.357,1.689,1.5719999999999998,177.6,176.6,0.231,0.001,27.01,18.41,18.49,19.11,19.25,18.55,19.29,-124.3,19.06,19.1,179.5,15.03,21.0,20.92,20.98,17.94,17.97,14.83,12058.0,16737.0,16638.0,16971.0,14351.0,14376.0,11648.0,4.652,6.497999999999999,6.475,6.493,5.553,5.56,4.588,0.0,309.4,0.0,60.15,0.0,143.2,0.0,5.0,16.0,0.0,0.0,45.83,49.71,45.81,16.44,16.0,0.0,17.6,188.4,10.5,2.0,3.474,-1.0,6.153,8.699999999999998,4901
2016-03-31 09:12:00,48.55,50.96,49.83,1113302.0,62.9,59.9,60.0,38.8,43242.0,540.0,96875.0,1070040.0,38.25,-0.999,-1.198,38.27,0.0,274.6,274.2,275.6,0.772,272.0,0.531,272.0,0.842,273.0,0.005,13.69,2.0,3.0,0.0,18.38,45.3,327.4,326.3,0.0,1.297,1.6130000000000002,1.51,169.9,169.8,0.231,0.001,26.96,18.49,18.54,19.19,19.43,18.74,19.5,-124.3,19.17,19.27,173.5,14.33,19.97,19.9,20.02,17.19,17.2,14.14,12058.0,16737.0,16639.0,16971.0,14351.0,14376.0,11648.0,4.658,6.489,6.469,6.507000000000001,5.586,5.59,4.595,0.0,325.0,0.0,60.15,0.0,138.4,0.0,5.0,16.0,0.0,0.0,45.91,49.8,45.9,16.42,15.98,0.0,17.74,188.4,12.86,2.0,3.474,-1.0,4.827,7.8,4901
2016-03-31 09:13:00,53.17,55.56,54.37,1113302.0,62.9,59.9,60.0,42.6,43242.0,540.0,96875.0,1070041.0,41.98,-1.0,-0.536,41.98,0.0,274.7,273.8,275.3,0.772,272.0,0.531,271.9,0.842,273.0,0.003,13.69,2.0,3.0,0.0,18.38,49.55,340.6,338.9,0.0,1.37,1.702,1.5930000000000002,180.6,180.5,0.231,0.0,27.03,18.67,18.73,19.32,19.59,18.83,19.62,-124.6,19.27,19.39,185.4,15.17,21.11,21.12,21.2,18.14,18.22,14.92,12058.0,16737.0,16639.0,16971.0,14351.0,14376.0,11648.0,5.125,7.132000000000001,7.136,7.162000000000001,6.13,6.156000000000001,5.042,0.0,337.8,0.0,60.14,0.0,145.4,0.0,5.0,16.0,0.0,0.0,50.45,54.46,50.39,16.44,16.07,0.0,17.87,188.3,22.39,2.0,3.474,-1.0,4.455,7.8,4901
2016-03-31 09:14:00,57.54,59.82,58.69,1113303.0,62.9,59.9,60.0,46.2,43242.0,540.0,96875.0,1070042.0,45.52,0.633,0.098,45.52,0.0,274.3,273.8,275.3,0.772,272.0,0.531,271.7,0.842,273.0,0.003,13.69,2.0,3.0,0.0,18.38,53.2,349.5,348.7,0.0,1.4580000000000002,1.808,1.693,192.4,192.5,0.231,0.0,27.06,18.84,18.92,19.48,19.7,19.01,19.75,-124.8,19.33,19.53,197.3,15.97,22.21,22.27,22.34,19.09,19.19,15.72,12058.0,16737.0,16639.0,16971.0,14351.0,14377.0,11648.0,5.551,7.722,7.74,7.764999999999999,6.6370000000000005,6.672000000000001,5.464,0.0,347.6,0.0,60.13,0.0,152.2,0.0,5.0,16.0,0.0,0.0,54.77,58.85,54.64,16.49,16.11,0.0,17.97,185.0,15.83,2.0,3.474,-1.0,4.613,7.9,4901
2016-03-31 09:15:00,61.72,63.92,62.8,1113304.0,62.9,59.9,60.0,49.66,43242.0,540.0,96875.0,1070042.0,48.95,1.0,0.631,48.95,0.0,274.3,273.9,275.4,0.772,272.0,0.531,272.0,0.842,273.0,0.003,13.69,2.0,3.0,0.0,18.38,56.45,348.2,349.8,0.0,1.57,1.948,1.82,207.0,207.1,0.2319999999999999,0.0,27.06,19.03,19.13,19.67,19.91,19.17,19.92,-123.9,19.53,19.71,210.3,17.1,23.77,23.83,23.96,20.46,20.48,16.85,12059.0,16737.0,16639.0,16971.0,14351.0,14377.0,11648.0,5.956,8.279999999999998,8.3,8.349999999999998,7.126,7.136,5.87,0.0,348.4,0.0,60.13,0.0,162.1,0.0,5.0,16.0,0.0,0.0,58.92,63.09,58.82,16.51,16.11,0.0,18.16,190.7,17.31,2.0,3.474,-1.0,5.1370000000000005,8.199999999999998,4901
2016-03-31 09:16:00,57.56,59.81,58.73,1113305.0,62.9,59.9,60.0,46.21,43242.0,540.0,96875.0,1070043.0,45.6,0.367,0.093,45.6,0.0,274.3,273.8,275.3,0.772,272.0,0.531,271.9,0.842,273.0,0.021,13.67,2.0,1.0,0.0,18.4,53.63,364.7,362.3,0.0,1.465,1.817,1.703,192.3,192.8,0.231,0.0,27.16,19.03,19.18,19.81,20.02,19.32,20.07,-123.2,19.69,19.9,195.8,15.35,21.43,21.31,21.46,18.4,18.55,15.1,12059.0,16737.0,16639.0,16971.0,14351.0,14377.0,11649.0,5.541,7.734,7.692,7.746,6.638999999999999,6.693,5.4510000000000005,0.0,361.0,0.0,60.14,0.0,147.1,0.0,5.0,16.0,0.0,0.0,54.9,58.88,54.76,16.59,16.08,0.0,18.18,186.8,15.53,2.0,3.474,-1.0,4.148,6.4,4901
2016-03-31 09:17:00,60.23,62.48,61.33,1113306.0,62.9,59.9,60.0,48.39,43242.0,540.0,96875.0,1070044.0,47.66,0.967,0.4149999999999999,47.67,0.0,274.0,273.7,275.3,0.772,272.0,0.531,271.2,0.842,273.0,-0.017,13.31,2.0,1.0,0.0,18.4,55.17,349.5,348.8,0.0,1.543,1.919,1.779,203.6,201.6,0.2319999999999999,0.001,27.16,19.2,19.36,19.97,20.21,19.52,20.25,-75.54999999999998,19.77,20.06,205.1,16.68,23.41,23.39,23.43,19.9,20.01,16.49,12059.0,16738.0,16639.0,16971.0,14351.0,14377.0,11649.0,5.795,8.13,8.13,8.14,6.914,6.955,5.732,0.0,347.9,0.0,60.14,0.0,158.0,0.0,5.0,16.0,0.0,0.0,57.42,61.53,57.3,16.63,16.19,0.0,18.37,174.0,34.64,2.0,3.473,-1.0,2.845,5.0,4901
2016-03-31 09:18:00,65.57,67.91,66.72,1113307.0,62.9,59.9,60.0,52.92,43242.0,540.0,96875.0,1070045.0,52.21,1.0,1.117,52.22,0.0,274.0,274.0,275.5,0.772,272.0,0.531,271.8,0.842,273.0,0.004,13.69,2.0,3.0,0.0,18.41,59.66,341.9,343.0,0.0,1.7080000000000002,2.117,1.979,223.3,223.7,0.2319999999999999,0.0,27.25,19.53,19.63,20.26,20.5,19.8,20.46,-102.4,19.96,20.33,225.5,18.57,25.88,25.84,25.99,22.22,22.23,18.33,12059.0,16738.0,16639.0,16972.0,14352.0,14377.0,11649.0,6.332000000000001,8.82,8.81,8.859999999999998,7.577,7.582,6.251,0.0,341.2,0.0,60.14,0.0,174.6,0.0,5.0,16.0,0.0,0.0,62.89,67.17,62.81,16.69,16.2,0.0,18.63,188.5,23.59,2.0,3.473,-1.0,3.305,6.7,4901
2016-03-31 09:19:00,59.07,61.32,60.2,1113307.0,62.9,59.9,60.0,47.44,43242.0,540.0,96875.0,1070046.0,46.83,1.0,0.281,46.83,0.0,274.1,273.8,275.4,0.772,272.0,0.531,271.5,0.842,273.0,0.003,13.69,2.0,3.0,0.0,18.43,54.21,355.5,355.4,0.0,1.509,1.869,1.751,197.7,198.0,0.231,0.0,27.29,19.74,19.84,20.37,20.66,19.92,20.67,-120.0,20.25,20.52,201.3,16.06,22.39,22.45,22.56,19.24,19.35,15.88,12059.0,16738.0,16639.0,16972.0,14352.0,14377.0,11649.0,5.682,7.922,7.941,7.982999999999999,6.805,6.845,5.617000000000001,0.0,353.8,0.0,60.15,0.0,152.5,0.0,5.0,16.0,0.0,0.0,56.38,60.45,56.27,16.73,16.31,0.0,18.91,192.2,15.34,2.0,3.473,-1.0,3.462,5.6,4901
2016-03-31 09:20:00,62.96,65.25,64.11,1113308.0,62.9,59.9,60.0,50.7,43242.0,540.0,96875.0,1070046.0,50.07,1.0,0.7829999999999999,50.07,0.0,274.0,273.8,275.4,0.772,272.0,0.531,271.2,0.842,273.0,0.003,13.69,2.0,3.0,0.0,18.43,57.64,348.6,347.9,0.0,1.621,2.01,1.872,213.3,212.3,0.2319999999999999,0.0,27.35,19.96,20.11,20.58,20.87,20.1,20.84,-101.6,20.39,20.64,215.2,17.58,24.56,24.53,24.64,21.04,21.06,17.32,12059.0,16738.0,16639.0,16972.0,14352.0,14377.0,11649.0,6.085,8.5,8.49,8.529999999999998,7.282999999999999,7.29,5.996,0.0,346.2,0.0,60.15,0.0,165.4,0.0,5.0,16.0,0.0,0.0,60.32,64.51,60.21,16.77,16.36,0.0,19.09,194.2,21.98,2.0,3.474,-1.0,3.487,5.7,4901
2016-03-31 09:21:00,66.71,69.02,67.9,1113309.0,62.9,59.9,60.0,53.84,43242.0,540.0,96875.0,1070047.0,53.14,1.0,1.27,53.16,0.0,274.4,273.7,275.2,0.772,272.0,0.531,271.0,0.842,273.0,0.003,13.69,2.0,3.0,0.0,18.45,60.75,354.0,354.4,0.0,1.712,2.1180000000000003,1.983,224.3,224.7,0.2319999999999999,0.0,27.45,20.22,20.34,20.8,21.09,20.29,21.07,-79.56999999999998,20.61,20.88,227.0,18.26,25.55,25.42,25.58,21.85,22.0,18.0,12059.0,16738.0,16640.0,16972.0,14352.0,14377.0,11649.0,6.441,9.01,8.97,9.02,7.706,7.761,6.349,0.0,352.8,0.0,60.14,0.0,171.6,0.0,5.0,16.0,0.0,0.0,64.07,68.34,64.0,16.85,16.41,0.0,19.31,188.5,32.7,2.0,3.474,-1.0,2.405,5.6,4901
2016-03-31 09:22:00,66.42,68.74,67.64,1113310.0,62.9,59.9,60.0,53.61,43242.0,540.0,96875.0,1070048.0,52.93,1.0,1.242,52.95,0.0,274.1,273.7,275.3,0.772,272.0,0.531,271.1,0.842,273.0,-0.009,13.53,2.0,1.0,0.0,18.47,60.7,360.8,360.1,0.0,1.7009999999999998,2.095,1.979,221.7,224.3,0.2319999999999999,0.001,27.46,20.44,20.56,21.08,21.38,20.57,21.35,-121.8,20.86,21.14,227.9,17.99,24.86,24.88,25.12,21.45,21.61,17.59,12059.0,16738.0,16640.0,16972.0,14352.0,14378.0,11649.0,6.449,8.91,8.92,9.01,7.692,7.747999999999998,6.308,0.0,358.7,0.0,60.14,0.0,168.3,0.0,5.0,16.0,0.0,0.0,63.83,68.06,63.74,16.83,16.38,0.0,19.47,195.6,35.06,2.0,3.474,-1.0,2.715,5.7,4901
2016-03-31 09:23:00,59.96,62.13,61.11,1113311.0,62.9,59.9,60.0,48.14,43242.0,540.0,96875.0,1070049.0,47.57,1.0,0.4039999999999999,47.57,0.0,274.2,273.6,275.2,0.772,272.0,0.531,271.1,0.842,273.0,0.0139999999999999,13.53,2.0,3.0,0.0,18.48,55.15,367.8,367.0,0.0,1.5490000000000002,1.909,1.7990000000000002,202.0,203.6,0.2319999999999999,0.001,27.54,20.59,20.7,21.12,21.48,20.59,21.4,-79.29,20.89,21.18,206.8,15.85,21.93,21.95,22.2,18.88,19.02,15.51,12059.0,16738.0,16640.0,16972.0,14352.0,14378.0,11649.0,5.797000000000001,8.019999999999998,8.029999999999998,8.12,6.902,6.955,5.669,0.0,365.6,0.0,60.15,0.0,150.0,0.0,5.0,16.0,0.0,0.0,57.34,61.34,57.2,16.81,16.44,0.0,19.63,215.6,23.17,2.0,3.474,-1.0,3.335,5.7,4901
2016-03-31 09:24:00,59.57,61.76,60.67,1113312.0,62.9,59.9,60.0,47.8,43242.0,540.0,96875.0,1070050.0,47.21,1.0,0.33,47.21,0.0,274.1,273.5,275.1,0.772,272.0,0.531,271.0,0.842,273.0,0.003,13.68,2.0,3.0,0.0,18.5,54.44,354.5,353.9,0.0,1.53,1.89,1.7719999999999998,199.6,200.3,0.231,0.0,27.62,20.59,20.65,21.24,21.48,20.63,21.47,-96.3,20.95,21.2,203.8,16.38,22.68,22.68,22.85,19.47,19.57,15.96,12060.0,16738.0,16640.0,16972.0,14352.0,14378.0,11649.0,5.772,7.991,7.99,8.05,6.859,6.896,5.624,0.0,352.4,0.0,60.15,0.0,153.6,0.0,5.0,16.0,0.0,0.0,56.87,60.94,56.76,16.87,16.47,0.0,19.6,208.2,27.97,2.0,3.474,-1.0,2.79,4.9,4901
2016-03-31 09:25:00,56.64,58.88,57.78,1113313.0,62.9,59.9,60.0,45.4,43242.0,540.0,96875.0,1070051.0,44.84,0.033,-0.0579999999999999,44.84,0.0,274.0,273.7,275.2,0.772,272.0,0.531,271.4,0.842,273.0,0.003,13.69,2.0,3.0,0.0,18.53,52.15,361.5,360.6,0.0,1.4680000000000002,1.803,1.713,189.2,192.7,0.231,0.0,27.67,20.64,20.7,21.35,21.59,20.66,21.53,-73.36,21.12,21.28,195.4,15.3,21.03,20.96,21.29,18.17,18.35,14.81,12060.0,16739.0,16640.0,16972.0,14352.0,14378.0,11650.0,5.492000000000001,7.547,7.522999999999999,7.639999999999999,6.521,6.582999999999999,5.314,0.0,359.2,0.0,60.15,0.0,144.4,0.0,5.0,16.0,0.0,0.0,54.0,57.97,53.88,16.9,16.47,0.0,19.65,193.4,21.67,2.0,3.472,-1.0,2.947,5.2,4901
2016-03-31 09:26:00,48.54,50.74,49.69,1113313.0,62.9,59.9,60.0,38.61,43242.0,540.0,96875.0,1070051.0,38.19,-1.0,-1.172,38.2,0.0,273.9,273.4,275.0,0.772,272.0,0.531,271.0,0.842,273.0,0.003,13.69,2.0,3.0,0.0,18.55,45.32,364.5,363.3,0.0,1.263,1.55,1.471,163.2,165.5,0.23,0.0,27.74,20.52,20.64,21.32,21.57,20.66,21.52,-70.06,21.12,21.37,168.8,12.95,17.78,17.81,18.11,15.42,15.53,12.6,12060.0,16739.0,16640.0,16972.0,14352.0,14378.0,11650.0,4.686,6.433,6.446000000000001,6.553,5.579,5.619,4.558,0.0,361.8,0.0,60.18,0.0,124.3,0.0,5.0,16.0,0.0,0.0,45.99,49.72,45.9,16.96,16.49,0.0,19.55,183.3,19.69,2.0,3.474,-1.0,2.778,4.1,4901
2016-03-31 09:27:00,46.84,49.02,47.98,1113314.0,62.9,59.9,60.0,37.2,43242.0,540.0,96875.0,1070052.0,36.79,-0.999,-1.43,36.81,0.0,274.1,273.6,275.0,0.772,272.0,0.531,271.5,0.842,273.0,0.003,13.69,2.0,3.0,0.0,18.57,43.7,358.3,356.9,0.0,1.204,1.483,1.398,157.0,157.9,0.23,0.0,27.78,20.51,20.59,21.19,21.48,20.58,21.42,-113.9,21.0,21.29,161.7,12.66,17.51,17.56,17.77,15.13,15.22,12.41,12060.0,16739.0,16640.0,16973.0,14353.0,14378.0,11650.0,4.5,6.224,6.2410000000000005,6.316,5.377999999999999,5.408,4.4110000000000005,0.0,355.4,0.0,60.19,0.0,122.0,0.0,5.0,16.0,0.0,0.0,44.3,47.97,44.22,16.99,16.52,0.0,19.55,197.2,16.75,2.0,3.474,-1.0,2.66,4.4,4901
2016-03-31 09:28:00,48.06,50.3,49.23,1113314.0,62.9,59.9,60.0,38.23,43242.0,540.0,96875.0,1070052.0,37.77,-0.999,-1.249,37.79,0.0,274.0,273.5,275.0,0.772,272.0,0.531,271.0,0.842,273.0,0.002,13.53,2.0,1.0,0.0,18.58,44.63,349.7,348.4,0.0,1.232,1.526,1.423,162.2,161.4,0.23,0.001,27.83,20.38,20.41,21.19,21.41,20.52,21.44,-79.34,21.0,21.23,164.9,13.27,18.52,18.52,18.59,15.85,15.93,13.06,12060.0,16739.0,16640.0,16973.0,14353.0,14378.0,11650.0,4.605,6.431,6.428,6.455,5.502000000000001,5.531000000000001,4.534,0.0,347.3,0.0,60.15,0.0,127.7,0.0,5.0,16.0,0.0,0.0,45.47,49.23,45.39,17.04,16.5,0.0,19.43,201.9,14.8,2.0,3.474,-1.0,3.508,5.8,4901
2016-03-31 09:29:00,51.07,53.31,52.21,1113315.0,62.9,59.9,60.0,40.73,43242.0,540.0,96875.0,1070053.0,40.19,-1.0,-0.8329999999999999,40.2,0.0,274.0,273.5,275.0,0.772,272.0,0.531,271.0,0.842,273.0,0.003,13.69,2.0,3.0,0.0,18.61,47.15,348.8,347.1,0.0,1.3130000000000002,1.631,1.513,172.8,171.3,0.231,0.0,27.85,20.32,20.44,21.09,21.38,20.52,21.32,-73.94,20.93,21.2,173.9,14.15,19.78,19.73,19.82,16.91,16.94,13.93,12060.0,16739.0,16640.0,16973.0,14353.0,14378.0,11650.0,4.899,6.846,6.83,6.861000000000001,5.853,5.8660000000000005,4.823,0.0,346.2,0.0,60.14,0.0,135.2,0.0,5.0,16.0,0.0,0.0,48.39,52.24,48.29,17.01,16.5,0.0,19.38,181.8,22.77,2.0,3.474,-1.0,2.895,5.2,4901
2016-03-31 09:30:00,55.32,57.69,56.54,1113316.0,62.9,59.9,60.0,44.35,43242.0,540.0,96875.0,1070054.0,43.76,-0.8669999999999999,-0.2289999999999999,43.77,0.0,274.2,273.6,275.1,0.772,272.0,0.531,271.0,0.842,273.0,0.003,13.68,2.0,3.0,0.0,18.63,50.97,341.8,339.7,0.0,1.446,1.789,1.67,189.0,188.6,0.231,0.0,27.89,20.3,20.43,21.09,21.32,20.5,21.27,-69.69,20.88,21.15,190.9,15.73,21.92,21.86,21.99,18.79,18.82,15.47,12060.0,16739.0,16641.0,16973.0,14353.0,14378.0,11650.0,5.329,7.426,7.407,7.451,6.368,6.377000000000001,5.242000000000001,0.0,338.9,0.0,60.15,0.0,149.1,0.0,5.0,16.0,0.0,0.0,52.66,56.7,52.6,16.98,16.5,0.0,19.31,191.2,17.35,2.0,3.474,-1.0,4.088,6.0,4901
2016-03-31 09:31:00,55.11,57.47,56.34,1113317.0,62.9,59.9,60.0,44.16,43242.0,540.0,96875.0,1070055.0,43.57,-0.8669999999999999,-0.249,43.57,0.0,274.0,273.5,275.0,0.772,271.8,0.531,271.0,0.842,273.0,0.003,13.69,2.0,3.0,0.0,18.64,50.74,350.0,348.6,0.0,1.423,1.7619999999999998,1.644,186.1,185.6,0.231,0.0,27.93,20.17,20.33,21.03,21.25,20.43,21.23,-122.3,20.74,21.07,187.5,15.24,21.27,21.23,21.35,18.25,18.29,15.02,12060.0,16739.0,16641.0,16973.0,14353.0,14379.0,11650.0,5.301,7.396,7.382,7.425,6.345,6.36,5.223,0.0,347.8,0.0,60.15,0.0,145.0,0.0,5.0,16.0,0.0,0.0,52.48,56.45,52.37,17.02,16.52,0.0,19.2,181.6,13.77,2.0,3.473,-1.0,4.913,7.1,4901
2016-03-31 09:32:00,54.12,56.38,55.3,1113317.0,62.9,59.9,60.0,43.31,43242.0,540.0,96875.0,1070055.0,42.73,-0.667,-0.3929999999999999,42.74,0.0,274.1,273.7,275.1,0.772,272.0,0.531,271.1,0.842,273.0,0.003,13.69,2.0,3.0,0.0,18.66,50.14,356.6,355.4,0.0,1.399,1.732,1.621,182.1,182.2,0.231,0.0,27.93,20.14,20.22,21.0,21.21,20.42,21.23,-78.79999999999998,20.79,21.05,184.0,14.61,20.28,20.39,20.62,17.6,17.55,14.49,12060.0,16739.0,16641.0,16973.0,14353.0,14379.0,11650.0,5.171,7.176,7.216,7.295,6.226,6.209,5.129,0.0,354.1,0.0,60.13,0.0,140.7,0.0,5.0,16.0,0.0,0.0,51.46,55.38,51.35,17.06,16.58,0.0,19.27,186.8,13.03,2.0,3.473,-1.0,3.582,7.4,4901
2016-03-31 09:33:00,52.18,54.45,53.36,1113318.0,62.9,59.9,60.0,41.68,43242.0,540.0,96875.0,1070056.0,41.11,-1.0,-0.675,41.12,0.0,274.0,273.5,275.0,0.772,272.0,0.531,271.0,0.842,273.0,-0.0139999999999999,13.33,2.0,1.0,0.0,18.68,48.44,354.6,352.2,0.0,1.351,1.681,1.558,176.7,174.7,0.23,0.001,27.93,20.04,20.11,20.91,21.16,20.36,21.15,-33.26,20.74,21.04,177.2,14.14,19.88,19.92,19.97,16.99,17.07,14.12,12060.0,16739.0,16641.0,16973.0,14353.0,14379.0,11650.0,4.972,6.989,7.002000000000001,7.019,5.974,5.999,4.963,0.0,351.8,0.0,60.13,0.0,136.7,0.0,5.0,16.0,0.0,0.0,49.51,53.41,49.43,17.15,16.64,0.0,19.09,187.0,17.01,2.0,3.474,-1.0,4.795,7.7,4901
2016-03-31 09:34:00,57.51,59.79,58.66,1113319.0,62.9,59.9,60.0,46.13,43242.0,540.0,96875.0,1070057.0,45.47,0.267,0.072,45.47,0.0,274.2,273.5,275.1,0.772,272.0,0.531,271.0,0.842,273.0,0.017,13.33,2.0,1.0,0.0,18.69,52.86,346.0,344.1,0.0,1.493,1.858,1.725,195.2,193.3,0.233,0.001,27.91,19.95,19.98,20.9,21.09,20.31,21.07,-31.88,20.64,20.99,196.9,16.02,22.47,22.47,22.57,19.3,19.32,15.94,12060.0,16740.0,16641.0,16973.0,14353.0,14379.0,11650.0,5.504,7.721,7.7189999999999985,7.752999999999998,6.63,6.636,5.478,0.0,343.5,0.0,60.16,0.0,152.8,0.0,5.0,16.0,0.0,0.0,54.73,58.82,54.64,17.19,16.65,0.0,19.09,190.4,17.84,2.0,3.474,-1.0,4.575,7.2,4901
2016-03-31 09:35:00,64.28,66.62,65.48,1113320.0,62.9,59.9,60.0,51.82,43242.0,540.0,96875.0,1070058.0,51.12,1.0,0.969,51.13,0.0,274.5,273.6,275.2,0.772,272.0,0.531,271.0,0.842,273.0,0.004,13.69,2.0,3.0,0.0,18.7,58.64,340.4,339.2,0.0,1.69,2.108,1.95,221.7,218.7,0.2319999999999999,0.0,27.93,20.09,20.09,20.98,21.17,20.34,21.18,-77.17,20.71,21.04,223.4,18.28,25.7,25.72,25.77,22.02,21.98,18.27,12060.0,16740.0,16641.0,16974.0,14354.0,14379.0,11650.0,6.178,8.689999999999998,8.689999999999998,8.71,7.444,7.429999999999999,6.175,0.0,338.3,0.0,60.17,0.0,173.0,0.0,5.0,16.0,0.0,0.0,61.57,65.88,61.53,17.24,16.72,0.0,19.23,188.7,18.53,2.0,3.474,-1.0,4.087,7.1,4901
2016-03-31 09:36:00,75.75,78.34999999999998,77.09999999999998,1113321.0,62.9,59.9,60.0,61.53,43242.0,540.0,96875.0,1070059.0,60.59,0.999,2.563,60.64,0.0,274.5,273.8,275.3,0.772,272.0,0.531,271.0,0.842,273.0,0.003,13.69,2.0,3.0,0.0,18.72,68.53,321.2,320.4,0.0,2.085,2.599,2.408,274.0,271.5,0.233,0.0,27.91,20.37,20.35,21.22,21.35,20.45,21.4,-101.1,20.86,21.17,277.0,23.08,32.32,32.19,32.26,27.56,27.55,22.8,12061.0,16740.0,16641.0,16974.0,14354.0,14379.0,11650.0,7.356,10.3,10.26,10.28,8.79,8.779999999999998,7.266,0.0,319.2,0.0,60.22,0.0,213.7,0.0,5.0,16.0,0.0,0.0,73.06,77.79,73.06999999999998,17.19,16.75,0.0,19.45,209.5,18.64,2.0,3.474,-1.0,3.872,7.8,4901
2016-03-31 09:37:00,84.9,87.5,86.2,1113322.0,62.9,59.9,60.0,69.19,43242.0,540.0,96875.0,1070060.0,68.08,0.998,3.797,68.19,0.0,274.7,273.9,275.4,0.772,272.0,0.531,271.0,0.842,273.0,0.003,13.69,2.0,3.0,0.0,18.74,76.37999999999998,312.4,311.4,0.0,2.397,2.965,2.805,311.8,316.6,0.2349999999999999,0.0,27.9,20.88,20.83,21.72,21.83,20.95,21.95,-74.04999999999998,21.34,21.68,320.8,26.81,37.05,36.73,37.11,31.74,31.82,25.88,12061.0,16740.0,16642.0,16974.0,14354.0,14379.0,11651.0,8.32,11.5,11.4,11.52,9.85,9.88,8.04,0.0,310.5,0.0,60.15,0.0,244.6,0.0,5.0,16.0,0.0,0.0,82.2,87.2,82.2,17.33,16.82,0.0,19.93,188.5,14.85,2.0,3.474,-1.0,3.878,7.5,4901
2016-03-31 09:38:00,82.7,85.2,84.0,1113323.0,62.9,59.9,60.0,67.26,43242.0,540.0,96875.0,1070061.0,66.21,0.999,3.4960000000000004,66.3,0.0,274.4,273.7,275.3,0.772,271.7,0.531,271.0,0.842,273.0,0.003,13.69,2.0,3.0,0.0,18.75,74.68,328.6,327.0,0.0,2.233,2.76,2.607,290.0,294.0,0.2339999999999999,0.0,27.85,21.28,21.28,22.14,22.31,21.43,22.43,-65.14,21.78,22.21,299.3,24.78,34.27,34.06,34.41,29.46,29.52,23.97,12061.0,16740.0,16642.0,16974.0,14354.0,14380.0,11651.0,8.08,11.18,11.11,11.22,9.61,9.63,7.817,0.0,326.3,0.0,60.14,0.0,227.4,0.0,5.0,16.0,0.0,0.0,80.0,84.9,79.98999999999998,17.46,16.87,0.0,20.26,193.2,22.57,2.0,3.474,-1.0,3.393,5.6,4901
2016-03-31 09:39:00,85.79999999999998,88.29999999999998,86.9,1113324.0,62.9,59.9,60.0,69.82,43242.0,540.0,96875.0,1070062.0,68.63,0.998,3.902,68.75,0.0,274.7,273.7,275.3,0.772,271.9,0.531,271.0,0.842,273.0,-0.017,13.56,2.0,1.0,0.0,18.78,77.84,346.8,344.6,0.0,2.247,2.767,2.62,290.0,295.1,0.2339999999999999,0.001,27.83,21.62,21.62,22.38,22.54,21.66,22.69,-77.48,22.04,22.4,299.8,24.48,33.82,33.63,33.95,28.95,29.23,23.53,12061.0,16741.0,16642.0,16974.0,14354.0,14380.0,11651.0,8.4,11.61,11.54,11.66,9.94,10.04,8.08,0.0,343.3,0.0,60.13,0.0,224.5,0.0,5.0,16.0,0.0,0.0,83.0,87.9,82.9,17.44,16.92,0.0,20.48,187.8,18.44,2.0,3.474,-1.0,5.055,8.5,4901
2016-03-31 09:40:00,83.7,86.09999999999998,84.9,1113325.0,62.9,59.9,60.0,68.02,43242.0,540.0,96875.0,1070063.0,66.92,0.999,3.623,67.01,0.0,274.5,273.7,275.3,0.772,271.8,0.531,271.0,0.842,273.0,0.023,13.6,2.0,3.0,0.0,18.8,75.93,360.8,359.1,0.0,2.182,2.678,2.551,279.2,285.7,0.2339999999999999,0.001,27.78,21.63,21.6,22.52,22.7,21.75,22.74,-72.87,22.05,22.53,289.0,22.91,31.43,31.33,31.78,27.1,27.34,21.99,12061.0,16741.0,16642.0,16975.0,14354.0,14380.0,11651.0,8.21,11.26,11.22,11.38,9.71,9.79,7.877,0.0,358.3,0.0,60.14,0.0,210.5,0.0,5.0,16.0,0.0,0.0,81.0,85.7,80.79999999999998,17.47,16.94,0.0,20.47,188.8,18.82,2.0,3.474,-1.0,5.917000000000001,10.5,4901
2016-03-31 09:41:00,78.62,80.9,79.76999999999998,1113327.0,62.9,59.9,60.0,63.78,43242.0,540.0,96875.0,1070064.0,62.79,0.999,2.924,62.86,0.0,274.2,273.7,275.4,0.772,271.9,0.531,271.0,0.842,273.0,0.003,13.69,2.0,3.0,0.0,18.86,71.59,363.6,363.7,0.0,2.059,2.5340000000000003,2.397,264.4,268.1,0.233,0.0,27.81,21.66,21.62,22.46,22.63,21.67,22.69,-99.6,22.1,22.49,270.6,21.08,29.26,29.18,29.4,25.09,25.36,20.57,12061.0,16741.0,16642.0,16975.0,14355.0,14380.0,11651.0,7.641,10.61,10.58,10.66,9.1,9.19,7.457999999999998,0.0,362.5,0.0,60.15,0.0,196.9,0.0,5.0,16.0,0.0,0.0,75.95,80.5,75.76999999999998,17.45,17.01,0.0,20.5,202.9,19.43,2.0,3.474,-1.0,4.095,8.4,4901
2016-03-31 09:42:00,83.09999999999998,85.5,84.29999999999998,1113328.0,62.9,59.9,60.0,67.53,43242.0,540.0,96875.0,1070065.0,66.45,0.999,3.539,66.54,0.0,274.2,273.7,275.3,0.772,271.9,0.531,271.0,0.842,273.0,0.003,13.69,2.0,3.0,0.0,18.88,75.84,351.5,349.5,0.0,2.176,2.697,2.51,283.3,282.1,0.2339999999999999,0.0,27.74,21.76,21.81,22.57,22.7,21.83,22.83,-94.3,22.31,22.67,285.0,23.25,32.43,32.36,32.58,27.75,27.74,22.81,12061.0,16741.0,16643.0,16975.0,14355.0,14380.0,11651.0,8.09,11.28,11.26,11.33,9.65,9.65,7.934,0.0,348.3,0.0,60.15,0.0,216.0,0.0,5.0,16.0,0.0,0.0,80.4,85.09999999999998,80.2,17.52,17.05,0.0,20.65,195.9,19.02,2.0,3.475,-1.0,4.12,7.1,4901
2016-03-31 09:43:00,94.6,97.1,95.8,1113329.0,62.9,59.9,60.0,77.18,43242.0,540.0,96875.0,1070066.0,75.83,0.998,5.099,76.01,0.0,274.6,273.7,275.3,0.772,271.9,0.531,271.0,0.842,273.0,0.003,13.69,2.0,3.0,0.0,18.92,85.4,340.8,340.2,0.0,2.491,3.079,2.883,325.3,326.6,0.2349999999999999,0.0,27.73,21.92,21.91,22.81,22.92,21.98,23.06,-72.90999999999998,22.54,22.93,329.8,27.25,37.92,37.9,38.04,32.46,32.55,26.77,12061.0,16741.0,16643.0,16975.0,14355.0,14380.0,11651.0,9.22,12.83,12.83,12.87,10.98,11.01,9.06,0.0,338.4,0.0,60.13,0.0,250.6,0.0,5.0,16.0,0.0,0.0,91.8,96.9,91.7,17.56,17.05,0.0,20.77,205.4,12.34,2.0,3.474,-1.0,4.3580000000000005,7.1,4901
2016-03-31 09:44:00,98.8,101.2,99.9,1113330.0,62.9,59.9,60.0,80.59999999999998,43242.0,540.0,96875.0,1070068.0,79.12999999999998,0.997,5.662000000000001,79.34,0.0,274.6,273.6,275.2,0.772,271.6,0.531,271.0,0.842,273.0,0.003,13.68,2.0,3.0,0.0,18.94,88.9,354.3,354.5,0.0,2.563,3.13,3.012,328.6,340.2,0.2349999999999999,0.0,27.81,22.37,22.36,23.21,23.28,22.28,23.47,-72.29999999999998,22.92,23.29,343.7,27.5,37.67,37.59,37.94,32.41,32.92,26.34,12062.0,16742.0,16643.0,16976.0,14355.0,14381.0,11651.0,9.71,13.31,13.28,13.4,11.45,11.63,9.3,0.0,353.3,0.0,60.12,0.0,251.1,0.0,5.0,16.0,0.0,0.0,96.0,101.0,95.8,17.68,17.12,0.0,21.19,202.4,21.64,2.0,3.474,-1.0,3.03,4.2,4901
2016-03-31 09:45:00,79.25,81.5,80.4,1113331.0,62.9,59.9,60.0,64.22,43242.0,540.0,96875.0,1070069.0,63.3,0.999,2.969,63.37,0.0,273.8,273.5,275.1,0.772,271.1,0.531,271.0,0.842,273.0,0.0,13.33,2.0,1.0,0.0,18.98,72.56999999999998,365.4,366.1,0.0,2.092,2.5540000000000003,2.463,265.7,275.2,0.2349999999999999,0.001,27.82,22.57,22.61,23.45,23.64,22.62,23.74,-120.2,23.19,23.67,279.2,21.16,29.06,29.16,29.51,25.09,25.56,20.5,12062.0,16742.0,16643.0,16976.0,14355.0,14381.0,11652.0,7.711,10.59,10.63,10.75,9.14,9.31,7.47,0.0,364.6,0.0,60.15,0.0,198.7,0.0,5.0,16.0,0.0,0.0,76.67,81.09999999999998,76.45999999999998,17.83,17.25,0.0,21.28,178.2,17.87,2.0,3.475,-1.0,2.9930000000000003,4.4,4901
2016-03-31 09:46:00,72.75,75.08,73.98,1113332.0,62.9,59.9,60.0,58.95,43242.0,540.0,96875.0,1070070.0,58.13,0.999,2.076,58.16,0.0,274.6,273.8,275.5,0.772,271.9,0.531,271.8,0.842,273.0,0.005,13.68,2.0,3.0,0.0,19.01,67.12,361.7,360.4,0.0,1.912,2.3480000000000003,2.224,245.7,249.6,0.233,0.0,27.9,22.43,22.48,23.48,23.68,22.57,23.81,-24.25,23.21,23.66,252.8,19.77,27.19,27.29,27.63,23.43,23.58,19.15,12062.0,16742.0,16643.0,16976.0,14355.0,14381.0,11652.0,7.105,9.77,9.81,9.93,8.42,8.47,6.882000000000001,0.0,359.3,0.0,60.15,0.0,185.6,0.0,5.0,16.0,0.0,0.0,70.14,74.48999999999998,70.02,17.9,17.19,0.0,21.19,188.7,19.09,2.0,3.474,-1.0,2.867,5.5,4901
2016-03-31 09:47:00,69.22,71.47,70.42,1113333.0,62.9,59.9,60.0,55.97,43242.0,540.0,96875.0,1070071.0,55.3,1.0,1.629,55.32,0.0,274.6,273.9,275.5,0.772,272.0,0.531,271.8,0.842,273.0,0.003,13.69,2.0,3.0,0.0,19.04,64.18,361.4,359.9,0.0,1.814,2.232,2.109,234.5,237.6,0.233,0.0,27.92,22.26,22.36,23.54,23.75,22.65,23.84,-72.15,23.26,23.73,240.8,18.83,25.87,25.97,26.31,22.41,22.47,18.31,12062.0,16742.0,16644.0,16976.0,14355.0,14381.0,11652.0,6.749,9.27,9.31,9.43,8.029999999999998,8.05,6.565,0.0,358.7,0.0,60.21,0.0,177.7,0.0,5.0,16.0,0.0,0.0,66.68,70.94,66.56,17.99,17.18,0.0,21.07,188.4,19.43,2.0,3.475,-1.0,3.833,7.4,4901
2016-03-31 09:48:00,65.94,68.3,67.17,1113334.0,62.9,59.9,60.0,53.24,43242.0,540.0,96875.0,1070072.0,52.55,1.0,1.169,52.56,0.0,274.4,273.8,275.4,0.772,272.0,0.531,271.5,0.842,273.0,0.003,13.69,2.0,3.0,0.0,19.08,60.88,355.0,355.1,0.0,1.727,2.13,2.001,223.7,225.0,0.233,0.0,28.03,22.12,22.24,23.32,23.59,22.47,23.57,-71.84,23.05,23.53,229.6,18.25,25.22,25.13,25.4,21.69,21.78,17.65,12062.0,16742.0,16644.0,16976.0,14356.0,14381.0,11652.0,6.446000000000001,8.91,8.88,8.97,7.661,7.691,6.232,0.0,353.4,0.0,60.14,0.0,171.6,0.0,5.0,16.0,0.0,0.0,63.32,67.55,63.24,17.81,17.2,0.0,21.06,202.8,25.34,2.0,3.473,-1.0,2.727,6.6,4901
2016-03-31 09:49:00,72.26999999999998,74.81999999999998,73.59,1113335.0,62.9,59.9,60.0,58.61,43242.0,540.0,96875.0,1070073.0,57.82,0.999,2.024,57.85,0.0,274.4,273.7,275.4,0.772,272.0,0.531,271.2,0.842,273.0,0.003,13.69,2.0,3.0,0.0,19.12,66.28,344.1,343.4,0.0,1.907,2.359,2.208,247.7,248.2,0.233,0.0,28.08,22.09,22.16,23.4,23.59,22.47,23.54,-50.99,22.97,23.58,252.9,20.6,28.67,28.63,28.8,24.6,24.67,20.18,12062.0,16742.0,16644.0,16976.0,14356.0,14381.0,11652.0,7.04,9.8,9.78,9.840000000000002,8.41,8.429999999999998,6.898,0.0,341.9,0.0,60.15,0.0,192.7,0.0,5.0,16.0,0.0,0.0,69.68,74.19,69.67,17.88,17.29,0.0,21.06,186.5,23.54,2.0,3.474,-1.0,2.785,4.8,4901
2016-03-31 09:50:00,85.09999999999998,87.7,86.4,1113336.0,62.9,59.9,60.0,69.39,43242.0,540.0,96876.0,1070074.0,68.31,0.998,3.763,68.41,0.0,274.5,274.1,275.6,0.772,272.0,0.531,271.7,0.842,273.0,0.004,13.68,2.0,3.0,0.0,19.15,77.14,332.6,331.9,0.0,2.291,2.8310000000000004,2.6660000000000004,297.8,300.4,0.2339999999999999,0.0,28.13,22.28,22.38,23.6,23.8,22.67,23.79,-71.69,23.07,23.71,305.9,25.3,35.04,34.93,35.18,30.03,30.11,24.63,12062.0,16743.0,16644.0,16976.0,14356.0,14381.0,11652.0,8.349999999999998,11.56,11.52,11.61,9.91,9.93,8.13,0.0,330.2,0.0,60.15,0.0,232.1,0.0,5.0,16.0,0.0,0.0,82.4,87.4,82.4,17.98,17.34,0.0,21.25,211.4,25.49,2.0,3.474,-1.0,1.557,2.7,4901
2016-03-31 09:51:00,93.2,95.8,94.4,1113338.0,62.9,59.9,60.0,76.12999999999998,43242.0,540.0,96876.0,1070075.0,74.81999999999998,0.998,4.85,74.98,0.0,274.8,274.0,275.6,0.772,272.0,0.531,271.9,0.842,273.0,-0.001,13.29,2.0,1.0,0.0,19.19,84.2,338.1,336.9,0.0,2.486,3.057,2.915,319.9,327.4,0.236,0.001,28.21,23.05,23.11,24.08,24.32,23.23,24.29,-44.61,23.53,24.11,333.2,27.32,37.6,37.48,37.81,32.33,32.58,26.37,12063.0,16743.0,16644.0,16977.0,14356.0,14382.0,11652.0,9.16,12.61,12.57,12.68,10.84,10.92,8.84,0.0,335.4,0.0,60.18,0.0,249.0,0.0,5.0,16.0,0.0,0.0,90.4,95.5,90.4,18.01,17.53,0.0,22.03,201.6,30.89,2.0,3.474,-1.0,1.258,2.7,4901
2016-03-31 09:52:00,90.3,92.7,91.4,1113339.0,62.9,59.9,60.0,73.64,43242.0,540.0,96876.0,1070076.0,72.45,0.998,4.445,72.59,0.0,274.7,274.0,275.7,0.772,272.0,0.531,271.6,0.842,273.0,0.005,13.69,2.0,3.0,0.0,19.22,81.7,353.5,353.1,0.0,2.365,2.911,2.773,303.8,310.7,0.2349999999999999,0.0,28.3,23.31,23.41,24.46,24.7,23.59,24.65,-71.27,23.92,24.53,316.6,25.27,34.67,34.55,35.0,29.94,30.18,24.23,12063.0,16743.0,16645.0,16977.0,14356.0,14382.0,11652.0,8.88,12.19,12.15,12.3,10.53,10.61,8.519999999999998,0.0,351.7,0.0,60.2,0.0,231.2,0.0,5.0,16.0,0.0,0.0,87.59999999999998,92.5,87.5,18.09,17.46,0.0,22.13,185.8,15.37,2.0,3.474,-1.0,3.15,5.9,4901
2016-03-31 09:53:00,95.5,98.0,96.7,1113340.0,62.9,59.9,60.0,78.01999999999998,43242.0,540.0,96876.0,1070077.0,76.67,0.998,5.18,76.84999999999998,0.0,274.7,273.9,275.7,0.772,272.0,0.531,271.3,0.842,273.0,0.003,13.69,2.0,3.0,0.0,19.27,85.79999999999998,345.6,345.5,0.0,2.513,3.083,2.951,322.2,331.3,0.2349999999999999,0.0,28.37,23.32,23.44,24.56,24.81,23.66,24.74,-44.72,23.93,24.62,339.8,27.7,37.58,37.47,38.0,32.31,32.62,25.95,12063.0,16743.0,16645.0,16977.0,14356.0,14382.0,11653.0,9.53,12.93,12.89,13.08,11.12,11.23,8.929999999999998,0.0,344.3,0.0,60.14,0.0,248.4,0.0,5.0,16.0,0.0,0.0,92.8,97.8,92.6,18.08,17.41,0.0,21.95,184.4,31.21,2.0,,-1.0,5.297999999999999,18.4,4901
2016-03-31 09:54:00,102.5,105.1,103.6,1113342.0,62.9,59.9,60.0,83.9,43242.0,540.0,96876.0,1070079.0,82.4,0.997,6.16,82.59999999999998,0.0,274.9,274.0,275.7,0.772,272.0,0.531,271.5,0.842,273.0,0.003,13.69,2.0,3.0,0.0,19.31,91.9,346.3,346.0,0.0,2.692,3.276,3.195,344.0,360.7,0.236,0.0,28.46,23.12,23.13,24.45,24.6,23.43,24.57,-96.6,23.77,24.45,367.9,29.72,40.23,40.07,40.83,34.77,35.16,27.86,12063.0,16744.0,16645.0,16977.0,14357.0,14382.0,11653.0,10.22,13.83,13.78,14.04,11.95,12.09,9.58,0.0,343.9,0.0,60.15,0.0,265.3,0.0,5.0,16.0,0.0,0.0,99.7,105.0,99.6,17.96,17.41,0.0,21.78,209.6,22.42,2.0,3.475,-1.0,5.05,8.9,4901
2016-03-31 09:55:00,109.4,111.9,110.5,1113343.0,62.9,59.9,60.0,89.59999999999998,43242.0,540.0,96876.0,1070080.0,87.9,0.997,7.104,88.2,0.0,274.7,274.0,275.7,0.772,272.0,0.531,271.1,0.842,273.0,0.003,13.69,2.0,3.0,0.0,19.35,97.4,349.4,349.1,0.0,2.869,3.492,3.403,364.5,382.2,0.2369999999999999,0.0,28.51,23.48,23.48,24.74,24.93,23.77,24.95,-118.7,24.14,24.66,390.0,31.14,42.3,42.17,42.98,36.79,37.32,29.62,12063.0,16744.0,16645.0,16978.0,14357.0,14382.0,11653.0,10.83,14.71,14.67,14.95,12.8,12.98,10.3,0.0,347.9,0.0,60.22,0.0,278.6,0.0,5.0,16.0,0.0,0.0,106.6,111.9,106.4,18.07,17.51,0.0,22.12,190.0,35.25,2.0,3.475,-1.0,2.51,6.9,4901
2016-03-31 09:56:00,95.0,97.3,96.1,1113344.0,62.9,59.9,60.0,77.48,43242.0,540.0,96876.0,1070082.0,76.17,0.998,5.087,76.34,0.0,274.7,273.9,275.6,0.772,272.0,0.531,271.0,0.842,273.0,0.02,13.64,2.0,1.0,0.0,19.4,85.7,360.2,360.7,0.0,2.514,3.06,2.984,316.9,332.7,0.2349999999999999,0.0,28.62,23.64,23.63,24.94,25.2,24.04,25.17,-118.2,24.38,24.94,336.1,26.19,35.35,35.28,36.25,30.95,31.16,24.77,12063.0,16744.0,16645.0,16978.0,14357.0,14383.0,11653.0,9.39,12.67,12.65,13.0,11.1,11.17,8.88,0.0,359.0,0.0,60.18,0.0,238.1,0.0,5.0,16.0,0.0,0.0,92.3,97.1,92.1,18.08,17.48,0.0,22.24,201.0,24.56,2.0,,-1.0,4.313,18.6,4901
2016-03-31 09:57:00,81.0,83.29999999999998,82.09999999999998,1113345.0,62.9,59.9,60.0,65.72,43242.0,540.0,96876.0,1070083.0,64.78,0.999,3.189,64.86,0.0,274.4,273.7,275.4,0.772,272.0,0.531,271.0,0.842,273.0,-0.017,13.32,2.0,1.0,0.0,19.45,73.98,364.3,362.7,0.0,2.147,2.623,2.535,272.1,282.8,0.236,0.001,28.69,23.59,23.67,24.94,25.15,24.01,25.11,-118.8,24.41,24.94,288.0,21.92,29.98,30.02,30.43,25.9,26.33,21.01,12063.0,16744.0,16646.0,16978.0,14357.0,14383.0,11653.0,7.937999999999999,10.85,10.87,11.02,9.38,9.53,7.607999999999999,0.0,362.1,0.0,60.13,0.0,203.1,0.0,5.0,16.0,0.0,0.0,78.33,82.9,78.12999999999998,18.15,17.59,0.0,22.35,200.5,21.26,2.0,3.475,-1.0,2.8680000000000003,5.7,4901
2016-03-31 09:58:00,78.06999999999998,80.5,79.26999999999998,1113346.0,62.9,59.9,60.0,63.35,43242.0,540.0,96876.0,1070084.0,62.47,0.999,2.793,62.53,0.0,274.3,273.6,275.4,0.772,272.0,0.531,271.1,0.842,273.0,0.005,13.69,2.0,3.0,0.0,19.5,71.19,357.9,357.3,0.0,2.067,2.5380000000000003,2.422,263.6,270.2,0.2339999999999999,0.0,28.77,23.43,23.56,24.85,25.09,23.92,25.08,-118.4,24.45,24.78,276.5,21.7,29.71,29.57,29.9,25.45,25.79,20.55,12064.0,16744.0,16646.0,16978.0,14357.0,14383.0,11653.0,7.717,10.56,10.52,10.63,9.05,9.170000000000002,7.309,0.0,356.0,0.0,60.16,0.0,199.1,0.0,5.0,16.0,0.0,0.0,75.47,80.0,75.29999999999998,18.16,17.57,0.0,22.09,182.1,16.29,2.0,3.474,-1.0,4.305,8.699999999999998,4901
2016-03-31 09:59:00,87.09999999999998,89.7,88.29999999999998,1113348.0,62.9,59.9,60.0,70.96,43242.0,540.0,96876.0,1070085.0,69.91,0.998,4.04,70.03,0.0,274.4,273.6,275.4,0.772,272.0,0.531,271.0,0.842,273.0,0.003,13.69,2.0,3.0,0.0,19.55,78.98,343.9,343.1,0.0,2.325,2.853,2.732,295.8,304.5,0.2349999999999999,0.0,28.85,23.19,23.35,24.66,24.84,23.68,24.88,-93.1,24.22,24.57,309.5,25.33,34.59,34.27,34.81,29.7,29.94,23.89,12064.0,16745.0,16646.0,16978.0,14358.0,14383.0,11653.0,8.64,11.8,11.69,11.88,10.13,10.21,8.15,0.0,341.3,0.0,60.14,0.0,229.6,0.0,5.0,16.0,0.0,0.0,84.5,89.4,84.4,18.17,17.56,0.0,21.99,196.4,15.4,2.0,3.474,-1.0,5.287000000000001,8.5,4901
2016-03-31 10:00:00,80.59999999999998,83.09999999999998,81.79999999999998,1113349.0,62.9,59.9,60.0,65.5,43242.0,540.0,96876.0,1070086.0,64.62,0.999,3.138,64.69,0.0,274.4,273.5,275.3,0.772,272.0,0.531,271.1,0.842,273.0,0.003,13.69,2.0,3.0,0.0,19.6,73.20999999999998,353.0,353.1,0.0,2.13,2.625,2.498,272.0,277.8,0.2339999999999999,0.0,28.91,23.18,23.24,24.49,24.74,23.59,24.82,-118.7,24.19,24.49,282.8,22.53,30.87,30.88,31.27,26.63,26.8,21.63,12064.0,16745.0,16646.0,16979.0,14358.0,14383.0,11654.0,7.925,10.86,10.86,11.0,9.37,9.420000000000002,7.606,0.0,351.8,0.0,60.19,0.0,207.4,0.0,5.0,16.0,0.0,0.0,78.09,82.7,77.90999999999998,18.21,17.65,0.0,22.04,187.4,16.25,2.0,3.474,-1.0,3.468,5.9,4901
2016-03-31 10:01:00,93.9,96.4,95.0,1113350.0,62.9,59.9,60.0,76.56,43242.0,540.0,96876.0,1070087.0,75.28,0.998,4.961,75.44,0.0,274.3,273.7,275.4,0.772,272.0,0.531,271.0,0.842,273.0,0.003,13.69,2.0,3.0,0.0,19.64,84.4,338.5,337.2,0.0,2.512,3.0860000000000003,2.949,321.3,329.8,0.2349999999999999,0.0,28.95,23.44,23.5,24.63,24.89,23.81,24.97,-119.5,24.3,24.64,338.7,27.84,38.02,37.79,38.14,32.47,32.88,26.29,12064.0,16745.0,16647.0,16979.0,14358.0,14383.0,11654.0,9.340000000000002,12.75,12.68,12.79,10.89,11.03,8.82,0.0,336.0,0.0,60.13,0.0,249.6,0.0,5.0,16.0,0.0,0.0,91.1,96.2,91.0,18.29,17.74,0.0,22.39,192.2,16.28,2.0,3.474,-1.0,2.035,4.5,4901
2016-03-31 10:02:00,98.9,101.3,99.9,1113351.0,62.9,59.9,60.0,80.7,43242.0,540.0,96876.0,1070088.0,79.36,0.997,5.653,79.56,0.0,274.5,273.8,275.5,0.772,272.0,0.531,271.0,0.842,273.0,0.003,13.69,2.0,3.0,0.0,19.68,88.59999999999998,333.0,332.1,0.0,2.69,3.29,3.175,341.2,354.1,0.236,0.0,29.06,23.96,23.98,25.09,25.43,24.33,25.49,-117.8,24.74,25.22,359.1,29.55,40.32,40.04,40.67,34.77,35.08,28.12,12064.0,16745.0,16647.0,16979.0,14358.0,14384.0,11654.0,9.77,13.33,13.23,13.44,11.49,11.59,9.29,0.0,330.6,0.0,60.14,0.0,266.2,0.0,5.0,16.0,0.0,0.0,96.1,101.3,96.0,18.47,17.74,0.0,22.68,189.0,50.58,2.0,3.474,-1.0,1.872,4.1,4901
2016-03-31 10:03:00,87.2,89.7,88.4,1113353.0,62.9,59.9,60.0,70.97,43242.0,540.0,96877.0,1070090.0,69.88,0.998,4.04,70.0,0.0,274.0,273.7,275.3,0.772,271.9,0.531,271.0,0.842,273.0,0.002,13.43,2.0,3.0,0.0,19.73,78.95,348.5,347.7,0.0,2.325,2.854,2.7310000000000003,295.5,303.7,0.2349999999999999,0.001,29.06,24.04,24.05,25.19,25.64,24.43,25.62,-118.2,24.89,25.44,306.8,24.79,34.01,33.79,34.28,29.24,29.48,23.62,12064.0,16746.0,16647.0,16979.0,14358.0,14384.0,11654.0,8.58,11.77,11.7,11.86,10.12,10.21,8.179999999999998,0.0,346.4,0.0,60.14,0.0,226.7,0.0,5.0,16.0,0.0,0.0,84.59999999999998,89.4,84.4,18.53,17.76,0.0,22.6,188.1,19.36,2.0,3.474,-1.0,5.202000000000001,10.7,4901
2016-03-31 10:04:00,86.09999999999998,88.5,87.29999999999998,1113354.0,62.9,59.9,60.0,70.03,43242.0,540.0,96877.0,1070091.0,69.0,0.998,3.894,69.11,0.0,274.2,273.6,275.3,0.772,271.9,0.531,271.0,0.842,273.0,0.003,13.68,2.0,3.0,0.0,19.77,77.95999999999998,348.5,347.9,0.0,2.285,2.8110000000000004,2.68,291.1,298.2,0.2339999999999999,0.0,29.06,23.72,23.73,24.98,25.31,24.15,25.33,-118.9,24.69,25.1,303.4,24.43,33.55,33.44,33.88,28.92,29.17,23.43,12064.0,16746.0,16647.0,16980.0,14358.0,14384.0,11654.0,8.46,11.62,11.59,11.73,10.02,10.1,8.12,0.0,346.5,0.0,60.14,0.0,223.8,0.0,5.0,16.0,0.0,0.0,83.5,88.29999999999998,83.29999999999998,18.38,17.68,0.0,22.3,198.8,32.14,2.0,3.474,-1.0,3.807,6.7,4901
2016-03-31 10:05:00,88.2,90.6,89.29999999999998,1113355.0,62.9,59.9,60.0,71.75,43242.0,540.0,96877.0,1070092.0,70.67,0.998,4.183,70.79,0.0,274.2,273.5,275.3,0.772,271.7,0.531,271.0,0.842,273.0,0.003,13.69,2.0,3.0,0.0,19.82,79.84999999999998,351.8,350.7,0.0,2.337,2.8760000000000003,2.75,296.8,304.7,0.2349999999999999,0.0,29.18,23.49,23.53,24.83,25.08,23.89,25.13,-118.9,24.52,24.88,310.8,24.89,34.09,33.93,34.42,29.37,29.65,23.74,12065.0,16746.0,16647.0,16980.0,14359.0,14384.0,11654.0,8.699999999999998,11.91,11.86,12.03,10.26,10.36,8.3,0.0,349.5,0.0,60.14,0.0,227.0,0.0,5.0,16.0,0.0,0.0,85.5,90.4,85.4,18.36,17.71,0.0,22.1,195.5,14.11,2.0,3.474,-1.0,5.04,7.2,4901
2016-03-31 10:06:00,103.2,105.7,104.3,1113356.0,62.9,59.9,60.0,84.29999999999998,43242.0,540.0,96877.0,1070093.0,82.79999999999998,0.997,6.272,83.09999999999998,0.0,274.2,273.6,275.3,0.772,271.7,0.531,271.0,0.842,272.9,0.003,13.69,2.0,3.0,0.0,19.87,92.3,347.3,346.5,0.0,2.741,3.359,3.241,346.6,359.6,0.236,0.0,29.2,23.36,23.37,24.85,25.08,23.92,25.16,-70.87,24.57,25.0,370.2,29.46,40.29,40.4,40.97,35.12,35.49,28.24,12065.0,16746.0,16648.0,16980.0,14359.0,14384.0,11654.0,10.15,13.88,13.91,14.11,12.09,12.22,9.72,0.0,345.0,0.0,60.15,0.0,266.3,0.0,5.0,16.0,0.0,0.0,100.5,105.8,100.4,18.5,17.64,0.0,22.09,185.8,10.02,2.0,3.474,-1.0,5.48,8.3,4901
2016-03-31 10:07:00,111.1,113.5,112.1,1113358.0,62.9,59.9,60.0,90.8,43242.0,540.0,96877.0,1070095.0,89.2,0.997,7.364,89.5,0.0,274.3,273.7,275.3,0.772,271.0,0.531,271.0,0.842,273.0,0.003,13.69,2.0,3.0,0.0,19.91,98.9,346.8,345.6,0.0,2.912,3.56,3.445,368.4,383.7,0.2369999999999999,0.0,29.23,23.51,23.59,25.08,25.37,24.18,25.42,-118.1,24.77,25.3,400.2,31.16,42.71,43.33,43.75,37.87,38.56,31.2,12065.0,16746.0,16648.0,16980.0,14359.0,14385.0,11655.0,10.74,14.72,14.94,15.08,13.05,13.29,10.76,0.0,344.8,0.0,60.15,0.0,285.2,0.0,5.0,16.0,0.0,0.0,108.4,113.8,108.2,18.47,17.73,0.0,22.17,182.7,23.09,2.0,3.475,-1.0,3.443,5.2,4901
2016-03-31 10:08:00,98.9,101.2,99.9,1113359.0,62.9,59.9,60.0,80.59999999999998,43242.0,540.0,96877.0,1070096.0,79.26999999999998,0.997,5.646,79.47,0.0,274.5,273.5,275.1,0.772,271.5,0.531,271.0,0.842,273.0,-0.001,13.45,2.0,1.0,0.0,19.95,89.29999999999998,359.8,358.1,0.0,2.622,3.216,3.089,332.5,343.5,0.236,0.001,29.36,23.74,23.8,25.32,25.67,24.42,25.74,-118.0,25.04,25.55,348.0,27.3,37.2,37.24,37.81,32.13,32.42,25.97,12065.0,16747.0,16648.0,16981.0,14359.0,14385.0,11655.0,9.75,13.29,13.3,13.5,11.48,11.58,9.28,0.0,357.4,0.0,60.14,0.0,248.3,0.0,5.0,16.0,0.0,0.0,96.2,101.2,96.0,18.52,17.82,0.0,22.48,197.1,16.8,2.0,3.474,-1.0,4.012,6.4,4901
2016-03-31 10:09:00,96.7,99.0,97.7,1113361.0,62.9,59.9,60.0,78.78,43242.0,540.0,96877.0,1070097.0,77.47,0.998,5.325,77.65,0.0,274.4,273.6,275.3,0.772,272.0,0.531,271.0,0.842,273.0,0.005,13.66,2.0,3.0,0.0,19.99,86.9,354.7,354.7,0.0,2.527,3.082,2.985,320.9,335.2,0.236,0.0,29.3,24.03,24.11,25.45,25.85,24.52,25.82,-118.0,25.17,25.55,346.7,26.9,36.61,36.83,37.24,31.83,32.58,25.9,12065.0,16747.0,16648.0,16981.0,14359.0,14385.0,11655.0,9.5,12.93,13.01,13.15,11.24,11.5,9.15,0.0,353.5,0.0,60.16,0.0,245.3,0.0,5.0,16.0,0.0,0.0,93.9,98.9,93.7,18.48,17.92,0.0,22.72,193.2,32.19,2.0,,-1.0,3.0380000000000003,19.1,4901
2016-03-31 10:10:00,80.09999999999998,82.5,81.29999999999998,1113362.0,62.9,59.9,60.0,65.0,43242.0,540.0,96877.0,1070099.0,64.06,0.999,3.068,64.14,0.0,274.5,273.4,275.1,0.772,272.0,0.531,271.0,0.842,273.0,0.003,13.66,2.0,3.0,0.0,20.04,73.31999999999998,355.3,354.2,0.0,2.136,2.599,2.544,265.6,280.3,0.2349999999999999,0.0,29.31,24.18,24.28,25.52,25.99,24.63,25.86,-118.4,25.23,25.57,287.0,22.11,29.99,30.18,30.76,26.48,26.91,21.46,12065.0,16747.0,16649.0,16981.0,14360.0,14385.0,11655.0,7.786,10.56,10.63,10.83,9.32,9.48,7.5539999999999985,0.0,352.8,0.0,60.15,0.0,206.6,0.0,5.0,16.0,0.0,0.0,77.45,82.0,77.34,18.55,17.97,0.0,22.7,182.7,24.79,2.0,3.474,-1.0,3.915,8.199999999999998,4901
2016-03-31 10:11:00,65.15,67.36,66.34,1113362.0,62.9,59.9,60.0,52.43,43242.0,540.0,96877.0,1070099.0,51.79,1.0,1.074,51.8,0.0,273.9,273.2,274.8,0.772,271.4,0.531,271.0,0.842,272.9,0.003,13.66,2.0,3.0,0.0,20.08,60.45,361.8,360.4,0.0,1.765,2.161,2.07,221.6,228.1,0.233,0.0,29.35,23.77,23.75,25.22,25.67,24.32,25.46,-118.9,24.85,25.29,230.3,17.84,24.31,24.17,24.64,20.86,21.09,16.83,12066.0,16747.0,16649.0,16981.0,14360.0,14385.0,11655.0,6.4110000000000005,8.74,8.689999999999998,8.859999999999998,7.498999999999999,7.581,6.051,0.0,359.6,0.0,60.14,0.0,167.1,0.0,5.0,16.0,0.0,0.0,62.53,66.65,62.43,18.53,17.84,0.0,22.4,201.7,16.49,2.0,3.474,-1.0,4.167,6.3,4901
2016-03-31 10:12:00,60.13,62.35,61.31,1113363.0,62.9,59.9,60.0,48.23,43242.0,540.0,96877.0,1070100.0,47.62,1.0,0.405,47.62,0.0,273.8,273.1,274.8,0.772,271.2,0.531,271.0,0.842,272.9,0.003,13.66,2.0,3.0,0.0,20.13,56.03,355.8,354.7,0.0,1.608,1.988,1.873,205.0,207.2,0.233,0.0,29.35,23.32,23.28,24.74,25.1,23.81,24.97,-119.0,24.47,24.86,210.2,16.53,22.83,22.79,23.07,19.6,19.71,16.01,12066.0,16747.0,16649.0,16981.0,14360.0,14385.0,11655.0,5.84,8.06,8.05,8.15,6.922999999999999,6.962999999999999,5.654,0.0,353.5,0.0,60.15,0.0,157.6,0.0,5.0,16.0,0.0,0.0,57.46,61.47,57.36,18.55,17.86,0.0,22.05,203.1,13.5,2.0,3.474,-1.0,3.832,8.099999999999998,4901
2016-03-31 10:13:00,73.17,75.64,74.43,1113364.0,62.9,59.9,60.0,59.21,43242.0,540.0,96877.0,1070101.0,58.38,0.999,2.132,58.43,0.0,274.1,273.2,274.8,0.772,271.1,0.531,271.0,0.842,273.0,0.004,13.66,2.0,3.0,0.0,20.17,67.26,339.5,337.3,0.0,1.97,2.436,2.297,252.9,255.8,0.2339999999999999,0.0,29.35,23.15,23.05,24.42,24.69,23.51,24.62,-119.2,24.18,24.56,258.3,21.21,29.32,29.23,29.61,25.33,25.24,20.67,12066.0,16747.0,16649.0,16981.0,14360.0,14385.0,11655.0,7.126,9.85,9.82,9.95,8.51,8.48,6.946000000000001,0.0,336.2,0.0,60.13,0.0,198.2,0.0,5.0,16.0,0.0,0.0,70.5,75.06,70.5,18.46,17.86,0.0,21.89,201.6,21.49,2.0,3.475,-1.0,2.962,6.6,4901
2016-03-31 10:14:00,74.5,77.12,75.84,1113365.0,62.9,59.9,60.0,60.36,43242.0,540.0,96877.0,1070102.0,59.54,0.999,2.335,59.58,0.0,273.7,273.3,274.9,0.772,271.0,0.531,271.0,0.842,272.7,0.001,13.5,2.0,1.0,0.0,20.2,68.49,343.2,341.4,0.0,2.008,2.506,2.321,258.4,256.4,0.233,0.001,29.35,23.27,23.08,24.52,24.77,23.67,24.78,-119.0,24.34,24.72,257.9,21.25,29.7,29.59,29.76,25.38,25.31,20.94,12066.0,16748.0,16649.0,16981.0,14360.0,14386.0,11656.0,7.232999999999999,10.11,10.07,10.13,8.64,8.609999999999998,7.127999999999999,0.0,340.5,0.0,60.14,0.0,199.6,0.0,5.0,16.0,0.0,0.0,71.94,76.51999999999998,71.91,18.61,17.96,0.0,22.13,184.2,15.99,2.0,3.474,-1.0,2.652,4.8,4901
2016-03-31 10:15:00,80.5,83.0,81.7,1113366.0,62.9,59.9,60.0,65.33,43242.0,540.0,96877.0,1070103.0,64.36,0.999,3.128,64.43,0.0,273.7,273.6,275.2,0.772,271.4,0.531,271.0,0.842,272.9,0.003,13.66,2.0,3.0,0.0,20.23,73.76999999999998,344.6,342.2,0.0,2.169,2.716,2.507,279.0,275.8,0.2339999999999999,0.0,29.35,23.5,23.34,24.66,24.82,23.73,24.83,-118.9,24.52,24.78,278.2,22.86,32.12,32.0,32.05,27.37,27.36,22.66,12066.0,16748.0,16649.0,16982.0,14360.0,14386.0,11656.0,7.792999999999998,10.95,10.91,10.92,9.33,9.33,7.724,0.0,341.0,0.0,60.13,0.0,214.2,0.0,5.0,16.0,0.0,0.0,77.79999999999998,82.5,77.76,18.63,18.03,0.0,22.26,206.8,17.81,2.0,3.474,-1.0,3.275,6.6,4901
2016-03-31 10:16:00,95.6,98.0,96.7,1113368.0,62.9,59.9,60.0,77.94,43242.0,540.0,96877.0,1070105.0,76.73,0.998,5.24,76.90999999999998,0.0,274.2,273.6,275.2,0.772,271.1,0.531,271.0,0.842,272.8,0.003,13.66,2.0,3.0,0.0,20.26,86.29999999999998,336.6,335.2,0.0,2.588,3.213,3.003,332.8,333.7,0.236,0.0,29.35,23.82,23.64,24.9,25.01,23.89,25.14,-119.0,24.66,24.91,340.1,28.85,39.54,39.05,39.05,33.01,33.35,27.04,12066.0,16748.0,16650.0,16982.0,14360.0,14386.0,11656.0,9.64,13.22,13.06,13.05,11.04,11.15,9.04,0.0,334.3,0.0,60.15,0.0,256.5,0.0,5.0,16.0,0.0,0.0,93.0,98.1,92.9,18.73,18.16,0.0,22.7,194.4,24.47,2.0,3.474,-1.0,2.235,3.8,4901
2016-03-31 10:17:00,115.8,118.5,117.0,1113369.0,62.9,59.9,60.0,94.9,43242.0,540.0,96877.0,1070106.0,93.0,0.996,8.05,93.3,0.0,274.2,273.8,275.4,0.772,271.3,0.531,271.0,0.842,272.9,0.003,13.66,2.0,3.0,0.0,20.29,103.5,330.1,328.8,0.0,3.283,4.048,3.879,414.8,427.3,0.2389999999999999,0.0,29.35,24.59,24.43,25.55,25.66,24.54,25.89,-119.0,25.27,25.54,416.2,34.42,47.96,47.07,48.52,41.36,40.84,33.17,12066.0,16748.0,16650.0,16982.0,14361.0,14386.0,11656.0,11.27,15.71,15.42,15.89,13.54,13.38,10.86,0.0,327.6,0.0,60.14,0.0,313.8,0.0,5.0,16.0,0.0,0.0,112.9,118.6,112.9,18.71,18.19,0.0,23.13,210.1,44.55,2.0,3.474,-1.0,3.142,6.4,4901
2016-03-31 10:18:00,107.3,109.7,108.4,1113371.0,62.9,59.9,60.0,87.7,43242.0,540.0,96878.0,1070107.0,86.09999999999998,0.997,6.815,86.4,0.0,274.3,273.8,275.3,0.772,271.9,0.531,271.0,0.842,273.0,0.003,13.66,2.0,3.0,0.0,20.33,96.3,336.4,335.0,0.0,2.935,3.628,3.437,372.2,378.9,0.2369999999999999,0.0,29.35,24.99,24.89,25.88,25.99,24.95,26.22,-117.9,25.67,25.91,383.3,31.58,43.6,43.24,43.77,37.43,37.55,30.43,12067.0,16749.0,16650.0,16982.0,14361.0,14386.0,11656.0,10.55,14.56,14.44,14.62,12.5,12.54,10.16,0.0,334.0,0.0,60.14,0.0,286.3,0.0,5.0,16.0,0.0,0.0,104.4,109.8,104.4,18.81,18.24,0.0,23.67,199.9,24.39,2.0,3.474,-1.0,1.875,4.5,4901
2016-03-31 10:19:00,107.3,109.6,108.3,1113372.0,62.9,59.9,60.0,87.7,43242.0,540.0,96878.0,1070109.0,86.09999999999998,0.997,6.801,86.4,0.0,274.4,273.9,275.4,0.772,272.0,0.531,271.0,0.842,273.0,0.0,13.55,2.0,1.0,0.0,20.37,96.7,349.4,348.6,0.0,2.865,3.534,3.3710000000000004,363.2,372.6,0.2369999999999999,0.001,29.42,25.57,25.55,26.37,26.62,25.53,26.79,-116.8,26.16,26.48,380.6,30.14,41.6,41.53,42.02,36.03,36.46,29.34,12067.0,16749.0,16650.0,16983.0,14361.0,14387.0,11656.0,10.46,14.43,14.41,14.58,12.5,12.65,10.18,0.0,347.1,0.0,60.15,0.0,276.8,0.0,5.0,16.0,0.0,0.0,104.5,109.8,104.4,18.9,18.37,0.0,24.18,204.8,25.64,2.0,3.474,-1.0,2.645,5.4,4901
2016-03-31 10:20:00,111.5,113.9,112.6,1113374.0,62.9,59.9,60.0,91.2,43242.0,540.0,96878.0,1070110.0,89.59999999999998,0.997,7.409,89.9,0.0,274.7,273.8,275.4,0.772,272.0,0.531,271.0,0.842,273.0,0.005,13.66,2.0,3.0,0.0,20.42,100.1,346.2,344.8,0.0,2.975,3.667,3.4930000000000003,379.5,388.6,0.2369999999999999,0.0,29.45,25.71,25.73,26.72,26.92,25.72,27.06,-117.5,26.41,26.76,398.9,31.88,43.94,43.95,44.35,37.95,38.41,30.83,12067.0,16749.0,16650.0,16983.0,14361.0,14387.0,11657.0,10.95,15.09,15.09,15.23,13.03,13.19,10.59,0.0,343.8,0.0,60.14,0.0,289.4,0.0,5.0,16.0,0.0,0.0,108.5,113.9,108.4,18.97,18.35,0.0,24.12,194.5,20.46,2.0,3.474,-1.0,3.973,6.1,4901
2016-03-31 10:21:00,131.8,134.3,132.8,1113376.0,62.9,59.9,60.0,108.4,43242.0,540.0,96878.0,1070112.0,106.3,0.995,10.33,106.8,0.0,275.0,274.3,275.8,0.772,272.0,0.531,271.4,0.842,273.0,0.003,13.66,2.0,3.0,0.0,20.47,117.5,340.1,339.8,0.0,3.6,4.416,4.251,456.5,473.2,0.2389999999999999,0.0,29.55,25.79,25.78,26.97,27.1,25.87,27.36,-116.4,26.48,27.02,477.8,38.35,53.03,52.99,53.97,45.96,46.24,36.94,12067.0,16749.0,16651.0,16983.0,14362.0,14387.0,11657.0,12.93,17.88,17.86,18.19,15.49,15.59,12.45,0.0,337.2,0.0,60.13,0.0,345.8,0.0,5.0,16.0,0.0,0.0,128.4,134.3,128.3,18.99,18.27,0.0,24.17,189.8,23.47,2.0,3.474,-1.0,3.447,6.7,4901
2016-03-31 10:22:00,117.5,119.8,118.5,1113377.0,62.9,59.9,60.0,96.3,43242.0,540.0,96878.0,1070114.0,94.4,0.996,8.24,94.8,0.0,274.5,274.1,275.7,0.772,272.0,0.531,271.2,0.842,273.0,0.003,13.66,2.0,3.0,0.0,20.53,104.5,344.2,345.5,0.0,3.185,3.929,3.74,402.6,412.0,0.2389999999999999,0.0,29.56,25.95,25.95,27.34,27.48,26.18,27.68,-116.0,26.8,27.35,416.9,33.68,46.21,45.93,46.81,40.06,40.11,32.3,12067.0,16750.0,16651.0,16983.0,14362.0,14387.0,11657.0,11.58,15.89,15.79,16.09,13.77,13.79,11.1,0.0,343.8,0.0,60.14,0.0,303.6,0.0,5.0,16.0,0.0,0.0,114.6,120.1,114.5,19.14,18.37,0.0,24.32,199.6,18.34,2.0,3.474,-1.0,4.9,7.2,4901
2016-03-31 10:23:00,149.1,151.4,149.8,1113379.0,62.9,59.9,60.0,122.8,43242.0,540.0,96878.0,1070116.0,120.4,0.994,12.87,121.1,0.0,275.0,274.5,276.2,0.772,272.0,0.531,271.7,0.842,273.0,0.003,13.66,2.0,3.0,0.0,20.58,132.1,343.3,343.2,0.0,4.017,4.912,4.761,506.4,528.1,0.241,0.0,29.64,26.31,26.16,27.7,27.86,26.51,28.09,-115.2,27.25,27.6,546.5,43.66,59.03,58.95,60.01,51.63,52.04,41.49,12068.0,16750.0,16651.0,16984.0,14362.0,14388.0,11657.0,14.93,20.19,20.16,20.52,17.65,17.79,14.18,0.0,342.2,0.0,60.14,0.0,385.0,0.0,5.0,16.0,0.0,0.0,146.4,152.4,146.1,19.19,18.49,0.0,24.67,194.2,21.77,2.0,3.474,-1.0,3.358,5.7,4901
2016-03-31 10:24:00,159.1,161.3,159.6,1113381.0,62.9,59.9,60.0,131.0,43242.0,540.0,96879.0,1070118.0,128.4,0.994,14.37,129.2,0.0,275.4,274.2,275.8,0.772,272.0,0.531,271.0,0.842,273.0,0.005,13.66,2.0,3.0,0.0,20.65,141.6,345.1,344.2,0.0,4.413,5.388999999999999,5.252000000000001,552.0,578.4,0.2439999999999999,0.0,29.72,27.06,27.0,28.53,28.83,27.44,28.99,-87.79999999999998,27.97,28.69,577.7,45.88,63.1,62.34,64.14,54.78,54.89,43.77,12068.0,16750.0,16652.0,16984.0,14362.0,14388.0,11657.0,15.74,21.64,21.39,22.0,18.79,18.83,15.01,0.0,343.1,0.0,60.14,0.0,410.6,0.0,5.0,16.0,0.0,0.0,156.2,162.0,155.9,19.46,18.5,0.0,25.24,183.1,16.3,2.0,3.474,-1.0,3.9,7.3,4901
2016-03-31 10:25:00,114.1,116.1,114.9,1113383.0,62.9,59.9,60.0,93.2,43242.0,540.0,96879.0,1070119.0,91.6,0.996,7.718,91.9,0.0,274.5,273.8,275.4,0.772,271.9,0.531,271.0,0.842,273.0,-0.006,13.26,2.0,1.0,0.0,20.74,102.4,354.4,354.1,0.0,3.112,3.84,3.636,392.4,399.0,0.2399999999999999,0.002,29.79,26.89,26.78,28.59,28.91,27.41,28.92,-113.8,27.85,28.76,401.9,31.67,43.66,43.51,44.06,37.59,37.76,30.64,12068.0,16751.0,16652.0,16984.0,14363.0,14388.0,11658.0,11.17,15.4,15.34,15.54,13.26,13.31,10.8,0.0,352.8,0.0,60.14,0.0,289.2,0.0,5.0,16.0,0.0,0.0,111.3,116.6,111.1,19.37,18.5,0.0,25.06,186.4,24.77,2.0,3.475,-1.0,4.357,9.0,4901
2016-03-31 10:26:00,125.0,127.1,125.8,1113385.0,62.9,59.9,60.0,102.6,43242.0,540.0,96879.0,1070121.0,100.6,0.996,9.32,101.1,0.0,274.8,274.5,276.1,0.772,272.0,0.531,271.8,0.842,273.0,0.008,13.66,2.0,3.0,0.0,20.81,112.5,354.9,354.3,0.0,3.407,4.19,4.004,434.5,445.7,0.2389999999999999,0.001,29.87,26.6,26.52,28.41,28.7,27.1,28.72,-114.6,27.71,28.47,445.2,36.03,48.96,47.95,48.89,41.32,41.45,32.92,12068.0,16751.0,16652.0,16985.0,14363.0,14388.0,11658.0,12.69,17.25,16.89,17.22,14.55,14.6,11.59,0.0,352.8,0.0,60.16,0.0,317.5,0.0,5.0,16.0,0.0,0.0,122.3,127.7,122.0,19.42,18.66,0.0,24.95,194.4,25.64,2.0,3.475,-1.0,3.793,6.0,4901
2016-03-31 10:27:00,121.0,123.2,121.9,1113386.0,62.9,59.9,60.0,99.3,43242.0,540.0,96879.0,1070123.0,97.4,0.996,8.71,97.8,0.0,274.9,274.4,276.0,0.772,272.0,0.531,272.0,0.842,273.0,0.004,13.66,2.0,3.0,0.0,20.88,108.3,349.9,349.1,0.0,3.259,4.003,3.844,412.5,425.6,0.2389999999999999,0.0,29.96,26.6,26.49,28.49,28.76,27.14,28.76,-114.1,27.69,28.35,433.2,34.64,47.27,46.86,47.58,40.63,41.09,32.89,12068.0,16751.0,16652.0,16985.0,14363.0,14389.0,11658.0,12.04,16.43,16.29,16.53,14.12,14.28,11.43,0.0,347.7,0.0,60.14,0.0,309.8,0.0,5.0,16.0,0.0,0.0,118.2,123.7,118.0,19.39,18.67,0.0,24.88,201.8,19.45,2.0,3.474,-1.0,5.895,9.6,4901
2016-03-31 10:28:00,121.5,123.7,122.4,1113388.0,62.9,59.9,60.0,99.7,43242.0,540.0,96879.0,1070124.0,97.8,0.996,8.769999999999998,98.2,0.0,275.2,274.3,275.9,0.772,272.0,0.531,272.0,0.842,273.0,0.003,13.66,2.0,3.0,0.0,20.95,109.0,351.2,349.9,0.0,3.256,3.993,3.833,413.3,426.6,0.2389999999999999,0.0,30.08,26.71,26.51,28.16,28.48,26.83,28.64,-115.0,27.55,28.03,435.4,34.54,47.32,47.1,47.69,40.65,41.33,33.04,12069.0,16751.0,16653.0,16985.0,14363.0,14389.0,11658.0,12.05,16.5,16.43,16.63,14.18,14.42,11.52,0.0,348.9,0.0,60.15,0.0,310.3,0.0,5.0,16.0,0.0,0.0,118.6,124.1,118.5,19.31,18.78,0.0,25.09,201.2,18.49,2.0,3.475,-1.0,4.375,7.599999999999999,4901
2016-03-31 10:29:00,122.8,125.0,123.6,1113389.0,62.9,59.9,60.0,100.8,43242.0,540.0,96879.0,1070126.0,98.9,0.996,8.99,99.3,0.0,275.1,274.4,276.1,0.772,272.0,0.531,272.0,0.842,273.0,0.003,13.66,2.0,3.0,0.0,21.01,110.1,352.1,351.3,0.0,3.3280000000000003,4.083,3.917,422.5,435.8,0.2389999999999999,0.0,30.14,26.89,26.71,28.26,28.55,26.8,28.82,-114.4,27.81,28.26,438.1,34.86,47.77,47.39,48.32,40.87,41.18,32.81,12069.0,16752.0,16653.0,16985.0,14364.0,14389.0,11658.0,12.19,16.71,16.57,16.89,14.28,14.4,11.47,0.0,349.9,0.0,60.14,0.0,313.0,0.0,5.0,16.0,0.0,0.0,120.0,125.4,119.8,19.39,18.8,0.0,25.24,192.3,19.54,2.0,3.474,-1.0,3.725,7.9,4901
2016-03-31 10:30:00,112.2,114.4,113.1,1113391.0,62.9,59.9,60.0,91.9,43242.0,540.0,96879.0,1070127.0,90.3,0.997,7.4689999999999985,90.6,0.0,274.7,274.6,276.2,0.772,272.0,0.531,272.0,0.842,273.2,0.003,13.66,2.0,3.0,0.0,21.08,101.2,354.7,354.2,0.0,3.044,3.758,3.552,386.4,392.3,0.238,0.0,30.18,26.45,26.34,28.16,28.4,26.7,28.6,-87.79999999999998,27.71,28.16,395.5,31.19,43.09,42.76,43.52,37.14,37.28,30.23,12069.0,16752.0,16653.0,16986.0,14364.0,14389.0,11658.0,11.01,15.21,15.09,15.36,13.11,13.16,10.67,0.0,353.2,0.0,60.15,0.0,285.4,0.0,5.0,16.0,0.0,0.0,109.5,114.7,109.2,19.43,18.56,0.0,24.58,192.7,25.67,2.0,3.474,-1.0,5.32,9.9,4901
2016-03-31 10:31:00,110.6,112.9,111.6,1113392.0,62.9,59.9,60.0,90.6,43242.0,540.0,96880.0,1070129.0,88.9,0.997,7.213999999999999,89.2,0.0,275.1,274.4,276.1,0.772,272.0,0.531,272.0,0.842,273.7,-0.094,13.26,2.0,1.0,0.0,21.14,99.2,348.1,349.2,0.0,3.006,3.739,3.491,383.4,384.1,0.2399999999999999,0.002,30.3,25.65,25.69,27.76,27.95,26.36,27.99,-67.46,26.89,27.69,388.6,31.09,43.37,43.47,43.58,36.97,37.19,30.64,12069.0,16752.0,16653.0,16986.0,14364.0,14390.0,11659.0,10.79,15.06,15.09,15.13,12.84,12.91,10.64,0.0,347.5,0.0,60.17,0.0,285.3,0.0,5.0,16.0,0.0,0.0,107.6,112.9,107.4,19.43,18.56,0.0,23.87,189.2,22.11,2.0,3.474,-1.0,6.027,9.0,4901
2016-03-31 10:32:00,144.1,146.3,144.7,1113394.0,62.9,59.9,60.0,118.8,43242.0,540.0,96880.0,1070131.0,115.9,0.995,12.02,116.6,0.0,275.5,275.0,276.6,0.772,272.1,0.531,272.0,0.842,273.9,0.098,13.63,2.0,3.0,0.0,21.2,128.5,332.9,331.7,0.0,3.949,4.865,4.643,500.9,514.1,0.2399999999999999,0.001,30.36,25.62,25.58,27.65,27.68,26.18,27.77,-115.7,26.65,27.47,546.1,42.46,58.58,59.9,60.22,52.49,52.79,42.79,12069.0,16752.0,16654.0,16986.0,14364.0,14390.0,11659.0,13.99,19.3,19.72,19.83,17.28,17.38,14.08,0.0,329.9,0.0,60.14,0.0,386.8,0.0,5.0,16.0,0.0,0.0,140.9,146.8,140.7,19.41,18.64,0.0,24.05,188.6,19.4,2.0,3.474,-1.0,5.053,9.7,4901
2016-03-31 10:33:00,137.0,139.6,138.0,1113396.0,62.9,59.9,60.0,112.9,43242.0,540.0,96880.0,1070133.0,110.7,0.995,11.05,111.3,0.0,275.4,274.5,276.2,0.772,272.0,0.531,272.0,0.842,273.4,0.004,13.66,2.0,3.0,0.0,21.25,122.0,336.0,336.7,0.0,3.794,4.69,4.4510000000000005,476.7,485.7,0.241,0.0,30.45,26.23,26.21,28.15,28.15,26.67,28.35,-109.5,27.26,28.04,493.6,40.36,55.54,55.38,55.98,48.19,48.22,39.96,12070.0,16753.0,16654.0,16986.0,14365.0,14390.0,11659.0,13.5,18.58,18.52,18.72,16.11,16.12,13.35,0.0,334.5,0.0,60.14,0.0,363.6,0.0,5.0,16.0,0.0,0.0,134.4,140.4,134.3,19.51,18.75,0.0,24.62,195.4,18.56,2.0,3.474,-1.0,3.665,6.9,4901
2016-03-31 10:34:00,123.8,126.2,124.7,1113398.0,62.9,59.9,60.0,101.7,43242.0,540.0,96880.0,1070134.0,100.1,0.996,9.19,100.5,0.0,274.9,274.5,276.2,0.772,272.0,0.531,272.0,0.842,273.3,0.003,13.66,2.0,3.0,0.0,21.3,110.7,344.2,344.1,0.0,3.499,4.3580000000000005,4.106,437.1,441.7,0.2399999999999999,0.0,30.53,26.16,26.23,28.16,28.28,26.83,28.37,-82.5,27.23,28.24,432.0,36.09,49.92,48.47,49.4,42.02,41.85,33.97,12070.0,16753.0,16654.0,16987.0,14365.0,14390.0,11659.0,12.34,17.07,16.58,16.9,14.37,14.32,11.62,0.0,342.4,0.0,60.12,0.0,321.9,0.0,5.0,16.0,0.0,0.0,121.4,127.1,121.2,19.48,18.69,0.0,24.45,178.4,23.86,2.0,3.475,-1.0,5.412000000000001,10.4,4901
2016-03-31 10:35:00,158.5,160.7,159.0,1113400.0,62.9,59.9,60.0,130.8,43242.0,540.0,96880.0,1070137.0,128.0,0.994,14.22,128.8,0.0,275.3,274.9,276.6,0.772,272.0,0.531,272.0,0.842,273.2,0.003,13.66,2.0,3.0,0.0,21.36,141.5,341.1,339.4,0.0,4.458,5.494,5.263,562.6,578.0,0.2429999999999999,0.0,30.63,26.42,26.55,28.48,28.54,27.13,28.68,-56.95,27.37,28.51,571.3,49.82,66.43,63.57,64.66,53.95,54.42,42.48,12070.0,16753.0,16655.0,16987.0,14365.0,14391.0,11660.0,16.82,22.44,21.49,21.85,18.23,18.39,14.35,0.0,338.2,0.0,60.14,0.0,415.3,0.0,5.0,16.0,0.0,0.0,156.0,162.0,155.8,19.51,18.87,0.0,24.81,203.8,27.62,2.0,3.474,-1.0,3.385,5.7,4901
2016-03-31 10:36:00,238.4,240.2,237.9,1113403.0,62.9,59.9,60.0,197.9,43242.0,540.0,96881.0,1070140.0,195.3,0.991,26.68,197.1,0.0,276.2,275.7,277.4,0.772,272.0,0.531,272.0,0.842,273.3,0.003,13.66,2.0,3.0,0.0,21.41,215.6,337.3,336.8,0.0,6.865,8.349999999999998,8.25,859.0,911.0,0.251,0.0,30.74,27.85,27.98,29.65,29.67,28.24,30.02,-17.51,28.6,29.65,922.0,73.75,99.2,97.7,100.2,85.2,85.79999999999998,67.76,12070.0,16754.0,16655.0,16988.0,14366.0,14391.0,11660.0,24.73,33.25,32.79,33.6,28.57,28.79,22.72,0.0,335.4,0.0,60.14,0.0,639.6,0.0,5.0,16.0,0.0,0.0,240.4,244.0,240.1,19.83,18.95,0.0,26.06,181.8,17.88,2.0,3.475,-1.0,5.195,10.6,4901
2016-03-31 10:37:00,117.5,119.8,118.5,1113405.0,62.9,59.9,60.0,96.3,43242.0,540.0,96881.0,1070141.0,94.4,0.996,8.189999999999998,94.8,0.0,275.0,274.3,275.9,0.772,272.0,0.531,272.0,0.842,273.0,0.002,13.51,2.0,1.0,0.0,21.48,105.5,342.0,341.8,0.0,3.274,4.039,3.836,409.0,417.1,0.2399999999999999,0.001,30.82,28.06,28.18,30.15,30.37,28.7,30.57,-64.24,29.13,30.26,422.3,34.21,47.18,46.94,47.34,40.42,40.77,32.83,12071.0,16754.0,16655.0,16988.0,14366.0,14391.0,11660.0,11.61,16.0,15.92,16.06,13.71,13.83,11.14,0.0,339.4,0.0,60.13,0.0,308.6,0.0,5.0,16.0,0.0,0.0,114.6,120.0,114.4,19.86,18.94,0.0,26.03,191.5,18.5,2.0,3.474,-1.0,5.722,9.9,4901
2016-03-31 10:38:00,125.0,127.6,126.1,1113407.0,62.9,59.9,60.0,102.8,43242.0,540.0,96881.0,1070143.0,101.1,0.996,9.340000000000002,101.5,0.0,275.0,274.5,276.2,0.772,272.0,0.531,272.0,0.842,273.1,0.004,13.66,2.0,3.0,0.0,21.56,111.9,331.7,331.6,0.0,3.517,4.315,4.148,440.5,455.3,0.2399999999999999,0.0,30.93,27.69,27.61,29.69,29.94,28.21,30.04,-64.29,28.77,29.75,458.0,37.25,51.18,50.95,52.0,44.61,44.6,36.07,12071.0,16754.0,16656.0,16988.0,14366.0,14392.0,11660.0,12.27,16.86,16.79,17.13,14.7,14.69,11.88,0.0,329.7,0.0,60.19,0.0,337.8,0.0,5.0,16.0,0.0,0.0,122.6,128.4,122.5,19.7,18.87,0.0,25.81,198.1,16.86,2.0,3.474,-1.0,5.122000000000001,8.0,4901
2016-03-31 10:39:00,110.3,112.6,111.3,1113408.0,62.9,59.9,60.0,90.4,43242.0,540.0,96881.0,1070145.0,88.7,0.997,7.174,89.0,0.0,274.5,274.6,276.2,0.772,272.0,0.531,272.0,0.842,273.1,0.003,13.66,2.0,3.0,0.0,21.63,99.6,342.5,341.7,0.0,3.029,3.734,3.552,383.2,391.1,0.238,0.0,31.01,27.14,27.07,29.17,29.44,27.74,29.59,-46.99,28.61,29.41,393.2,32.49,44.41,43.87,44.39,37.7,37.91,30.65,12071.0,16755.0,16656.0,16988.0,14366.0,14392.0,11660.0,11.03,15.07,14.89,15.06,12.79,12.87,10.4,0.0,339.4,0.0,60.18,0.0,290.8,0.0,5.0,16.0,0.0,0.0,107.4,112.7,107.3,19.66,18.83,0.0,25.26,194.7,20.16,2.0,3.474,-1.0,4.915,9.9,4901
2016-03-31 10:40:00,108.4,110.6,109.3,1113410.0,62.9,59.9,60.0,88.7,43242.0,540.0,96881.0,1070146.0,87.0,0.997,6.894,87.29999999999998,0.0,274.6,274.3,276.0,0.772,272.0,0.531,272.0,0.842,273.0,0.003,13.66,2.0,3.0,0.0,21.7,98.0,351.7,351.7,0.0,2.95,3.657,3.444,373.8,377.8,0.238,0.0,31.11,26.43,26.47,28.77,29.0,27.3,29.01,-13.07,27.92,29.04,383.0,30.24,41.86,41.76,42.34,36.13,36.28,29.49,12071.0,16755.0,16656.0,16989.0,14367.0,14392.0,11661.0,10.6,14.68,14.64,14.84,12.67,12.72,10.34,0.0,350.7,0.0,60.14,0.0,278.6,0.0,5.0,16.0,0.0,0.0,105.5,110.6,105.2,19.74,18.69,0.0,24.68,192.6,26.86,2.0,3.475,-1.0,2.745,4.8,4901
2016-03-31 10:41:00,143.3,145.5,143.9,1113412.0,62.9,59.9,60.0,118.0,43242.0,540.0,96882.0,1070148.0,115.6,0.995,11.98,116.2,0.0,275.1,274.8,276.5,0.772,272.0,0.531,272.0,0.842,273.6,0.003,13.66,2.0,3.0,0.0,21.76,128.1,341.6,340.6,0.0,3.869,4.763999999999999,4.555,493.1,506.6,0.241,0.0,31.16,26.33,26.39,28.73,29.02,27.27,29.01,-86.7,27.89,29.01,535.8,40.79,56.44,57.92,58.13,50.47,51.01,41.53,12071.0,16755.0,16656.0,16989.0,14367.0,14392.0,11661.0,13.82,19.13,19.62,19.69,17.09,17.28,14.06,0.0,339.4,0.0,60.16,0.0,375.9,0.0,5.0,16.0,0.0,0.0,140.6,146.3,140.3,19.73,18.75,0.0,24.76,196.2,12.78,2.0,3.475,-1.0,6.03,8.3,4901
2016-03-31 10:42:00,144.0,146.2,144.7,1113414.0,62.9,59.9,60.0,118.6,43242.0,540.0,96882.0,1070150.0,116.3,0.995,12.03,116.9,0.0,275.1,274.8,276.6,0.772,272.0,0.531,272.0,0.842,273.8,0.023,13.66,2.0,1.0,0.0,21.82,128.9,341.1,340.7,0.0,3.93,4.827,4.621,498.6,512.9,0.241,0.0,31.24,26.64,26.7,28.95,29.22,27.54,29.3,-111.8,28.2,29.14,521.8,41.76,57.41,57.62,58.3,50.23,50.62,41.57,12072.0,16755.0,16657.0,16989.0,14367.0,14393.0,11661.0,14.13,19.42,19.49,19.72,16.99,17.12,14.06,0.0,338.4,0.0,60.18,0.0,378.0,0.0,5.0,16.0,0.0,0.0,141.4,147.3,141.2,19.74,18.74,0.0,24.95,182.7,12.77,2.0,3.474,-1.0,6.152,9.6,4901
2016-03-31 10:43:00,112.7,115.1,113.7,1113415.0,62.9,59.9,60.0,92.4,43242.0,540.0,96882.0,1070151.0,91.1,0.997,7.574,91.4,0.0,274.7,274.5,276.2,0.772,272.0,0.531,272.0,0.842,273.9,-0.017,13.5,2.0,1.0,0.0,21.88,102.0,344.2,342.6,0.0,3.083,3.811,3.609,389.1,395.9,0.2389999999999999,0.001,31.32,26.41,26.45,28.74,29.01,27.35,29.11,3.388,28.02,28.97,399.8,31.96,44.45,44.48,44.83,38.68,38.91,31.89,12072.0,16756.0,16657.0,16990.0,14367.0,14393.0,11661.0,10.9,15.16,15.17,15.29,13.19,13.27,10.87,0.0,341.3,0.0,60.14,0.0,296.5,0.0,5.0,16.0,0.0,0.0,110.3,115.7,110.1,19.64,18.76,0.0,24.7,188.0,19.34,2.0,3.474,-1.0,5.288,8.3,4901
2016-03-31 10:44:00,91.7,94.0,92.7,1113416.0,62.9,59.9,60.0,74.75,43242.0,540.0,96882.0,1070153.0,73.68,0.998,4.595,73.81999999999998,0.0,274.3,274.3,276.0,0.772,272.0,0.531,272.0,0.842,273.8,0.003,13.66,2.0,3.0,0.0,21.93,84.59999999999998,357.5,356.8,0.0,2.498,3.0980000000000003,2.906,318.1,320.7,0.236,0.0,31.4,25.85,25.96,28.3,28.54,26.92,28.64,7.859,27.65,28.59,322.3,25.21,34.91,34.79,35.21,29.97,30.09,24.5,12072.0,16756.0,16657.0,16990.0,14368.0,14393.0,11661.0,8.96,12.4,12.36,12.51,10.65,10.69,8.71,0.0,355.5,0.0,60.15,0.0,236.9,0.0,5.0,16.0,0.0,0.0,89.09999999999998,93.8,88.79999999999998,19.73,18.84,0.0,24.33,189.8,14.87,2.0,3.475,-1.0,4.505,8.0,4901
2016-03-31 10:45:00,88.79999999999998,91.2,89.9,1113418.0,62.9,59.9,60.0,72.4,43242.0,540.0,96882.0,1070154.0,71.31,0.998,4.188,71.43,0.0,274.6,274.3,276.0,0.772,272.0,0.531,272.0,0.842,273.9,0.003,13.66,2.0,3.0,0.0,21.97,82.2,351.2,349.0,0.0,2.38,2.942,2.786,305.0,310.5,0.236,0.0,31.48,25.85,25.85,28.19,28.4,26.77,28.47,-44.48,27.6,28.41,315.3,25.01,34.55,34.49,34.77,29.61,29.98,24.27,12072.0,16756.0,16658.0,16990.0,14368.0,14393.0,11662.0,8.699999999999998,12.03,12.0,12.1,10.31,10.43,8.449999999999998,0.0,348.1,0.0,60.17,0.0,234.0,0.0,5.0,16.0,0.0,0.0,86.09999999999998,90.9,85.9,19.77,18.98,0.0,24.44,196.1,16.01,2.0,3.474,-1.0,2.225,3.7,4901
2016-03-31 10:46:00,83.09999999999998,85.4,84.2,1113419.0,62.9,59.9,60.0,67.58,43242.0,540.0,96882.0,1070155.0,66.68,0.999,3.428,66.77,0.0,274.3,274.1,275.9,0.772,272.0,0.531,272.0,0.842,273.5,0.003,13.66,2.0,3.0,0.0,22.01,77.11,357.3,357.6,0.0,2.225,2.744,2.605,285.5,291.4,0.2349999999999999,0.0,31.56,25.79,25.83,28.05,28.3,26.69,28.27,-18.33,27.42,28.23,296.7,22.82,31.36,31.33,31.89,27.32,27.51,22.23,12072.0,16756.0,16658.0,16990.0,14368.0,14393.0,11662.0,8.109999999999998,11.15,11.14,11.34,9.72,9.78,7.902999999999999,0.0,355.7,0.0,60.16,0.0,215.9,0.0,5.0,16.0,0.0,0.0,80.5,85.09999999999998,80.29999999999998,19.92,19.02,0.0,24.31,186.6,26.28,2.0,3.474,-1.0,3.572,9.2,4901
2016-03-31 10:47:00,75.40999999999998,77.61,76.54,1113420.0,62.9,59.9,60.0,61.08,43242.0,540.0,96882.0,1070156.0,60.32,0.999,2.39,60.36,0.0,274.4,273.8,275.5,0.772,272.0,0.531,272.0,0.842,273.0,0.003,13.66,2.0,3.0,0.0,22.05,70.71,360.7,359.1,0.0,2.03,2.515,2.369,260.3,263.3,0.2339999999999999,0.0,31.62,25.11,25.2,27.53,27.69,26.21,27.72,6.944,26.85,27.58,268.5,20.33,28.32,28.38,28.61,24.5,24.8,20.2,12072.0,16757.0,16658.0,16990.0,14368.0,14394.0,11662.0,7.276,10.13,10.16,10.24,8.769999999999998,8.87,7.23,0.0,357.9,0.0,60.14,0.0,196.0,0.0,5.0,16.0,0.0,0.0,72.81999999999998,77.17,72.65999999999998,19.84,18.91,0.0,23.53,186.7,18.11,2.0,3.474,-1.0,6.577000000000001,11.7,4901
2016-03-31 10:48:00,81.7,84.2,82.9,1113421.0,62.9,59.9,60.0,66.48,43242.0,540.0,96882.0,1070157.0,65.41,0.999,3.233,65.49,0.0,274.4,273.8,275.6,0.772,272.0,0.531,272.0,0.842,273.0,-0.032,13.32,2.0,1.0,0.0,22.08,75.72,343.7,342.8,0.0,2.2,2.745,2.549,284.7,283.0,0.2349999999999999,0.001,31.69,24.31,24.42,26.82,26.91,25.62,26.96,6.304,26.08,26.83,288.4,23.43,32.69,32.72,32.73,27.8,27.89,22.93,12072.0,16757.0,16658.0,16991.0,14368.0,14394.0,11662.0,7.981,11.13,11.14,11.15,9.47,9.5,7.812,0.0,341.1,0.0,60.15,0.0,220.5,0.0,5.0,16.0,0.0,0.0,78.95,83.7,78.84,19.81,18.81,0.0,23.0,187.1,11.84,2.0,3.474,-1.0,5.332000000000001,9.2,4901
2016-03-31 10:49:00,95.2,97.7,96.3,1113422.0,62.9,59.9,60.0,77.76999999999998,43242.0,540.0,96882.0,1070158.0,76.31,0.998,5.064,76.48,0.0,274.6,274.0,275.8,0.772,272.0,0.531,272.0,0.842,273.0,0.036,13.66,2.0,3.0,0.0,22.1,87.2,340.2,337.3,0.0,2.565,3.199,2.983,330.8,330.6,0.236,0.001,31.75,24.28,24.38,26.6,26.63,25.35,26.74,27.44,25.96,26.66,338.3,27.57,38.38,38.4,38.52,32.9,33.04,27.12,12073.0,16757.0,16658.0,16991.0,14368.0,14394.0,11662.0,9.29,12.94,12.94,12.98,11.09,11.14,9.14,0.0,337.2,0.0,60.14,0.0,256.4,0.0,5.0,16.0,0.0,0.0,92.3,97.3,92.1,19.68,18.9,0.0,23.07,225.9,28.2,2.0,3.475,-1.0,3.703,7.3,4901
2016-03-31 10:50:00,115.8,118.3,116.8,1113424.0,62.9,59.9,60.0,95.0,43242.0,540.0,96882.0,1070160.0,93.4,0.996,8.0,93.7,0.0,274.4,274.4,276.1,0.772,272.0,0.531,272.0,0.842,273.0,0.004,13.66,2.0,3.0,0.0,22.12,104.4,334.3,332.5,0.0,3.233,4.0,3.79,414.2,421.3,0.2389999999999999,0.0,31.83,25.11,25.12,27.02,27.07,25.72,27.22,-19.32,26.36,26.77,419.5,34.76,47.91,47.34,48.2,40.67,40.54,32.58,12073.0,16757.0,16659.0,16991.0,14369.0,14394.0,11662.0,11.51,15.87,15.69,15.96,13.47,13.43,10.8,0.0,331.8,0.0,60.15,0.0,312.8,0.0,5.0,16.0,0.0,0.0,113.2,118.8,113.1,19.62,19.13,0.0,23.91,211.9,45.26,2.0,3.474,-1.0,3.443,5.5,4901
2016-03-31 10:51:00,99.7,102.0,100.7,1113425.0,62.9,59.9,60.0,81.4,43242.0,540.0,96882.0,1070161.0,80.09999999999998,0.997,5.688,80.29999999999998,0.0,274.6,274.0,275.8,0.772,272.0,0.531,272.0,0.842,273.3,0.003,13.66,2.0,3.0,0.0,22.14,90.7,348.3,348.8,0.0,2.696,3.355,3.14,343.8,345.1,0.2369999999999999,0.0,31.88,25.39,25.39,27.26,27.34,25.93,27.47,2.319,26.67,27.03,347.6,28.02,38.92,38.64,39.1,33.46,33.48,27.33,12073.0,16757.0,16659.0,16991.0,14369.0,14394.0,11662.0,9.73,13.52,13.42,13.58,11.62,11.63,9.49,0.0,347.5,0.0,60.13,0.0,260.4,0.0,5.0,16.0,0.0,0.0,96.9,102.0,96.7,19.72,19.22,0.0,23.92,224.1,32.97,2.0,3.473,-1.0,2.967,6.2,4901
2016-03-31 10:52:00,101.9,104.2,102.9,1113426.0,62.9,59.9,60.0,83.29999999999998,43242.0,540.0,96883.0,1070163.0,81.79999999999998,0.997,5.972,82.0,0.0,274.6,274.2,276.0,0.772,272.0,0.531,272.0,0.842,273.8,0.003,13.66,2.0,3.0,0.0,22.17,93.0,350.7,349.4,0.0,2.736,3.406,3.189,350.1,351.5,0.2369999999999999,0.0,31.94,25.5,25.45,27.31,27.4,26.01,27.53,4.698,26.77,27.09,357.4,28.53,39.7,39.71,39.95,34.08,34.29,28.06,12073.0,16758.0,16659.0,16992.0,14369.0,14395.0,11663.0,9.93,13.82,13.82,13.91,11.86,11.94,9.77,0.0,348.2,0.0,60.17,0.0,265.1,0.0,5.0,16.0,0.0,0.0,99.0,104.1,98.8,19.81,19.31,0.0,24.18,197.2,26.55,2.0,3.475,-1.0,2.873,5.5,4901
2016-03-31 10:53:00,125.8,128.0,126.6,1113428.0,62.9,59.9,60.0,103.3,43242.0,540.0,96883.0,1070164.0,100.3,0.996,9.19,100.7,0.0,275.0,274.5,276.2,0.772,272.0,0.531,272.0,0.842,273.7,0.003,13.66,2.0,3.0,0.0,22.19,112.8,347.7,347.4,0.0,3.357,4.134,3.901,437.9,442.3,0.2389999999999999,0.0,31.99,25.67,25.66,27.52,27.59,26.3,27.81,17.75,26.91,27.37,437.4,40.22,52.62,49.74,49.78,40.82,42.0,33.0,12073.0,16758.0,16659.0,16992.0,14369.0,14395.0,11663.0,13.93,18.22,17.22,17.23,14.12,14.53,11.41,0.0,346.0,0.0,60.14,0.0,324.2,0.0,5.0,16.0,0.0,0.0,121.8,127.3,121.5,19.86,19.11,0.0,24.18,187.0,21.73,2.0,3.475,-1.0,3.575,6.6,4901
2016-03-31 10:54:00,170.9,173.1,171.3,1113430.0,62.9,59.9,60.0,141.2,43242.0,540.0,96883.0,1070167.0,140.0,0.994,16.43,141.0,0.0,275.4,275.0,276.7,0.772,272.0,0.531,272.0,0.842,273.8,0.001,13.43,2.0,3.0,0.0,22.23,154.4,343.0,342.0,0.0,4.959,6.126,5.874,625.5,642.6,0.245,0.001,32.04,26.74,26.7,28.55,28.63,27.34,28.84,-13.37,27.66,28.46,619.9,50.82,70.27,67.54,70.25,59.33,58.32,46.12,12074.0,16758.0,16660.0,16992.0,14369.0,14395.0,11663.0,17.31,23.93,23.02,23.93,20.21,19.88,15.71,0.0,340.8,0.0,60.15,0.0,450.4,0.0,5.0,16.0,0.0,0.0,171.2,176.1,171.0,19.97,19.25,0.0,25.44,192.8,27.66,2.0,3.475,-1.0,2.9130000000000003,4.8,4901
2016-03-31 10:55:00,110.9,113.3,111.9,1113432.0,62.9,59.9,60.0,90.9,43242.0,540.0,96883.0,1070168.0,89.4,0.997,7.288999999999999,89.7,0.0,274.9,274.2,276.1,0.772,272.0,0.531,272.0,0.842,274.0,0.004,13.62,2.0,3.0,0.0,22.26,100.7,350.5,348.7,0.0,3.053,3.788,3.552,386.3,388.4,0.2389999999999999,0.0,32.14,27.23,27.12,28.97,29.11,27.74,29.2,29.73,28.18,28.98,386.4,32.16,43.71,43.0,43.55,36.93,36.86,30.05,12074.0,16759.0,16660.0,16993.0,14370.0,14395.0,11663.0,11.17,15.19,14.94,15.13,12.84,12.81,10.44,0.0,347.7,0.0,60.14,0.0,287.3,0.0,5.0,16.0,0.0,0.0,108.4,113.7,108.1,20.1,19.39,0.0,25.72,214.6,26.45,2.0,3.474,-1.0,1.942,5.5,4901
2016-03-31 10:56:00,102.9,105.1,103.8,1113433.0,62.9,59.9,60.0,84.0,43242.0,540.0,96883.0,1070169.0,82.59999999999998,0.997,6.126,82.9,0.0,274.6,274.1,275.9,0.772,272.0,0.531,272.0,0.842,273.6,0.003,13.62,2.0,3.0,0.0,22.3,93.8,353.5,353.5,0.0,2.732,3.379,3.187,348.2,352.3,0.2369999999999999,0.0,32.19,27.29,27.25,29.12,29.16,27.85,29.27,29.85,28.52,29.05,367.2,27.87,38.46,39.05,39.39,34.46,34.83,29.49,12074.0,16759.0,16660.0,16993.0,14370.0,14396.0,11663.0,9.81,13.54,13.75,13.86,12.13,12.26,10.38,0.0,352.1,0.0,60.15,0.0,265.3,0.0,5.0,16.0,0.0,0.0,100.1,105.1,99.8,20.11,19.4,0.0,25.83,197.7,33.84,2.0,3.475,-1.0,1.547,4.4,4901
2016-03-31 10:57:00,97.2,99.6,98.3,1113435.0,62.9,59.9,60.0,79.40999999999998,43242.0,540.0,96883.0,1070171.0,78.09,0.998,5.3420000000000005,78.26999999999998,0.0,274.2,274.4,276.2,0.772,272.0,0.531,272.0,0.842,273.9,0.003,13.62,2.0,3.0,0.0,22.35,89.2,352.9,351.4,0.0,2.6210000000000004,3.247,3.05,336.4,338.8,0.2369999999999999,0.0,32.23,26.85,26.9,28.91,28.98,27.59,29.09,29.66,28.25,28.77,346.2,27.27,37.6,37.38,37.84,32.47,32.6,26.48,12074.0,16759.0,16660.0,16993.0,14370.0,14396.0,11664.0,9.55,13.18,13.1,13.26,11.38,11.42,9.28,0.0,350.7,0.0,60.18,0.0,252.9,0.0,5.0,16.0,0.0,0.0,94.5,99.4,94.2,20.12,19.2,0.0,25.16,187.3,19.62,2.0,3.474,-1.0,5.112,9.2,4901
2016-03-31 10:58:00,103.5,105.9,104.5,1113436.0,62.9,59.9,60.0,84.7,43242.0,540.0,96883.0,1070172.0,83.09999999999998,0.997,6.196000000000001,83.4,0.0,275.0,273.9,275.8,0.772,272.0,0.531,272.0,0.842,273.6,0.003,13.62,2.0,3.0,0.0,22.39,94.1,346.8,347.3,0.0,2.801,3.488,3.252,359.6,359.2,0.238,0.0,32.24,26.62,26.55,28.71,28.71,27.3,28.86,3.5660000000000003,28.02,28.58,364.4,29.25,40.73,40.68,40.96,34.96,35.0,28.76,12074.0,16759.0,16661.0,16993.0,14370.0,14396.0,11664.0,10.09,14.04,14.03,14.12,12.05,12.07,9.920000000000002,0.0,344.9,0.0,60.19,0.0,271.3,0.0,5.0,16.0,0.0,0.0,100.7,105.8,100.4,20.05,19.24,0.0,25.06,212.9,22.93,2.0,3.473,-1.0,3.395,7.2,4901
2016-03-31 10:59:00,109.9,112.3,110.9,1113438.0,62.9,59.9,60.0,90.0,43242.0,540.0,96884.0,1070174.0,88.29999999999998,0.997,7.085,88.59999999999998,0.0,274.6,274.3,276.1,0.772,272.0,0.531,272.0,0.842,273.5,0.0,13.41,2.0,3.0,0.0,22.43,99.1,345.6,344.9,0.0,2.982,3.72,3.458,382.7,381.3,0.238,0.001,32.24,26.45,26.34,28.3,28.3,26.95,28.49,2.795,27.57,28.24,386.9,31.29,43.7,43.61,43.86,37.41,37.46,30.82,12075.0,16760.0,16661.0,16993.0,14370.0,14396.0,11664.0,10.73,14.99,14.95,15.04,12.83,12.84,10.57,0.0,343.1,0.0,60.18,0.0,287.7,0.0,5.0,16.0,0.0,0.0,106.9,112.3,106.7,19.92,19.15,0.0,24.68,190.0,17.65,2.0,3.475,-1.0,4.962,7.2,4901
2016-03-31 11:00:00,155.4,157.6,155.8,1113440.0,62.9,59.9,60.0,128.1,43242.0,540.0,96884.0,1070176.0,125.5,0.994,13.75,126.2,0.0,274.9,274.8,276.7,0.772,272.0,0.531,272.0,0.842,273.6,0.005,13.41,2.0,3.0,0.0,22.46,138.5,336.4,336.2,0.0,4.261,5.256,5.0,545.6,557.2,0.2419999999999999,0.001,32.26,26.36,26.31,28.45,28.38,27.05,28.54,2.497,27.49,28.41,581.1,42.6,61.37,64.0,64.25,56.22,56.83,48.2,12075.0,16760.0,16661.0,16994.0,14371.0,14396.0,11664.0,14.22,20.48,21.35,21.42,18.73,18.95,16.06,0.0,334.2,0.0,60.22,0.0,413.0,0.0,5.0,16.0,0.0,0.0,153.0,158.6,152.6,20.0,19.14,0.0,24.88,202.2,18.81,2.0,3.475,-1.0,3.445,5.9,4901
2016-03-31 11:01:00,131.9,134.2,132.8,1113441.0,62.9,59.9,60.0,108.3,43242.0,540.0,96884.0,1070177.0,106.5,0.995,10.27,107.0,0.0,274.7,274.2,276.0,0.772,272.0,0.531,271.6,0.842,273.0,0.003,13.62,2.0,3.0,0.0,22.49,118.5,342.8,341.5,0.0,3.672,4.56,4.322,462.3,469.7,0.2419999999999999,0.0,32.34,27.22,27.17,29.14,29.07,27.76,29.35,-17.24,28.25,29.2,470.6,38.3,52.9,52.45,53.17,45.26,45.32,36.83,12075.0,16760.0,16661.0,16994.0,14371.0,14397.0,11664.0,13.01,17.97,17.82,18.06,15.38,15.4,12.51,0.0,339.8,0.0,60.16,0.0,345.7,0.0,5.0,16.0,0.0,0.0,129.5,135.3,129.3,20.16,19.34,0.0,25.51,193.3,27.22,2.0,3.475,-1.0,2.2880000000000003,5.4,4901
2016-03-31 11:02:00,132.0,134.3,132.8,1113443.0,62.9,59.9,60.0,108.4,43242.0,540.0,96884.0,1070179.0,106.6,0.995,10.31,107.1,0.0,274.8,274.1,276.0,0.772,272.0,0.531,271.7,0.842,273.0,0.003,13.62,2.0,3.0,0.0,22.53,118.2,346.2,346.1,0.0,3.577,4.432,4.196000000000001,451.7,458.5,0.241,0.0,32.4,27.52,27.52,29.46,29.41,27.93,29.65,-37.05,28.61,29.46,471.2,37.16,51.16,51.4,51.66,45.18,45.39,38.06,12075.0,16760.0,16662.0,16994.0,14371.0,14397.0,11665.0,12.8,17.62,17.7,17.79,15.56,15.63,13.1,0.0,344.9,0.0,60.15,0.0,341.9,0.0,5.0,16.0,0.0,0.0,129.6,135.3,129.3,20.14,19.35,0.0,25.78,194.3,21.39,2.0,3.474,-1.0,4.787,10.0,4901
2016-03-31 11:03:00,162.9,164.8,163.1,1113445.0,62.9,59.9,60.0,134.1,43242.0,540.0,96884.0,1070181.0,131.5,0.994,14.87,132.3,0.0,275.0,274.5,276.2,0.772,272.0,0.531,271.9,0.842,273.0,0.003,13.62,2.0,3.0,0.0,22.57,146.1,346.2,346.0,0.0,4.397,5.419,5.19,558.3,573.7,0.2439999999999999,0.0,32.41,27.44,27.46,29.41,29.41,27.98,29.59,-32.7,28.49,29.47,603.7,45.87,63.01,64.18,64.77,57.25,57.32,47.75,12076.0,16761.0,16662.0,16995.0,14372.0,14397.0,11665.0,15.76,21.64,22.05,22.24,19.64,19.68,16.38,0.0,344.4,0.0,60.14,0.0,423.4,0.0,5.0,16.0,0.0,0.0,160.8,166.1,160.3,20.01,19.2,0.0,25.63,195.1,22.32,2.0,3.474,-1.0,4.498,9.2,4901
2016-03-31 11:04:00,152.2,154.6,152.9,1113448.0,62.9,59.9,60.0,125.3,43242.0,540.0,96885.0,1070183.0,123.1,0.994,13.27,123.8,0.0,274.9,274.4,276.1,0.772,272.0,0.531,271.9,0.842,273.0,0.003,13.62,2.0,3.0,0.0,22.62,136.0,339.3,338.7,0.0,4.246,5.24,5.003,536.9,549.2,0.2429999999999999,0.0,32.41,27.97,27.89,29.72,29.6,28.14,29.95,4.282,28.84,29.64,552.4,44.17,61.09,60.55,61.65,53.38,53.32,44.51,12076.0,16761.0,16662.0,16995.0,14372.0,14398.0,11665.0,14.9,20.61,20.43,20.79,18.0,17.99,15.0,0.0,337.2,0.0,60.15,0.0,400.9,0.0,5.0,16.0,0.0,0.0,150.0,156.0,149.7,19.9,19.2,0.0,26.11,198.7,15.55,2.0,3.474,-1.0,4.533,8.3,4901
2016-03-31 11:05:00,129.2,131.5,130.1,1113449.0,62.9,59.9,60.0,106.1,43242.0,540.0,96885.0,1070185.0,104.0,0.996,9.840000000000002,104.5,0.0,274.7,274.2,276.0,0.772,272.0,0.531,272.0,0.842,273.0,-0.003,13.29,2.0,1.0,0.0,22.67,115.8,339.7,339.3,0.0,3.592,4.469,4.187,456.0,456.2,0.241,0.001,32.46,28.11,28.11,29.81,29.78,28.28,30.1,-17.08,29.21,29.9,448.4,43.11,55.76,51.38,51.53,42.26,42.7,33.55,12076.0,16761.0,16663.0,16995.0,14372.0,14398.0,11665.0,14.57,18.83,17.36,17.4,14.27,14.42,11.33,0.0,337.9,0.0,60.15,0.0,340.9,0.0,5.0,16.0,0.0,0.0,126.3,132.1,126.2,20.01,19.32,0.0,26.39,203.5,19.28,2.0,3.474,-1.0,3.015,6.3,4901
2016-03-31 11:06:00,148.2,150.4,148.8,1113451.0,62.9,59.9,60.0,122.0,43242.0,540.0,96885.0,1070187.0,119.7,0.995,12.68,120.4,0.0,274.8,274.5,276.2,0.772,272.0,0.531,271.9,0.842,273.0,0.008,13.62,2.0,3.0,0.0,22.72,132.5,334.7,333.8,0.0,4.172,5.156000000000001,4.905,525.5,536.5,0.2439999999999999,0.001,32.49,28.43,28.42,30.19,30.12,28.62,30.46,-8.75,29.6,30.33,562.2,41.08,58.72,60.81,62.05,54.38,53.56,43.55,12076.0,16762.0,16663.0,16996.0,14372.0,14398.0,11666.0,13.66,19.51,20.21,20.61,18.06,17.8,14.47,0.0,332.5,0.0,60.15,0.0,396.1,0.0,5.0,16.0,0.0,0.0,145.9,151.7,145.5,20.23,19.45,0.0,26.48,201.9,18.63,2.0,3.474,-1.0,4.47,7.7,4901
2016-03-31 11:07:00,117.5,119.8,118.4,1113453.0,62.9,59.9,60.0,96.2,43242.0,540.0,96885.0,1070189.0,94.2,0.996,8.13,94.6,0.0,274.1,274.2,276.0,0.772,272.0,0.531,271.8,0.842,273.0,0.004,13.62,2.0,3.0,0.0,22.77,105.6,342.0,341.5,0.0,3.267,4.069,3.816,409.5,411.3,0.2399999999999999,0.0,32.51,28.24,28.43,30.21,30.21,28.68,30.49,-15.1,29.68,30.43,428.0,33.94,47.06,47.46,47.19,40.1,40.92,33.18,12076.0,16762.0,16663.0,16996.0,14373.0,14398.0,11666.0,11.54,16.0,16.13,16.04,13.63,13.91,11.28,0.0,340.0,0.0,60.14,0.0,309.0,0.0,5.0,16.0,0.0,0.0,114.4,119.8,114.2,20.31,19.48,0.0,26.33,194.1,14.43,2.0,3.475,-1.0,3.418,5.2,4901
2016-03-31 11:08:00,179.6,181.4,179.6,1113455.0,62.9,59.9,60.0,148.1,43242.0,540.0,96885.0,1070191.0,145.6,0.993,17.46,146.7,0.0,275.0,274.9,276.6,0.772,272.0,0.531,271.9,0.842,273.0,0.003,13.62,2.0,3.0,0.0,22.83,160.5,336.6,335.8,0.0,5.034,6.205,5.955,633.6,651.4,0.246,0.0,32.54,28.79,28.93,30.79,30.81,29.3,31.13,-37.4,30.17,30.88,668.7,52.28,72.59,73.14,74.01,64.05,64.31,52.91,12077.0,16762.0,16664.0,16996.0,14373.0,14399.0,11666.0,17.43,24.2,24.39,24.68,21.35,21.44,17.64,0.0,334.2,0.0,60.14,0.0,478.4,0.0,5.0,16.0,0.0,0.0,178.3,183.6,177.8,20.42,19.55,0.0,26.95,190.1,15.98,2.0,3.474,-1.0,4.648,9.4,4901
2016-03-31 11:09:00,118.9,121.1,119.8,1113457.0,62.9,59.9,60.0,97.4,43242.0,540.0,96886.0,1070193.0,95.6,0.996,8.38,96.0,0.0,274.3,274.2,275.9,0.772,272.0,0.531,271.8,0.842,273.0,0.003,13.62,2.0,3.0,0.0,22.88,107.4,348.0,346.9,0.0,3.293,4.071000000000001,3.853,412.8,419.0,0.2399999999999999,0.0,32.61,28.38,28.45,30.52,30.59,28.95,30.87,-68.05,30.05,30.55,424.7,33.87,46.72,46.36,46.96,40.09,40.42,32.57,12077.0,16763.0,16664.0,16997.0,14373.0,14399.0,11666.0,11.71,16.16,16.03,16.24,13.86,13.98,11.26,0.0,345.9,0.0,60.14,0.0,308.6,0.0,5.0,16.0,0.0,0.0,116.2,121.5,115.8,20.16,19.43,0.0,26.36,197.7,10.06,2.0,3.474,-1.0,7.072,11.8,4901
2016-03-31 11:10:00,126.7,128.7,127.4,1113459.0,62.9,59.9,60.0,103.8,43242.0,540.0,96886.0,1070194.0,101.9,0.996,9.52,102.3,0.0,274.5,274.2,276.0,0.772,272.0,0.531,271.7,0.842,273.0,0.003,13.62,2.0,3.0,0.0,22.94,114.5,354.5,355.4,0.0,3.4330000000000003,4.231,4.037,433.9,444.2,0.2399999999999999,0.0,32.61,27.83,27.79,30.08,30.08,28.49,30.39,-90.2,29.55,30.04,461.1,34.5,47.86,48.75,48.74,41.74,42.66,34.85,12077.0,16763.0,16664.0,16997.0,14374.0,14399.0,11666.0,12.22,16.95,17.26,17.26,14.77,15.1,12.33,0.0,354.2,0.0,60.14,0.0,323.3,0.0,5.0,16.0,0.0,0.0,124.0,129.3,123.6,20.18,19.34,0.0,26.02,194.0,16.87,2.0,3.474,-1.0,4.495,7.9,4901
2016-03-31 11:11:00,142.0,143.9,142.5,1113461.0,62.9,59.9,60.0,116.7,43242.0,540.0,96886.0,1070196.0,114.3,0.995,11.71,114.9,0.0,274.6,274.4,276.2,0.772,272.0,0.531,272.0,0.842,273.0,0.002,13.42,2.0,3.0,0.0,22.99,128.4,353.3,352.9,0.0,3.851,4.73,4.546,488.0,503.5,0.2419999999999999,0.001,32.64,27.98,28.06,30.28,30.37,28.75,30.61,-37.92,29.81,30.24,521.0,39.15,53.94,55.03,55.74,48.02,48.38,39.43,12077.0,16763.0,16665.0,16997.0,14374.0,14399.0,11667.0,13.74,18.93,19.32,19.56,16.85,16.98,13.83,0.0,351.1,0.0,60.16,0.0,363.7,0.0,5.0,16.0,0.0,0.0,139.3,144.8,138.8,20.28,19.45,0.0,26.11,180.6,18.65,2.0,3.474,-1.0,4.293,7.599999999999999,4901
2016-03-31 11:12:00,107.2,109.3,108.1,1113462.0,62.9,59.9,60.0,87.59999999999998,43242.0,540.0,96886.0,1070198.0,86.29999999999998,0.997,6.752999999999999,86.59999999999998,0.0,274.4,274.1,275.9,0.772,272.0,0.531,272.0,0.842,273.1,0.004,13.62,2.0,3.0,0.0,23.05,98.1,353.6,351.9,0.0,2.919,3.604,3.427,367.7,375.1,0.2389999999999999,0.0,32.7,27.53,27.72,30.16,30.25,28.58,30.49,-55.53,29.72,30.19,381.6,29.33,40.53,40.94,41.42,35.79,35.91,29.74,12077.0,16763.0,16665.0,16997.0,14374.0,14400.0,11667.0,10.29,14.22,14.36,14.53,12.55,12.59,10.43,0.0,351.2,0.0,60.19,0.0,277.8,0.0,5.0,16.0,0.0,0.0,104.7,109.8,104.4,20.43,19.31,0.0,25.7,188.9,17.03,2.0,3.474,-1.0,5.335,8.099999999999998,4901
2016-03-31 11:13:00,103.4,105.8,104.4,1113463.0,62.9,59.9,60.0,84.5,43242.0,540.0,96886.0,1070199.0,82.9,0.997,6.182,83.2,0.0,274.2,273.9,275.7,0.772,272.0,0.531,271.4,0.842,273.0,0.003,13.62,2.0,3.0,0.0,23.09,94.2,343.4,343.4,0.0,2.819,3.491,3.29,358.3,362.0,0.238,0.0,32.73,27.04,27.08,29.53,29.62,27.95,29.81,-112.2,29.03,29.47,368.8,29.66,40.95,41.03,41.37,35.32,35.5,29.01,12078.0,16764.0,16665.0,16998.0,14374.0,14400.0,11667.0,10.12,13.97,14.0,14.11,12.05,12.11,9.9,0.0,341.4,0.0,60.16,0.0,274.4,0.0,5.0,16.0,0.0,0.0,100.5,105.7,100.3,20.38,19.45,0.0,25.41,200.1,25.82,2.0,3.474,-1.0,4.86,8.4,4901
2016-03-31 11:14:00,122.6,125.1,123.6,1113465.0,62.9,59.9,60.0,100.6,43242.0,540.0,96886.0,1070201.0,98.2,0.996,8.87,98.6,0.0,274.2,274.2,276.0,0.772,272.0,0.531,271.1,0.842,273.0,0.003,13.62,2.0,3.0,0.0,23.14,110.2,336.5,337.0,0.0,3.353,4.125,3.921,428.3,436.3,0.2389999999999999,0.0,32.8,26.54,26.74,29.2,29.33,27.69,29.51,-85.59999999999998,28.65,29.1,443.0,37.58,50.97,49.9,50.09,42.29,43.03,34.39,12078.0,16764.0,16665.0,16998.0,14374.0,14400.0,11667.0,12.58,17.06,16.71,16.77,14.16,14.41,11.52,0.0,335.0,0.0,60.14,0.0,327.6,0.0,5.0,16.0,0.0,0.0,119.3,124.9,119.1,20.3,19.34,0.0,24.9,178.2,12.73,2.0,3.474,-1.0,6.497000000000001,10.1,4901
2016-03-31 11:15:00,114.8,117.2,115.7,1113467.0,62.9,59.9,60.0,94.0,43242.0,540.0,96886.0,1070202.0,92.9,0.997,7.992000000000002,93.3,0.0,274.1,274.1,275.9,0.772,272.0,0.531,271.1,0.842,273.0,0.003,13.62,2.0,3.0,0.0,23.17,103.9,335.5,335.0,0.0,3.247,4.039,3.827,407.9,414.0,0.241,0.0,32.8,26.63,26.82,29.11,29.27,27.71,29.54,-37.67,28.44,29.05,406.9,33.63,46.68,45.69,46.81,40.16,39.75,32.76,12078.0,16764.0,16666.0,16998.0,14375.0,14400.0,11667.0,11.21,15.56,15.23,15.6,13.38,13.24,10.91,0.0,334.1,0.0,60.14,0.0,310.5,0.0,5.0,16.0,0.0,0.0,112.9,118.3,112.6,20.31,19.39,0.0,24.97,189.9,19.76,2.0,3.474,-1.0,5.412000000000001,8.8,4901
2016-03-31 11:16:00,103.7,106.2,104.8,1113468.0,62.9,59.9,60.0,84.7,43242.0,540.0,96886.0,1070204.0,83.29999999999998,0.997,6.254,83.59999999999998,0.0,274.1,273.9,275.8,0.772,272.0,0.531,271.2,0.842,273.0,-0.019,13.43,2.0,3.0,0.0,23.2,94.8,342.7,341.3,0.0,2.827,3.507,3.3080000000000003,360.1,363.5,0.238,0.001,32.85,26.08,26.16,28.62,28.75,27.11,28.92,-87.0,27.95,28.52,366.3,30.85,42.07,41.11,41.42,35.1,35.38,28.65,12078.0,16764.0,16666.0,16998.0,14375.0,14401.0,11668.0,10.49,14.3,13.97,14.08,11.93,12.03,9.74,0.0,340.0,0.0,60.15,0.0,276.5,0.0,5.0,16.0,0.0,0.0,101.0,106.2,100.7,20.18,19.37,0.0,24.63,209.9,25.4,2.0,3.474,-1.0,3.843,6.9,4901
2016-03-31 11:17:00,102.0,104.4,103.0,1113469.0,62.9,59.9,60.0,83.29999999999998,43242.0,540.0,96887.0,1070205.0,81.79999999999998,0.997,5.973,82.0,0.0,274.4,273.8,275.7,0.772,272.0,0.531,271.8,0.842,273.0,0.025,13.61,2.0,3.0,0.0,23.24,92.8,338.9,338.5,0.0,2.7710000000000004,3.4330000000000003,3.245,353.4,358.0,0.238,0.0,32.89,25.89,25.95,28.38,28.48,26.76,28.7,-87.29999999999998,27.9,28.27,365.9,30.0,41.17,40.96,41.26,35.16,35.45,28.63,12078.0,16765.0,16666.0,16999.0,14375.0,14401.0,11668.0,10.1,13.87,13.8,13.9,11.85,11.94,9.65,0.0,337.1,0.0,60.15,0.0,274.1,0.0,5.0,16.0,0.0,0.0,99.0,104.2,98.8,20.1,19.46,0.0,24.51,195.9,21.97,2.0,3.475,-1.0,3.758,6.8,4901
2016-03-31 11:18:00,105.4,107.8,106.4,1113471.0,62.9,59.9,60.0,86.09999999999998,43242.0,540.0,96887.0,1070207.0,84.79999999999998,0.997,6.494,85.0,0.0,274.4,273.9,275.7,0.772,272.0,0.531,271.5,0.842,273.0,0.003,13.62,2.0,3.0,0.0,23.26,95.8,338.0,337.3,0.0,2.907,3.593,3.409,368.9,374.5,0.2389999999999999,0.0,32.89,25.96,26.07,28.34,28.43,26.91,28.64,-2.681,27.94,28.3,376.5,30.82,42.64,42.11,42.78,36.58,36.52,29.55,12079.0,16765.0,16666.0,16999.0,14375.0,14401.0,11668.0,10.35,14.31,14.14,14.36,12.28,12.26,9.920000000000002,0.0,336.1,0.0,60.14,0.0,283.8,0.0,5.0,16.0,0.0,0.0,102.7,108.0,102.5,20.16,19.49,0.0,24.6,190.5,22.38,2.0,3.474,-1.0,4.827,7.8,4901
2016-03-31 11:19:00,103.6,106.0,104.6,1113472.0,62.9,59.9,60.0,84.7,43242.0,540.0,96887.0,1070208.0,83.0,0.997,6.179,83.2,0.0,274.3,274.0,275.8,0.772,272.0,0.531,271.9,0.842,273.1,0.003,13.62,2.0,3.0,0.0,23.27,94.6,345.2,344.3,0.0,2.78,3.425,3.249,357.4,362.3,0.238,0.0,32.89,25.98,26.13,28.17,28.32,26.78,28.48,4.945,27.83,28.12,367.5,30.49,41.71,41.07,41.14,34.87,35.37,28.55,12079.0,16765.0,16666.0,16999.0,14375.0,14401.0,11668.0,10.45,14.3,14.08,14.1,11.95,12.12,9.79,0.0,342.9,0.0,60.19,0.0,274.2,0.0,5.0,16.0,0.0,0.0,100.6,105.7,100.3,20.12,19.58,0.0,24.59,199.4,20.86,2.0,3.474,-1.0,4.325,8.0,4901
2016-03-31 11:20:00,129.5,131.8,130.3,1113474.0,62.9,59.9,60.0,106.3,43242.0,540.0,96887.0,1070210.0,104.6,0.996,9.96,105.0,0.0,274.7,274.2,276.0,0.772,272.0,0.531,272.0,0.842,273.1,0.003,13.62,2.0,3.0,0.0,23.29,117.0,343.9,342.1,0.0,3.4330000000000003,4.249,4.05,437.1,447.1,0.241,0.0,32.94,26.24,26.38,28.31,28.4,26.88,28.7,-110.7,27.92,28.42,476.8,34.58,48.92,51.23,51.59,46.14,46.1,39.21,12079.0,16765.0,16667.0,16999.0,14376.0,14401.0,11668.0,11.78,16.65,17.43,17.55,15.69,15.68,13.33,0.0,340.7,0.0,60.15,0.0,340.5,0.0,5.0,16.0,0.0,0.0,127.1,132.7,126.8,20.22,19.59,0.0,24.92,203.4,14.24,2.0,3.474,-1.0,3.635,7.5,4901
2016-03-31 11:21:00,118.8,121.1,119.7,1113476.0,62.9,59.9,60.0,97.4,43242.0,540.0,96887.0,1070211.0,95.6,0.996,8.37,96.0,0.0,274.5,274.2,275.9,0.772,272.0,0.531,271.9,0.842,273.0,0.003,13.62,2.0,3.0,0.0,23.3,107.4,345.9,344.9,0.0,3.189,3.953,3.725,409.5,413.7,0.2389999999999999,0.0,32.99,26.5,26.66,28.53,28.66,27.2,28.93,-90.6,28.19,28.73,425.4,33.38,46.44,46.94,47.22,40.85,40.88,33.63,12079.0,16766.0,16667.0,17000.0,14376.0,14402.0,11668.0,11.46,15.95,16.12,16.21,14.03,14.04,11.55,0.0,343.6,0.0,60.14,0.0,310.6,0.0,5.0,16.0,0.0,0.0,116.0,121.5,115.8,20.29,19.69,0.0,25.1,180.2,23.62,2.0,3.474,-1.0,4.13,7.4,4901
2016-03-31 11:22:00,110.0,112.3,111.0,1113477.0,62.9,59.9,60.0,90.0,43242.0,540.0,96887.0,1070213.0,88.4,0.997,7.127999999999999,88.7,0.0,274.2,274.3,276.0,0.772,272.0,0.531,271.9,0.842,273.0,0.002,13.42,2.0,3.0,0.0,23.33,100.4,355.0,354.5,0.0,2.992,3.736,3.474,382.9,381.6,0.2389999999999999,0.001,32.99,26.29,26.48,28.5,28.7,27.2,28.83,-91.3,27.96,28.65,384.9,30.36,42.29,42.28,42.7,36.33,36.23,29.85,12079.0,16766.0,16667.0,17000.0,14376.0,14402.0,11669.0,10.71,14.92,14.92,15.07,12.82,12.79,10.53,0.0,353.0,0.0,60.15,0.0,282.9,0.0,5.0,16.0,0.0,0.0,107.3,112.4,107.0,20.44,19.53,0.0,24.71,181.9,14.51,2.0,3.474,-1.0,4.5680000000000005,7.5,4901
2016-03-31 11:23:00,109.1,111.3,110.0,1113479.0,62.9,59.9,60.0,89.09999999999998,43242.0,540.0,96887.0,1070214.0,87.5,0.997,6.996,87.79999999999998,0.0,274.0,274.1,275.8,0.772,272.0,0.531,271.2,0.842,273.0,0.004,13.62,2.0,3.0,0.0,23.35,99.0,350.5,350.1,0.0,2.957,3.699,3.427,379.4,376.6,0.2389999999999999,0.0,32.99,26.39,26.44,28.42,28.56,27.15,28.65,-79.59,27.87,28.47,381.0,30.5,42.58,42.36,42.68,36.43,36.37,29.85,12080.0,16766.0,16667.0,17000.0,14376.0,14402.0,11669.0,10.64,14.85,14.77,14.89,12.71,12.69,10.41,0.0,348.8,0.0,60.14,0.0,282.4,0.0,5.0,16.0,0.0,0.0,106.2,111.4,105.9,20.42,19.66,0.0,25.05,199.0,15.47,2.0,3.473,-1.0,3.178,7.4,4901
2016-03-31 11:24:00,111.2,113.4,112.1,1113480.0,62.9,59.9,60.0,90.9,43242.0,540.0,96887.0,1070216.0,89.29999999999998,0.997,7.298999999999999,89.59999999999998,0.0,274.1,274.1,275.9,0.772,272.0,0.531,271.4,0.842,273.0,0.003,13.62,2.0,3.0,0.0,23.37,100.7,349.6,349.4,0.0,3.011,3.766,3.4960000000000004,386.1,384.5,0.2389999999999999,0.0,33.04,26.37,26.51,28.53,28.69,27.25,28.71,7.801,27.93,28.38,389.6,31.1,43.5,43.21,43.52,37.14,37.25,30.5,12080.0,16766.0,16668.0,17000.0,14377.0,14402.0,11669.0,10.83,15.15,15.04,15.15,12.93,12.97,10.62,0.0,348.2,0.0,60.14,0.0,288.1,0.0,5.0,16.0,0.0,0.0,108.4,113.6,108.0,20.39,19.68,0.0,24.94,220.8,59.59,2.0,3.474,-1.0,3.952,8.5,4901
2016-03-31 11:25:00,112.8,115.1,113.7,1113482.0,62.9,59.9,60.0,92.3,43242.0,540.0,96888.0,1070217.0,90.6,0.997,7.518,90.9,0.0,274.5,274.0,275.8,0.772,272.0,0.531,271.6,0.842,273.0,0.003,13.62,2.0,3.0,0.0,23.38,102.3,348.2,347.0,0.0,3.052,3.807,3.552,390.8,391.2,0.2389999999999999,0.0,33.09,26.23,26.43,28.32,28.48,27.08,28.52,-62.56,27.67,28.2,397.9,31.93,44.41,44.25,44.52,38.01,38.13,31.16,12080.0,16767.0,16668.0,17001.0,14377.0,14403.0,11669.0,11.03,15.35,15.3,15.39,13.14,13.18,10.77,0.0,345.8,0.0,60.14,0.0,293.9,0.0,5.0,16.0,0.0,0.0,109.9,115.3,109.6,20.4,19.62,0.0,24.69,192.7,19.16,2.0,3.474,-1.0,5.158,8.599999999999998,4901
2016-03-31 11:26:00,147.1,149.5,147.8,1113484.0,62.9,59.9,60.0,121.0,43242.0,540.0,96888.0,1070219.0,118.2,0.995,12.41,118.9,0.0,274.7,274.2,276.0,0.772,272.0,0.531,271.0,0.842,273.0,0.003,13.62,2.0,3.0,0.0,23.41,131.6,338.0,337.7,0.0,4.0680000000000005,5.042,4.744,524.9,529.1,0.2419999999999999,0.0,33.09,26.44,26.59,28.48,28.57,27.15,28.67,-59.91,27.68,28.38,520.7,46.78,62.85,59.63,60.23,49.61,50.21,39.83,12080.0,16767.0,16668.0,17001.0,14377.0,14403.0,11669.0,15.71,21.11,20.03,20.22,16.65,16.86,13.37,0.0,336.1,0.0,60.14,0.0,389.8,0.0,5.0,16.0,0.0,0.0,144.0,150.1,143.8,20.45,19.65,0.0,24.93,208.8,21.19,2.0,3.474,-1.0,3.925,7.1,4901
2016-03-31 11:27:00,123.6,125.8,124.4,1113485.0,62.9,59.9,60.0,101.3,43242.0,540.0,96888.0,1070221.0,99.9,0.996,9.13,100.3,0.0,274.2,274.1,275.9,0.772,272.0,0.531,271.2,0.842,273.0,-0.0279999999999999,13.28,2.0,1.0,0.0,23.41,111.6,344.2,343.1,0.0,3.486,4.329,4.09,438.7,445.0,0.241,0.001,33.09,26.75,26.91,28.83,28.88,27.31,29.05,-87.4,28.07,28.76,429.8,35.96,49.63,48.11,49.38,41.82,41.48,33.89,12080.0,16767.0,16668.0,17001.0,14377.0,14403.0,11670.0,12.28,16.95,16.44,16.87,14.29,14.17,11.58,0.0,342.1,0.0,60.14,0.0,324.6,0.0,5.0,16.0,0.0,0.0,121.4,126.9,121.1,20.4,19.66,0.0,24.96,193.2,18.64,2.0,3.474,-1.0,5.312,8.3,4901
2016-03-31 11:28:00,119.7,121.8,120.5,1113487.0,62.9,59.9,60.0,98.0,43242.0,540.0,96888.0,1070222.0,96.0,0.996,8.48,96.4,0.0,274.2,274.2,275.9,0.772,272.0,0.531,271.6,0.842,273.0,0.0289999999999999,13.25,2.0,1.0,0.0,23.43,108.6,351.5,350.0,0.0,3.221,3.979,3.756,412.1,417.5,0.241,0.002,33.09,26.11,26.28,28.43,28.49,27.05,28.55,-92.1,27.56,28.55,431.6,33.13,46.1,46.85,47.36,40.5,40.66,33.01,12081.0,16767.0,16669.0,17001.0,14378.0,14403.0,11670.0,11.57,16.09,16.35,16.53,14.13,14.19,11.52,0.0,349.5,0.0,60.13,0.0,309.2,0.0,5.0,16.0,0.0,0.0,116.7,122.1,116.4,20.41,19.52,0.0,24.49,177.9,13.93,2.0,3.475,-1.0,6.0520000000000005,8.8,4901
2016-03-31 11:29:00,110.4,112.7,111.3,1113488.0,62.9,59.9,60.0,90.3,43242.0,540.0,96888.0,1070224.0,89.0,0.997,7.235,89.29999999999998,0.0,274.7,273.9,275.6,0.772,272.0,0.531,271.9,0.842,273.0,0.006,13.62,2.0,3.0,0.0,23.45,100.9,352.6,351.9,0.0,3.019,3.767,3.53,382.2,384.1,0.2399999999999999,0.001,33.09,26.24,26.37,28.55,28.53,27.2,28.53,-65.67,27.53,28.46,386.4,30.27,42.37,42.17,42.75,36.82,36.75,30.46,12081.0,16768.0,16669.0,17002.0,14378.0,14404.0,11670.0,10.61,14.85,14.77,14.98,12.9,12.87,10.67,0.0,350.8,0.0,60.14,0.0,286.3,0.0,5.0,16.0,0.0,0.0,108.0,113.2,107.7,20.49,19.64,0.0,24.77,211.9,43.13,2.0,,-1.0,3.705,21.5,4901
2016-03-31 11:30:00,107.0,109.4,108.0,1113490.0,62.9,59.9,60.0,87.5,43242.0,540.0,96888.0,1070225.0,85.79999999999998,0.997,6.671,86.09999999999998,0.0,274.4,273.9,275.7,0.772,272.0,0.531,271.8,0.842,273.0,0.004,13.62,2.0,3.0,0.0,23.47,97.8,349.8,348.5,0.0,2.889,3.602,3.359,370.3,370.2,0.238,0.0,33.17,26.3,26.35,28.35,28.36,26.95,28.35,-92.0,27.42,28.23,381.9,29.86,41.8,41.92,42.16,36.06,36.21,29.47,12081.0,16768.0,16669.0,17002.0,14378.0,14404.0,11670.0,10.36,14.5,14.54,14.63,12.51,12.56,10.22,0.0,347.4,0.0,60.16,0.0,280.1,0.0,5.0,16.0,0.0,0.0,104.0,109.2,103.8,20.37,19.66,0.0,24.68,200.3,19.28,2.0,3.475,-1.0,5.347,9.6,4901
2016-03-31 11:31:00,127.0,129.3,127.8,1113492.0,62.9,59.9,60.0,104.1,43242.0,540.0,96888.0,1070227.0,102.1,0.996,9.5,102.5,0.0,274.5,274.0,275.7,0.772,272.0,0.531,271.2,0.842,273.0,0.003,13.62,2.0,3.0,0.0,23.47,114.5,343.6,342.1,0.0,3.482,4.336,4.066,447.3,449.4,0.2399999999999999,0.0,33.18,26.07,26.07,28.16,28.1,26.77,28.24,-44.42,27.4,27.96,450.8,36.89,51.24,50.39,51.29,43.34,43.1,34.76,12081.0,16768.0,16669.0,17002.0,14378.0,14404.0,11670.0,12.57,17.46,17.17,17.48,14.77,14.69,11.84,0.0,341.0,0.0,60.16,0.0,333.3,0.0,5.0,16.0,0.0,0.0,124.1,129.8,123.9,20.14,19.62,0.0,24.66,215.3,39.22,2.0,3.475,-1.0,2.863,7.2,4901
2016-03-31 11:32:00,142.5,144.5,143.0,1113493.0,62.9,59.9,60.0,117.0,43242.0,540.0,96889.0,1070229.0,114.5,0.995,11.75,115.1,0.0,274.6,274.2,275.9,0.772,272.0,0.531,271.3,0.842,273.0,0.003,13.62,2.0,3.0,0.0,23.49,128.2,345.4,344.2,0.0,3.771,4.681,4.391,486.6,488.8,0.2399999999999999,0.0,33.18,26.86,26.73,28.68,28.68,27.38,28.86,8.01,28.14,28.32,517.3,41.33,56.92,57.0,56.46,48.9,49.65,40.79,12081.0,16768.0,16670.0,17002.0,14379.0,14404.0,11671.0,14.14,19.48,19.51,19.33,16.74,17.0,13.95,0.0,343.0,0.0,60.14,0.0,372.1,0.0,5.0,16.0,0.0,0.0,139.6,145.0,139.2,20.29,19.88,0.0,25.5,222.0,30.61,2.0,3.475,-1.0,1.655,3.4,4901
2016-03-31 11:33:00,160.9,163.2,161.4,1113496.0,62.9,59.9,60.0,132.5,43242.0,540.0,96889.0,1070231.0,130.3,0.994,14.59,131.2,0.0,274.8,274.2,276.0,0.772,272.0,0.531,271.0,0.842,273.0,0.004,13.62,2.0,3.0,0.0,23.5,144.5,341.8,341.0,0.0,4.507,5.605,5.294,573.5,580.0,0.246,0.0,33.18,27.78,27.68,29.72,29.75,28.42,29.94,-28.42,28.99,29.38,572.7,48.77,65.54,63.74,65.15,55.04,54.49,44.62,12082.0,16769.0,16670.0,17003.0,14379.0,14405.0,11671.0,16.54,22.23,21.62,22.09,18.66,18.48,15.13,0.0,339.6,0.0,60.14,0.0,423.3,0.0,5.0,16.0,0.0,0.0,159.2,165.0,158.9,20.53,19.88,0.0,26.05,211.0,34.39,2.0,3.473,-1.0,3.477,9.4,4901
2016-03-31 11:34:00,131.2,133.5,132.1,1113497.0,62.9,59.9,60.0,107.6,43242.0,540.0,96889.0,1070233.0,105.7,0.996,10.15,106.2,0.0,274.3,274.0,275.8,0.772,272.0,0.531,271.1,0.842,273.0,0.0,13.28,2.0,1.0,0.0,23.52,118.1,345.8,345.8,0.0,3.614,4.475,4.226,459.0,465.0,0.2419999999999999,0.001,33.18,28.12,28.09,30.17,30.28,28.76,30.46,-39.53,29.47,29.89,472.7,37.32,51.75,51.55,52.37,44.51,44.63,36.21,12082.0,16769.0,16670.0,17003.0,14379.0,14405.0,11671.0,12.83,17.79,17.73,18.01,15.31,15.35,12.46,0.0,344.3,0.0,60.15,0.0,341.9,0.0,5.0,16.0,0.0,0.0,128.6,134.3,128.4,20.54,19.95,0.0,26.46,220.1,21.03,2.0,3.474,-1.0,2.272,4.0,4901
2016-03-31 11:35:00,99.7,101.9,100.8,1113499.0,62.9,59.9,60.0,81.2,43242.0,540.0,96889.0,1070234.0,80.09999999999998,0.997,5.692,80.29999999999998,0.0,274.1,273.5,275.2,0.772,272.0,0.531,271.0,0.842,273.0,0.004,13.62,2.0,3.0,0.0,23.55,92.7,359.0,356.4,0.0,2.7430000000000003,3.398,3.212,347.0,351.8,0.238,0.0,33.22,28.12,28.02,30.21,30.29,28.75,30.45,-33.79,29.58,29.98,357.5,27.29,37.67,37.55,38.17,32.59,32.83,26.75,12082.0,16769.0,16671.0,17003.0,14379.0,14405.0,11671.0,9.71,13.4,13.36,13.58,11.6,11.69,9.52,0.0,356.0,0.0,60.17,0.0,258.4,0.0,5.0,16.0,0.0,0.0,97.1,102.0,96.9,20.65,19.97,0.0,26.4,195.0,22.29,2.0,3.474,-1.0,3.138,6.8,4901
2016-03-31 11:36:00,107.0,109.3,108.0,1113500.0,62.9,59.9,60.0,87.5,43242.0,540.0,96889.0,1070236.0,85.59999999999998,0.997,6.615,85.9,0.0,274.5,274.2,275.9,0.772,272.0,0.531,271.8,0.842,273.5,0.004,13.62,2.0,3.0,0.0,23.58,97.6,342.7,341.9,0.0,2.8680000000000003,3.5580000000000003,3.34,369.8,371.8,0.238,0.0,33.28,27.58,27.49,29.94,29.95,28.4,30.05,-43.48,29.36,29.81,389.4,30.97,42.72,43.1,42.95,36.73,37.24,30.25,12082.0,16770.0,16671.0,17004.0,14380.0,14405.0,11671.0,10.53,14.52,14.65,14.6,12.48,12.66,10.28,0.0,340.7,0.0,60.22,0.0,285.4,0.0,5.0,16.0,0.0,0.0,103.7,108.9,103.6,20.76,19.87,0.0,25.91,212.1,27.39,2.0,3.474,-1.0,3.375,6.2,4901
2016-03-31 11:37:00,163.2,165.3,163.5,1113502.0,62.9,59.9,60.0,134.5,43242.0,540.0,96890.0,1070238.0,132.0,0.994,14.88,132.9,0.0,275.2,274.7,276.4,0.772,272.0,0.531,272.0,0.842,273.1,0.003,13.62,2.0,3.0,0.0,23.61,145.9,335.1,336.2,0.0,4.574,5.681,5.349,587.1,591.3,0.2429999999999999,0.0,33.28,27.56,27.62,30.05,30.0,28.47,30.18,-60.21,29.21,29.94,588.3,49.77,68.3,66.45,67.46,56.92,56.75,45.95,12082.0,16770.0,16671.0,17004.0,14380.0,14406.0,11672.0,16.62,22.8,22.18,22.51,18.99,18.94,15.32,0.0,333.9,0.0,60.16,0.0,435.7,0.0,5.0,16.0,0.0,0.0,161.0,166.9,160.6,20.72,19.83,0.0,25.72,181.7,14.89,2.0,3.474,-1.0,7.495,11.2,4901
2016-03-31 11:38:00,125.7,128.0,126.7,1113504.0,62.9,59.9,60.0,103.2,43242.0,540.0,96890.0,1070240.0,101.5,0.996,9.38,101.9,0.0,274.9,274.2,275.9,0.772,272.0,0.531,272.0,0.842,273.0,0.003,13.62,2.0,3.0,0.0,23.64,112.6,338.1,339.9,0.0,3.477,4.33,4.061,439.1,441.5,0.2419999999999999,0.0,33.28,27.62,27.65,30.25,30.1,28.62,30.32,-33.39,29.18,29.93,450.8,35.33,49.59,50.43,50.62,43.7,43.7,36.47,12083.0,16770.0,16672.0,17004.0,14380.0,14406.0,11672.0,11.97,16.8,17.08,17.14,14.8,14.8,12.35,0.0,338.9,0.0,60.13,0.0,333.4,0.0,5.0,16.0,0.0,0.0,123.2,128.8,123.0,20.8,19.93,0.0,26.0,191.5,20.65,2.0,3.474,-1.0,3.333,6.7,4901
2016-03-31 11:39:00,128.5,130.5,129.1,1113506.0,62.9,59.9,60.0,105.3,43242.0,540.0,96890.0,1070241.0,103.4,0.996,9.74,103.8,0.0,274.5,274.2,276.0,0.772,272.0,0.531,271.9,0.842,273.0,0.002,13.41,2.0,3.0,0.0,23.67,115.7,347.3,348.4,0.0,3.491,4.32,4.087,444.5,450.8,0.2399999999999999,0.0,33.35,27.93,27.89,30.36,30.31,28.82,30.54,4.192,29.59,29.93,459.3,35.74,49.97,50.45,50.52,43.31,43.76,36.15,12083.0,16771.0,16672.0,17005.0,14380.0,14406.0,11672.0,12.4,17.34,17.51,17.53,15.02,15.19,12.54,0.0,347.2,0.0,60.13,0.0,333.2,0.0,5.0,16.0,0.0,0.0,125.7,131.2,125.4,20.83,20.22,0.0,26.5,237.6,33.47,2.0,3.475,-1.0,3.488,7.599999999999999,4901
2016-03-31 11:40:00,121.4,123.5,122.2,1113508.0,62.9,59.9,60.0,99.5,43242.0,540.0,96890.0,1070243.0,97.9,0.996,8.76,98.3,0.0,274.6,274.3,276.0,0.772,272.0,0.531,272.0,0.842,273.1,0.004,13.41,2.0,3.0,0.0,23.7,110.6,352.6,352.2,0.0,3.314,4.085,3.885,421.5,430.3,0.241,0.001,33.36,28.68,28.63,30.58,30.52,29.06,30.88,16.28,30.11,29.7,436.3,33.55,46.69,46.92,47.5,40.68,40.7,33.0,12083.0,16771.0,16672.0,17005.0,14381.0,14406.0,11672.0,11.78,16.38,16.46,16.66,14.27,14.28,11.58,0.0,351.3,0.0,60.15,0.0,314.1,0.0,5.0,16.0,0.0,0.0,118.9,124.2,118.6,20.68,20.46,0.0,27.09,221.1,36.32,2.0,3.475,-1.0,3.342,7.8,4901
2016-03-31 11:41:00,99.0,101.2,100.0,1113509.0,62.9,59.9,60.0,80.7,43242.0,540.0,96890.0,1070244.0,79.47,0.998,5.573,79.65999999999998,0.0,274.1,274.0,275.6,0.772,272.0,0.531,272.0,0.842,273.0,0.003,13.62,2.0,3.0,0.0,23.74,92.0,357.8,357.0,0.0,2.694,3.327,3.144,344.3,349.1,0.238,0.0,33.36,28.3,28.32,30.24,30.32,28.68,30.51,22.95,29.73,29.62,353.9,27.36,37.68,37.48,37.94,32.28,32.52,26.44,12083.0,16771.0,16672.0,17005.0,14381.0,14406.0,11672.0,9.73,13.4,13.33,13.5,11.48,11.57,9.41,0.0,355.8,0.0,60.15,0.0,257.3,0.0,5.0,16.0,0.0,0.0,96.3,101.1,96.0,20.59,20.21,0.0,26.54,240.1,35.21,2.0,3.475,-1.0,4.48,9.4,4901
2016-03-31 11:42:00,97.3,99.7,98.4,1113510.0,62.9,59.9,60.0,79.40999999999998,43242.0,540.0,96890.0,1070246.0,78.08,0.998,5.339,78.26,0.0,274.5,273.8,275.6,0.772,272.0,0.531,271.8,0.842,273.0,0.003,13.62,2.0,3.0,0.0,23.77,89.7,350.3,350.4,0.0,2.616,3.242,3.044,336.7,339.2,0.2369999999999999,0.0,33.34,28.12,28.28,29.49,29.52,27.87,29.77,-11.48,29.17,28.55,344.0,27.38,37.8,37.72,38.09,32.32,32.38,26.53,12083.0,16771.0,16673.0,17005.0,14381.0,14407.0,11673.0,9.55,13.19,13.16,13.29,11.28,11.3,9.26,0.0,349.0,0.0,60.14,0.0,256.2,0.0,5.0,16.0,0.0,0.0,94.6,99.4,94.3,20.28,20.25,0.0,26.45,232.4,33.46,2.0,3.474,-1.0,3.495,9.2,4901
2016-03-31 11:43:00,102.8,105.1,103.8,1113512.0,62.9,59.9,60.0,84.0,43242.0,540.0,96890.0,1070247.0,82.4,0.997,6.074,82.7,0.0,274.5,273.9,275.7,0.772,272.0,0.531,271.9,0.842,273.0,0.003,13.62,2.0,3.0,0.0,23.8,94.1,345.1,344.8,0.0,2.74,3.4,3.1910000000000003,354.0,356.0,0.238,0.0,33.4,27.89,27.99,29.3,29.23,27.59,29.54,-12.93,29.04,28.28,366.1,29.32,40.51,40.67,40.77,34.76,35.09,28.86,12084.0,16771.0,16673.0,17005.0,14381.0,14407.0,11673.0,10.07,13.92,13.97,14.01,11.94,12.06,9.920000000000002,0.0,343.7,0.0,60.17,0.0,272.8,0.0,5.0,16.0,0.0,0.0,99.8,104.9,99.6,20.28,20.17,0.0,26.38,240.0,23.73,2.0,3.475,-1.0,2.977,6.3,4901
2016-03-31 11:44:00,107.7,110.1,108.8,1113513.0,62.9,59.9,60.0,88.09999999999998,43242.0,540.0,96890.0,1070248.0,86.7,0.997,6.797000000000001,87.0,0.0,274.4,274.0,275.8,0.772,272.0,0.531,272.0,0.842,273.0,0.003,13.62,2.0,3.0,0.0,23.83,98.4,342.4,341.6,0.0,2.926,3.624,3.425,375.1,379.9,0.2389999999999999,0.0,33.36,28.25,28.35,29.27,29.12,27.63,29.51,-43.67,29.07,28.14,380.9,30.92,42.92,42.47,43.07,36.85,36.79,30.33,12084.0,16772.0,16673.0,17006.0,14381.0,14407.0,11673.0,10.51,14.59,14.44,14.64,12.53,12.51,10.31,0.0,340.4,0.0,60.22,0.0,287.8,0.0,5.0,16.0,0.0,0.0,105.1,110.4,105.0,20.27,20.26,0.0,26.66,230.7,38.84,2.0,3.474,-1.0,2.362,5.2,4901
2016-03-31 11:45:00,93.2,95.5,94.3,1113514.0,62.9,59.9,60.0,75.97,43242.0,540.0,96890.0,1070250.0,74.83,0.998,4.753,74.98,0.0,274.6,273.9,275.6,0.772,272.0,0.531,272.0,0.842,273.2,0.002,13.4,2.0,3.0,0.0,23.86,86.5,351.9,351.3,0.0,2.514,3.116,2.928,322.5,325.0,0.2369999999999999,0.001,33.36,28.33,28.3,29.2,29.07,27.5,29.38,8.37,29.06,28.02,328.2,26.29,36.29,35.85,36.25,30.88,30.95,25.26,12084.0,16772.0,16673.0,17006.0,14382.0,14407.0,11673.0,9.2,12.69,12.54,12.68,10.8,10.83,8.83,0.0,349.8,0.0,60.24,0.0,245.9,0.0,5.0,16.0,0.0,0.0,90.5,95.3,90.3,20.32,20.44,0.0,26.84,247.7,33.29,2.0,3.475,-1.0,2.932,5.3,4901
2016-03-31 11:46:00,85.79999999999998,88.09999999999998,86.9,1113516.0,62.9,59.9,60.0,69.75,43242.0,540.0,96891.0,1070251.0,68.81,0.998,3.786,68.91,0.0,274.3,273.8,275.6,0.772,272.0,0.531,272.0,0.842,273.0,0.004,13.62,2.0,3.0,0.0,23.89,80.59999999999998,358.3,357.6,0.0,2.327,2.892,2.712,297.9,299.6,0.236,0.0,33.4,28.24,28.39,28.8,28.67,27.06,28.97,-9.51,28.81,27.42,302.0,23.76,32.86,32.47,32.87,27.78,27.9,22.88,12084.0,16772.0,16674.0,17006.0,14382.0,14407.0,11673.0,8.449999999999998,11.69,11.55,11.69,9.88,9.920000000000002,8.14,0.0,355.7,0.0,60.14,0.0,225.0,0.0,5.0,16.0,0.0,0.0,83.2,87.79999999999998,83.0,20.11,20.49,0.0,26.75,241.3,19.32,2.0,3.474,-1.0,4.125,6.7,4901
2016-03-31 11:47:00,77.19,79.51999999999998,78.43,1113517.0,62.9,59.9,60.0,62.61,43242.0,540.0,96891.0,1070252.0,61.91,0.999,2.642,61.97,0.0,274.4,273.6,275.4,0.772,272.0,0.531,272.0,0.842,273.0,0.003,13.62,2.0,3.0,0.0,23.92,73.43,361.8,360.1,0.0,2.113,2.63,2.463,270.1,271.1,0.236,0.0,33.45,28.05,28.32,28.41,28.25,26.7,28.51,-7.672999999999998,28.52,26.97,273.5,21.31,29.24,28.87,29.47,24.9,24.72,20.34,12084.0,16772.0,16674.0,17006.0,14382.0,14408.0,11673.0,7.647,10.49,10.36,10.57,8.929999999999998,8.87,7.295,0.0,358.9,0.0,60.13,0.0,203.1,0.0,5.0,16.0,0.0,0.0,74.73,79.14,74.56999999999998,20.14,20.25,0.0,26.46,218.5,37.45,2.0,3.474,-1.0,3.658,7.1,4901
2016-03-31 11:48:00,71.68,74.08,73.0,1113518.0,62.9,59.9,60.0,58.03,43242.0,540.0,96891.0,1070253.0,57.34,0.999,1.899,57.38,0.0,274.3,273.5,275.2,0.772,272.0,0.531,272.0,0.842,273.0,0.003,13.62,2.0,3.0,0.0,23.94,68.18,353.7,352.8,0.0,1.938,2.417,2.258,248.7,249.1,0.2349999999999999,0.0,33.46,27.07,27.23,27.93,27.87,26.31,28.07,2.521,28.01,26.55,253.0,20.1,27.77,27.4,27.78,23.54,23.56,19.24,12084.0,16772.0,16674.0,17006.0,14382.0,14408.0,11673.0,7.07,9.77,9.64,9.77,8.279999999999998,8.29,6.767,0.0,351.8,0.0,60.15,0.0,192.8,0.0,5.0,16.0,0.0,0.0,69.13,73.48,69.07,20.19,19.81,0.0,25.54,240.9,28.16,2.0,3.474,-1.0,2.957,6.8,4901
2016-03-31 11:49:00,70.52,72.87,71.78,1113519.0,62.9,59.9,60.0,57.02,43242.0,540.0,96891.0,1070254.0,56.37,1.0,1.735,56.4,0.0,274.1,273.5,275.3,0.772,272.0,0.531,271.9,0.842,273.0,0.003,13.62,2.0,3.0,0.0,23.96,67.09,353.4,352.9,0.0,1.891,2.359,2.202,243.7,243.5,0.2349999999999999,0.0,33.48,26.33,26.38,27.35,27.26,25.78,27.46,-1.86,27.42,26.12,247.8,19.68,27.28,26.99,27.32,23.19,23.21,19.03,12084.0,16773.0,16674.0,17007.0,14382.0,14408.0,11674.0,6.919,9.590000000000002,9.49,9.6,8.15,8.16,6.691,0.0,351.6,0.0,60.14,0.0,189.8,0.0,5.0,16.0,0.0,0.0,67.94,72.28,67.9,20.1,19.76,0.0,24.98,251.1,29.3,2.0,3.474,-1.0,3.415,7.4,4901
2016-03-31 11:50:00,71.04,73.51999999999998,72.36,1113519.0,62.9,59.9,60.0,57.5,43242.0,540.0,96891.0,1070255.0,56.78,1.0,1.798,56.81,0.0,274.0,273.5,275.2,0.772,272.0,0.531,271.9,0.842,273.0,0.013,13.47,2.0,1.0,0.0,23.96,67.41,348.2,347.4,0.0,1.889,2.361,2.196,245.7,244.5,0.2339999999999999,0.0,33.48,25.65,25.8,26.84,26.7,25.29,26.95,27.21,26.86,25.7,249.4,20.09,27.94,27.72,27.97,23.79,23.8,19.54,12084.0,16773.0,16674.0,17007.0,14382.0,14408.0,11674.0,6.949,9.66,9.58,9.670000000000002,8.23,8.23,6.756,0.0,346.0,0.0,60.15,0.0,193.7,0.0,5.0,16.0,0.0,0.0,68.41,72.83,68.4,19.99,19.68,0.0,24.36,209.1,36.55,2.0,3.474,-1.0,3.102,6.3,4901
2016-03-31 11:51:00,77.79999999999998,80.29999999999998,79.11,1113521.0,62.9,59.9,60.0,63.15,43242.0,540.0,96891.0,1070256.0,62.28,0.999,2.712,62.34,0.0,273.8,273.6,275.3,0.772,272.0,0.531,271.4,0.842,273.0,-0.0069999999999999,13.47,2.0,1.0,0.0,23.96,73.04,338.8,337.9,0.0,2.072,2.5810000000000004,2.407,270.6,270.1,0.236,0.001,33.41,25.48,25.67,26.6,26.52,25.16,26.75,5.143,26.67,25.61,275.5,22.53,31.41,31.23,31.41,26.82,26.86,22.04,12085.0,16773.0,16674.0,17007.0,14382.0,14408.0,11674.0,7.586,10.57,10.51,10.58,9.03,9.04,7.422,0.0,336.7,0.0,60.13,0.0,215.6,0.0,5.0,16.0,0.0,0.0,75.09,79.78,75.12,20.05,19.74,0.0,24.37,234.1,35.59,2.0,3.474,-1.0,2.862,5.2,4901
2016-03-31 11:52:00,82.9,85.2,84.0,1113522.0,62.9,59.9,60.0,67.31,43242.0,540.0,96891.0,1070257.0,66.4,0.999,3.392,66.49,0.0,274.2,273.6,275.3,0.772,272.0,0.531,271.7,0.842,273.0,0.003,13.62,2.0,3.0,0.0,23.96,77.5,345.3,344.5,0.0,2.185,2.7230000000000003,2.536,286.2,285.6,0.236,0.0,33.39,25.5,25.7,26.44,26.39,25.07,26.57,-20.54,26.46,25.5,289.4,23.56,32.85,32.65,32.86,28.0,28.03,22.98,12085.0,16773.0,16674.0,17007.0,14383.0,14408.0,11674.0,8.08,11.27,11.2,11.28,9.61,9.62,7.885,0.0,343.2,0.0,60.14,0.0,224.4,0.0,5.0,16.0,0.0,0.0,80.2,84.9,80.09999999999998,20.0,19.79,0.0,24.33,247.4,31.27,2.0,3.474,-1.0,4.563,7.2,4901
2016-03-31 11:53:00,81.7,84.0,82.9,1113523.0,62.9,59.9,60.0,66.3,43242.0,540.0,96891.0,1070258.0,65.45,0.999,3.241,65.53,0.0,273.9,273.7,275.4,0.772,272.0,0.531,271.7,0.842,273.0,0.003,13.62,2.0,3.0,0.0,23.95,76.70999999999998,357.4,356.7,0.0,2.149,2.68,2.4930000000000003,281.6,280.5,0.236,0.0,33.38,25.56,25.81,26.28,26.17,24.86,26.35,0.4859999999999999,26.28,25.21,283.3,22.48,31.32,30.94,31.3,26.62,26.61,21.87,12085.0,16773.0,16675.0,17007.0,14383.0,14408.0,11674.0,7.987999999999999,11.13,10.99,11.12,9.46,9.45,7.769999999999999,0.0,355.4,0.0,60.14,0.0,214.7,0.0,5.0,16.0,0.0,0.0,79.09999999999998,83.59999999999998,78.94,19.85,19.84,0.0,24.42,246.1,21.68,2.0,3.474,-1.0,3.52,7.0,4901
2016-03-31 11:54:00,82.5,84.9,83.7,1113524.0,62.9,59.9,60.0,67.09,43242.0,540.0,96891.0,1070259.0,66.14,0.999,3.341,66.22,0.0,274.4,273.9,275.6,0.772,272.0,0.531,272.0,0.842,273.0,0.003,13.62,2.0,3.0,0.0,23.93,77.29,347.6,346.8,0.0,2.167,2.715,2.506,286.4,283.0,0.236,0.0,33.42,25.53,25.6,26.4,26.3,25.1,26.49,-20.71,26.45,25.34,287.2,23.33,32.66,32.44,32.57,27.74,27.69,22.88,12085.0,16774.0,16675.0,17008.0,14383.0,14409.0,11674.0,8.05,11.27,11.19,11.24,9.57,9.55,7.894,0.0,345.4,0.0,60.14,0.0,222.4,0.0,5.0,16.0,0.0,0.0,79.76,84.5,79.7,20.03,19.8,0.0,24.34,216.8,48.55,2.0,3.474,-1.0,1.695,4.2,4901
2016-03-31 11:55:00,97.9,100.5,99.1,1113525.0,62.9,59.9,60.0,80.0,43242.0,540.0,96891.0,1070260.0,78.67,0.998,5.444,78.86,0.0,274.6,273.9,275.6,0.772,272.0,0.531,272.0,0.842,273.0,0.003,13.62,2.0,3.0,0.0,23.93,89.79999999999998,330.4,329.5,0.0,2.622,3.272,3.033,345.5,343.3,0.2369999999999999,0.0,33.44,25.72,25.78,26.7,26.56,25.32,26.74,0.839,26.62,25.71,355.4,28.65,40.23,40.53,40.6,35.17,34.93,28.95,12085.0,16774.0,16675.0,17008.0,14383.0,14409.0,11674.0,9.4,13.2,13.3,13.32,11.54,11.46,9.5,0.0,328.3,0.0,60.14,0.0,272.1,0.0,5.0,16.0,0.0,0.0,95.1,100.3,95.0,20.11,19.83,0.0,24.54,205.6,42.3,2.0,3.474,-1.0,1.083,2.5,4901
2016-03-31 11:56:00,99.3,101.8,100.4,1113527.0,62.9,59.9,60.0,81.09999999999998,43242.0,540.0,96891.0,1070262.0,79.84999999999998,0.998,5.632999999999999,80.09999999999998,0.0,274.6,274.1,275.8,0.772,272.0,0.531,272.0,0.842,273.2,-0.0069999999999999,13.28,2.0,1.0,0.0,23.93,91.4,342.9,342.2,0.0,2.649,3.29,3.068,345.4,345.5,0.238,0.002,33.38,26.05,26.05,27.2,27.06,25.87,27.23,-19.64,26.91,26.45,346.4,28.51,39.68,39.36,39.72,33.92,33.84,27.82,12085.0,16774.0,16675.0,17008.0,14383.0,14409.0,11674.0,9.71,13.52,13.41,13.53,11.55,11.53,9.48,0.0,340.8,0.0,60.15,0.0,266.8,0.0,5.0,16.0,0.0,0.0,96.6,101.7,96.4,20.39,19.96,0.0,24.65,188.1,27.16,2.0,3.475,-1.0,2.357,4.7,4901
2016-03-31 11:57:00,91.0,93.2,92.0,1113528.0,62.9,59.9,60.0,74.04,43242.0,540.0,96891.0,1070263.0,72.97,0.998,4.49,73.11,0.0,274.2,273.8,275.5,0.772,272.0,0.531,271.9,0.842,273.0,0.012,13.62,2.0,3.0,0.0,23.9,84.9,359.4,358.7,0.0,2.412,2.992,2.8,313.8,315.6,0.2369999999999999,0.001,33.33,25.8,25.95,27.24,27.21,25.94,27.25,27.58,26.87,26.79,317.2,24.97,34.48,34.2,34.65,29.52,29.54,24.19,12085.0,16774.0,16676.0,17008.0,14383.0,14409.0,11675.0,8.92,12.32,12.22,12.38,10.55,10.56,8.64,0.0,357.5,0.0,60.15,0.0,236.3,0.0,5.0,16.0,0.0,0.0,88.29999999999998,93.0,88.09999999999998,20.55,19.88,0.0,24.48,234.8,41.07,2.0,3.475,-1.0,1.725,4.2,4901
2016-03-31 11:58:00,82.5,84.79999999999998,83.7,1113529.0,62.9,59.9,60.0,67.04,43242.0,540.0,96891.0,1070264.0,66.16,0.999,3.35,66.24,0.0,274.1,273.9,275.6,0.772,272.0,0.531,272.0,0.842,273.0,0.004,13.62,2.0,3.0,0.0,23.9,77.64,360.5,359.8,0.0,2.174,2.685,2.5380000000000003,282.9,287.1,0.236,0.0,33.3,25.65,25.76,27.16,27.08,25.86,27.11,27.42,26.79,26.56,291.3,22.66,31.12,30.96,31.39,26.7,26.85,21.85,12086.0,16775.0,16676.0,17009.0,14384.0,14409.0,11675.0,8.12,11.15,11.09,11.25,9.57,9.63,7.831,0.0,358.4,0.0,60.14,0.0,215.4,0.0,5.0,16.0,0.0,0.0,79.93,84.4,79.73999999999998,20.28,19.91,0.0,24.36,251.0,21.81,2.0,3.474,-1.0,6.3420000000000005,12.3,4901
2016-03-31 11:59:00,72.94,75.22,74.14,1113530.0,62.9,59.9,60.0,59.02,43242.0,540.0,96891.0,1070265.0,58.34,0.999,2.073,58.37,0.0,274.3,273.5,275.3,0.772,272.0,0.531,272.0,0.842,273.0,0.003,13.62,2.0,3.0,0.0,23.9,69.47,363.8,363.1,0.0,1.936,2.39,2.263,251.4,255.2,0.2349999999999999,0.0,33.32,25.6,25.76,26.52,26.33,25.06,26.53,-47.11,26.34,25.63,259.1,19.81,27.24,26.98,27.4,23.3,23.44,19.07,12086.0,16775.0,16676.0,17009.0,14384.0,14409.0,11675.0,7.166,9.86,9.76,9.91,8.429999999999998,8.48,6.898,0.0,361.8,0.0,60.15,0.0,191.0,0.0,5.0,16.0,0.0,0.0,70.41,74.68,70.23,20.01,20.01,0.0,24.43,257.1,10.03,2.0,3.474,-1.0,5.877999999999999,10.0,4901
2016-03-31 12:00:00,72.04,74.37999999999998,73.26,1113531.0,62.9,59.9,60.0,58.3,43242.0,540.0,96891.0,1070266.0,57.63,0.999,1.952,57.66,0.0,273.7,273.8,275.5,0.772,272.0,0.531,272.0,0.842,273.0,0.003,13.62,2.0,3.0,0.0,23.89,68.18,347.8,347.0,0.0,1.887,2.339,2.187,248.0,248.5,0.2349999999999999,0.0,33.31,25.42,25.6,26.2,25.98,24.73,26.19,0.376,26.12,25.34,253.4,20.45,28.33,28.15,28.42,24.19,24.19,19.79,12086.0,16775.0,16676.0,17009.0,14384.0,14410.0,11675.0,7.065,9.79,9.72,9.82,8.359999999999998,8.359999999999998,6.837000000000001,0.0,345.7,0.0,60.15,0.0,196.2,0.0,5.0,16.0,0.0,0.0,69.49,73.86,69.38,20.13,19.94,0.0,24.08,223.5,23.07,2.0,3.475,-1.0,4.678,7.5,4901
2016-03-31 12:01:00,77.14,79.59999999999998,78.34,1113532.0,62.9,59.9,60.0,62.58,43242.0,540.0,96891.0,1070267.0,61.76,0.999,2.634,61.81,0.0,274.0,273.7,275.4,0.772,272.0,0.531,271.9,0.842,273.0,0.003,13.62,2.0,3.0,0.0,23.87,72.40999999999998,338.9,337.6,0.0,2.042,2.53,2.36,268.1,268.4,0.2349999999999999,0.0,33.26,25.14,25.34,26.14,25.94,24.68,26.14,26.31,26.03,25.26,271.8,22.39,31.13,30.88,31.11,26.54,26.54,21.76,12086.0,16775.0,16676.0,17009.0,14384.0,14410.0,11675.0,7.534,10.48,10.39,10.47,8.929999999999998,8.929999999999998,7.322999999999999,0.0,336.6,0.0,60.15,0.0,213.7,0.0,5.0,16.0,0.0,0.0,74.53,79.11,74.42,20.22,19.89,0.0,23.89,216.9,30.41,2.0,3.473,-1.0,3.788,6.5,4901
2016-03-31 12:02:00,71.86,74.20999999999998,73.04,1113533.0,62.9,59.9,60.0,58.12,43242.0,540.0,96891.0,1070268.0,57.43,0.999,1.927,57.46,0.0,274.1,273.6,275.3,0.772,272.0,0.531,271.7,0.842,273.0,0.004,13.49,2.0,1.0,0.0,23.87,68.22,354.2,352.9,0.0,1.886,2.335,2.185,246.6,247.7,0.2349999999999999,0.001,33.19,24.82,25.06,25.99,25.85,24.62,26.04,-26.07,25.88,25.37,250.0,19.94,27.59,27.38,27.71,23.6,23.66,19.34,12086.0,16775.0,16676.0,17009.0,14384.0,14410.0,11675.0,7.02,9.71,9.64,9.76,8.31,8.33,6.808,0.0,352.3,0.0,60.15,0.0,192.7,0.0,5.0,16.0,0.0,0.0,69.32,73.62,69.15,20.42,19.86,0.0,23.58,197.9,21.13,2.0,3.473,-1.0,5.428,10.7,4901
2016-03-31 12:03:00,62.74,64.83,63.78,1113534.0,62.9,59.9,60.0,50.4,43242.0,540.0,96891.0,1070269.0,49.86,1.0,0.696,49.86,0.0,273.8,273.6,275.3,0.772,272.0,0.531,271.9,0.842,273.0,0.004,13.62,2.0,3.0,0.0,23.87,60.59,362.6,360.9,0.0,1.659,2.052,1.931,215.6,217.8,0.2339999999999999,0.0,33.21,24.4,24.54,25.59,25.48,24.28,25.63,25.89,25.38,24.98,220.6,17.03,23.43,23.22,23.61,20.09,20.19,16.42,12086.0,16775.0,16676.0,17009.0,14384.0,14410.0,11675.0,6.132000000000001,8.439999999999998,8.359999999999998,8.5,7.234,7.272,5.913,0.0,360.1,0.0,60.15,0.0,167.1,0.0,5.0,16.0,0.0,0.0,60.15,64.09,59.9,20.33,19.91,0.0,23.24,200.4,40.33,2.0,3.474,-1.0,4.727,9.8,4901
2016-03-31 12:04:00,61.01,63.14,62.0,1113535.0,62.9,59.9,60.0,48.95,43242.0,540.0,96891.0,1070269.0,48.36,1.0,0.4589999999999999,48.36,0.0,273.9,273.4,275.3,0.772,272.0,0.531,271.5,0.842,273.0,0.003,13.62,2.0,3.0,0.0,23.84,58.75,353.0,351.9,0.0,1.5930000000000002,1.966,1.867,206.0,209.9,0.233,0.0,33.14,24.02,24.17,25.25,25.19,24.04,25.29,25.58,25.11,24.79,214.5,16.86,23.18,23.14,23.45,20.04,20.2,16.4,12086.0,16775.0,16677.0,17009.0,14384.0,14410.0,11675.0,5.922000000000001,8.14,8.13,8.24,7.038,7.0920000000000005,5.757999999999999,0.0,351.2,0.0,60.15,0.0,166.5,0.0,5.0,16.0,0.0,0.0,58.32,62.3,58.08,20.36,19.83,0.0,23.05,233.1,45.58,2.0,3.473,-1.0,3.008,6.6,4901
2016-03-31 12:05:00,59.13,61.29,60.17,1113535.0,62.9,59.9,60.0,47.4,43242.0,540.0,96891.0,1070270.0,46.82,1.0,0.2039999999999999,46.82,0.0,273.9,273.5,275.3,0.772,272.0,0.531,271.8,0.842,273.0,0.003,13.62,2.0,3.0,0.0,23.83,57.2,353.4,352.1,0.0,1.548,1.909,1.821,199.1,203.2,0.233,0.0,33.18,23.97,24.09,25.06,25.03,23.91,25.12,-0.829,24.97,24.58,209.6,16.32,22.39,22.43,22.73,19.43,19.6,15.91,12086.0,16775.0,16677.0,17009.0,14384.0,14410.0,11676.0,5.734,7.866,7.881,7.987999999999999,6.8260000000000005,6.885,5.591,0.0,351.5,0.0,60.14,0.0,161.9,0.0,5.0,16.0,0.0,0.0,56.45,60.36,56.18,20.27,19.86,0.0,23.01,236.7,31.63,2.0,3.473,-1.0,3.632,7.2,4901
2016-03-31 12:06:00,63.25,65.44,64.28,1113536.0,62.9,59.9,60.0,50.88,43242.0,540.0,96891.0,1070271.0,50.28,1.0,0.7559999999999998,50.29,0.0,273.8,273.8,275.6,0.772,272.0,0.531,272.0,0.842,273.2,0.003,13.62,2.0,3.0,0.0,23.81,60.53,342.5,341.2,0.0,1.66,2.053,1.938,214.9,216.6,0.2339999999999999,0.0,33.18,24.06,24.19,24.84,24.84,23.73,24.94,-1.058,24.86,24.2,225.8,17.88,24.83,25.01,25.1,21.58,21.75,17.88,12086.0,16776.0,16677.0,17010.0,14385.0,14410.0,11676.0,6.082000000000001,8.449999999999998,8.51,8.54,7.34,7.396,6.08,0.0,340.4,0.0,60.14,0.0,177.2,0.0,5.0,16.0,0.0,0.0,60.59,64.7,60.38,20.11,20.01,0.0,23.13,255.6,29.4,2.0,3.475,-1.0,4.147,7.2,4901
2016-03-31 12:07:00,71.53,73.97,72.73999999999998,1113537.0,62.9,59.9,60.0,57.91,43242.0,540.0,96891.0,1070272.0,57.18,0.999,1.881,57.22,0.0,274.1,273.8,275.5,0.772,272.0,0.531,272.0,0.842,273.0,-0.003,13.43,2.0,3.0,0.0,23.79,67.91,338.6,337.1,0.0,1.892,2.349,2.197,247.1,246.7,0.2339999999999999,0.001,33.18,24.12,24.27,24.81,24.79,23.74,24.93,-0.89,24.83,24.23,253.4,20.48,28.66,28.74,28.83,24.74,24.79,20.54,12087.0,16776.0,16677.0,17010.0,14385.0,14410.0,11676.0,6.8870000000000005,9.64,9.66,9.69,8.32,8.33,6.905,0.0,336.2,0.0,60.14,0.0,200.6,0.0,5.0,16.0,0.0,0.0,68.93,73.34999999999998,68.81,20.28,19.91,0.0,23.15,193.1,29.11,2.0,3.474,-1.0,3.927,9.1,4901
2016-03-31 12:08:00,77.58,80.09999999999998,78.79,1113538.0,62.9,59.9,60.0,63.01,43242.0,540.0,96891.0,1070273.0,62.13,0.999,2.713,62.19,0.0,274.3,273.8,275.6,0.772,272.0,0.531,272.0,0.842,273.1,0.009,13.43,2.0,3.0,0.0,23.78,73.34,346.9,345.7,0.0,2.026,2.51,2.345,266.0,265.8,0.236,0.001,33.18,24.39,24.48,25.02,25.0,24.01,25.15,25.35,25.07,24.53,270.1,21.88,30.5,30.41,30.56,26.12,26.18,21.5,12087.0,16776.0,16677.0,17010.0,14385.0,14411.0,11676.0,7.548999999999999,10.52,10.49,10.54,9.01,9.03,7.417999999999998,0.0,344.9,0.0,60.14,0.0,211.4,0.0,5.0,16.0,0.0,0.0,74.98999999999998,79.51,74.78,20.36,19.96,0.0,23.39,233.1,35.08,2.0,3.474,-1.0,2.748,4.7,4901
2016-03-31 12:09:00,80.29999999999998,82.59999999999998,81.4,1113539.0,62.9,59.9,60.0,65.19,43242.0,540.0,96891.0,1070274.0,64.28,0.999,3.072,64.36,0.0,274.3,273.9,275.7,0.772,272.0,0.531,272.0,0.842,273.1,0.004,13.62,2.0,3.0,0.0,23.76,75.84,350.8,349.3,0.0,2.094,2.587,2.4290000000000003,274.4,275.9,0.236,0.0,33.1,24.69,24.74,25.29,25.32,24.31,25.44,25.7,25.36,24.87,278.8,22.5,31.21,31.01,31.31,26.73,26.8,21.91,12087.0,16776.0,16677.0,17010.0,14385.0,14411.0,11676.0,7.8439999999999985,10.88,10.81,10.91,9.32,9.340000000000002,7.637,0.0,348.7,0.0,60.14,0.0,216.2,0.0,5.0,16.0,0.0,0.0,77.64,82.2,77.4,20.31,20.01,0.0,23.65,247.9,45.1,2.0,3.474,-1.0,1.727,3.5,4901
2016-03-31 12:10:00,78.64,80.9,79.72,1113541.0,62.9,59.9,60.0,63.78,43242.0,540.0,96892.0,1070275.0,62.91,0.999,2.862,62.97,0.0,274.3,273.8,275.5,0.772,272.0,0.531,272.0,0.842,273.0,0.003,13.62,2.0,3.0,0.0,23.75,74.4,354.5,353.1,0.0,2.045,2.522,2.376,267.8,270.0,0.2349999999999999,0.0,33.09,25.09,25.19,25.63,25.65,24.7,25.78,25.98,25.61,25.14,274.2,21.8,30.18,30.04,30.34,25.91,26.04,21.26,12087.0,16776.0,16677.0,17010.0,14385.0,14411.0,11676.0,7.684999999999999,10.64,10.59,10.69,9.13,9.18,7.4929999999999986,0.0,352.6,0.0,60.14,0.0,209.9,0.0,5.0,16.0,0.0,0.0,75.98999999999998,80.5,75.75,20.39,20.15,0.0,24.07,235.5,38.6,2.0,3.474,-1.0,1.48,3.5,4901
2016-03-31 12:11:00,80.59999999999998,83.0,81.79999999999998,1113542.0,62.9,59.9,60.0,65.52,43242.0,540.0,96892.0,1070276.0,64.56,0.999,3.123,64.64,0.0,274.4,274.1,275.8,0.772,272.0,0.531,272.0,0.842,273.5,0.003,13.62,2.0,3.0,0.0,23.75,76.19,351.2,349.8,0.0,2.114,2.608,2.448,276.3,277.7,0.236,0.0,33.09,25.34,25.39,25.93,26.0,25.04,26.1,4.73,25.82,25.43,279.9,22.61,31.31,31.07,31.43,26.83,26.86,21.95,12087.0,16776.0,16678.0,17011.0,14385.0,14411.0,11676.0,7.893,10.93,10.85,10.97,9.37,9.38,7.6629999999999985,0.0,349.2,0.0,60.14,0.0,216.9,0.0,5.0,16.0,0.0,0.0,77.95999999999998,82.5,77.70999999999998,20.37,20.21,0.0,24.19,230.0,64.19,2.0,3.474,-1.0,2.3080000000000003,6.2,4901
2016-03-31 12:12:00,74.29,76.54,75.45,1113543.0,62.9,59.9,60.0,60.17,43242.0,540.0,96892.0,1070277.0,59.38,0.999,2.283,59.42,0.0,273.9,273.9,275.6,0.772,272.0,0.531,272.0,0.842,273.0,0.003,13.62,2.0,3.0,0.0,23.73,71.16,361.9,360.3,0.0,1.962,2.42,2.273,256.2,257.6,0.2349999999999999,0.0,33.09,25.18,25.23,25.93,25.99,25.0,26.07,26.35,25.77,25.51,259.0,20.2,27.96,27.72,28.1,23.89,23.99,19.62,12087.0,16777.0,16678.0,17011.0,14386.0,14411.0,11676.0,7.269999999999999,10.06,9.98,10.11,8.599999999999998,8.63,7.059,0.0,359.9,0.0,60.15,0.0,196.7,0.0,5.0,16.0,0.0,0.0,71.79,76.09999999999998,71.55,20.44,20.0,0.0,23.97,196.8,23.48,2.0,3.474,-1.0,3.925,7.0,4901
2016-03-31 12:13:00,71.02,73.31999999999998,72.18,1113544.0,62.9,59.9,60.0,57.45,43242.0,540.0,96892.0,1070278.0,56.76,0.999,1.825,56.79,0.0,274.1,273.8,275.6,0.772,272.0,0.531,272.0,0.842,273.1,0.002,13.41,2.0,3.0,0.0,23.72,68.17,355.1,354.4,0.0,1.86,2.298,2.152,243.9,244.7,0.2349999999999999,0.001,33.09,25.06,25.1,25.87,25.93,24.97,26.01,26.28,25.67,25.6,246.4,19.68,27.23,27.04,27.37,23.27,23.32,19.05,12087.0,16777.0,16678.0,17011.0,14386.0,14411.0,11676.0,6.955,9.62,9.56,9.670000000000002,8.22,8.24,6.732,0.0,353.4,0.0,60.14,0.0,192.0,0.0,5.0,16.0,0.0,0.0,68.46,72.76999999999998,68.29,20.5,20.04,0.0,23.92,223.3,32.43,2.0,3.474,-1.0,2.265,4.5,4901
2016-03-31 12:14:00,63.99,66.08,65.02,1113544.0,62.9,59.9,60.0,51.47,43242.0,540.0,96892.0,1070279.0,50.97,1.0,0.8859999999999999,50.98,0.0,273.9,273.7,275.5,0.772,272.0,0.531,272.0,0.842,273.2,0.004,13.62,2.0,3.0,0.0,23.72,62.49,364.3,362.9,0.0,1.699,2.097,1.973,221.8,223.9,0.2339999999999999,0.0,33.09,25.11,25.17,25.83,25.96,24.94,26.05,0.094,25.67,25.46,225.1,17.29,23.76,23.48,23.87,20.36,20.44,16.61,12087.0,16777.0,16678.0,17011.0,14386.0,14411.0,11677.0,6.26,8.599999999999998,8.5,8.64,7.372999999999998,7.399,6.015,0.0,362.2,0.0,60.14,0.0,171.6,0.0,5.0,16.0,0.0,0.0,61.51,65.48,61.24,20.43,20.1,0.0,24.01,225.5,32.74,2.0,3.475,-1.0,2.755,7.5,4901
2016-03-31 12:15:00,52.77,54.85,53.79,1113545.0,62.9,59.9,60.0,42.08,43242.0,540.0,96892.0,1070280.0,41.65,-0.8329999999999999,-0.66,41.66,0.0,273.8,273.6,275.3,0.772,272.0,0.531,272.0,0.842,273.0,0.003,13.62,2.0,3.0,0.0,23.71,52.64,364.7,363.7,0.0,1.404,1.73,1.64,183.1,185.9,0.233,0.0,33.09,24.86,24.92,25.64,25.82,24.82,25.8,4.596,25.62,25.3,188.6,14.18,19.42,19.28,19.61,16.63,16.78,13.62,12088.0,16777.0,16678.0,17011.0,14386.0,14412.0,11677.0,5.145,7.042999999999999,6.994,7.113,6.034,6.086,4.941,0.0,362.7,0.0,60.15,0.0,144.4,0.0,5.0,16.0,0.0,0.0,50.22,53.9,49.95,20.35,20.01,0.0,23.72,201.9,17.95,2.0,3.474,-1.0,4.92,8.0,4901
2016-03-31 12:16:00,45.56,47.66,46.57,1113546.0,62.9,59.9,60.0,36.07,43242.0,540.0,96892.0,1070280.0,35.72,-0.999,-1.682,35.76,0.0,273.7,273.5,275.3,0.772,272.0,0.531,272.0,0.842,273.1,0.003,13.62,2.0,3.0,0.0,23.7,46.35,359.2,358.0,0.0,1.2,1.477,1.406,156.2,158.9,0.2319999999999999,0.0,33.02,24.51,24.57,25.3,25.48,24.44,25.54,4.11,25.29,25.03,163.6,12.43,16.9,16.84,17.18,14.6,14.68,11.85,12088.0,16777.0,16678.0,17011.0,14386.0,14412.0,11677.0,4.438,6.034,6.0120000000000005,6.132999999999999,5.212000000000001,5.24,4.231,0.0,356.9,0.0,60.13,0.0,128.7,0.0,5.0,16.0,0.0,0.0,43.07,46.61,42.84,20.4,20.0,0.0,23.45,214.6,37.66,2.0,3.474,-1.0,1.658,3.1,4901
2016-03-31 12:17:00,44.99,47.17,46.0,1113546.0,62.9,59.9,60.0,35.58,43242.0,540.0,96892.0,1070281.0,35.18,-0.999,-1.767,35.22,0.0,273.6,273.2,275.0,0.772,272.0,0.531,271.4,0.842,273.0,0.003,13.62,2.0,3.0,0.0,23.7,45.3,346.2,345.3,0.0,1.165,1.443,1.365,152.9,154.4,0.2319999999999999,0.0,33.01,24.19,24.22,25.08,25.22,24.2,25.25,25.43,25.06,24.86,160.6,12.66,17.41,17.36,17.54,14.96,15.08,12.18,12088.0,16777.0,16678.0,17011.0,14386.0,14412.0,11677.0,4.354,5.989,5.97,6.033,5.144,5.187,4.19,0.0,344.1,0.0,60.15,0.0,130.9,0.0,5.0,16.0,0.0,0.0,42.41,46.0,42.2,20.44,20.0,0.0,23.09,234.2,44.69,2.0,3.474,-1.0,2.28,4.8,4901
2016-03-31 12:18:00,49.1,51.37,50.19,1113547.0,62.9,59.9,60.0,39.07,43242.0,540.0,96892.0,1070282.0,38.52,-0.999,-1.206,38.54,0.0,273.5,273.5,275.3,0.772,272.0,0.531,272.0,0.842,273.0,0.002,13.36,2.0,1.0,0.0,23.68,48.59,337.5,336.7,0.0,1.279,1.586,1.492,168.2,168.9,0.2319999999999999,0.0,32.99,23.9,23.95,24.84,24.98,23.97,24.99,25.25,24.84,24.43,175.8,14.12,19.56,19.54,19.65,16.76,16.9,13.73,12088.0,16777.0,16679.0,17011.0,14386.0,14412.0,11677.0,4.734,6.56,6.553,6.589,5.62,5.666,4.605,0.0,335.4,0.0,60.15,0.0,144.0,0.0,5.0,16.0,0.0,0.0,46.39,50.14,46.19,20.31,19.97,0.0,22.84,233.6,27.12,2.0,3.474,-1.0,4.015,12.5,4901
2016-03-31 12:19:00,54.42,56.73,55.52,1113548.0,62.9,59.9,60.0,43.53,43242.0,540.0,96892.0,1070282.0,42.91,-0.967,-0.46,42.91,0.0,273.8,273.5,275.3,0.772,272.0,0.531,272.0,0.842,273.0,0.003,13.26,2.0,1.0,0.0,23.66,53.15,338.4,337.6,0.0,1.418,1.761,1.652,186.6,187.0,0.2339999999999999,0.002,32.99,23.74,23.71,24.66,24.78,23.73,24.79,-18.0,24.63,24.14,193.9,15.59,21.67,21.65,21.8,18.61,18.7,15.26,12088.0,16777.0,16679.0,17011.0,14386.0,14412.0,11677.0,5.242000000000001,7.288999999999999,7.281,7.331,6.257999999999999,6.29,5.132000000000001,0.0,336.3,0.0,60.15,0.0,157.1,0.0,5.0,16.0,0.0,0.0,51.65,55.57,51.45,20.23,19.93,0.0,22.67,215.4,29.68,2.0,3.475,-1.0,4.247,8.099999999999998,4901
2016-03-31 12:20:00,60.93,63.26,62.03,1113549.0,62.9,59.9,60.0,48.96,43242.0,540.0,96892.0,1070283.0,48.28,0.967,0.4149999999999999,48.28,0.0,273.9,273.4,275.3,0.772,272.0,0.531,271.9,0.842,273.0,0.004,13.62,2.0,3.0,0.0,23.64,58.85,336.5,334.9,0.0,1.592,1.98,1.851,210.7,210.0,0.233,0.0,32.99,23.7,23.68,24.52,24.62,23.66,24.69,24.94,24.47,24.18,217.4,17.61,24.62,24.55,24.59,21.06,21.16,17.31,12088.0,16778.0,16679.0,17012.0,14386.0,14412.0,11677.0,5.877999999999999,8.22,8.189999999999998,8.21,7.029,7.064,5.779,0.0,333.8,0.0,60.12,0.0,174.9,0.0,5.0,16.0,0.0,0.0,58.13,62.25,57.98,20.34,19.97,0.0,22.67,203.7,12.49,2.0,3.475,-1.0,4.268,9.5,4901
2016-03-31 12:21:00,69.11,71.53,70.27,1113550.0,62.9,59.9,60.0,55.85,43242.0,540.0,96892.0,1070284.0,55.11,1.0,1.514,55.13,0.0,273.8,273.7,275.5,0.772,272.0,0.531,272.0,0.842,273.0,0.004,13.62,2.0,3.0,0.0,23.63,65.63,335.7,336.1,0.0,1.806,2.242,2.097,239.3,239.1,0.2339999999999999,0.0,32.99,23.61,23.66,24.46,24.53,23.64,24.63,3.357,24.34,24.24,245.9,20.08,27.88,27.77,27.98,23.95,23.98,19.59,12088.0,16778.0,16679.0,17012.0,14387.0,14412.0,11677.0,6.724,9.33,9.3,9.37,8.019999999999998,8.029999999999998,6.56,0.0,334.8,0.0,60.12,0.0,195.5,0.0,5.0,16.0,0.0,0.0,66.42,70.79,66.29,20.41,19.96,0.0,22.58,200.8,20.07,2.0,3.474,-1.0,5.072,8.599999999999998,4901
2016-03-31 12:22:00,71.32,73.69,72.51,1113551.0,62.9,59.9,60.0,57.7,43242.0,540.0,96892.0,1070285.0,57.04,0.999,1.844,57.07,0.0,274.1,273.7,275.5,0.772,272.0,0.531,272.0,0.842,273.0,0.003,13.62,2.0,3.0,0.0,23.61,68.12,352.6,351.7,0.0,1.845,2.28,2.149,242.0,244.4,0.2349999999999999,0.0,32.99,23.65,23.65,24.42,24.55,23.64,24.63,24.91,24.33,24.37,250.9,19.82,27.39,27.38,27.65,23.67,23.8,19.34,12088.0,16778.0,16679.0,17012.0,14387.0,14412.0,11677.0,6.947,9.6,9.590000000000002,9.69,8.29,8.34,6.778,0.0,350.5,0.0,60.14,0.0,193.2,0.0,5.0,16.0,0.0,0.0,68.78,73.12,68.62,20.47,19.99,0.0,22.55,196.4,19.42,2.0,3.474,-1.0,5.06,9.0,4901
2016-03-31 12:23:00,69.09,71.39,70.26,1113552.0,62.9,59.9,60.0,55.82,43242.0,540.0,96892.0,1070286.0,55.21,1.0,1.547,55.23,0.0,273.9,273.7,275.5,0.772,272.0,0.531,272.0,0.842,273.1,0.003,13.62,2.0,3.0,0.0,23.6,66.38,357.4,356.2,0.0,1.796,2.222,2.092,234.4,236.6,0.2339999999999999,0.0,32.99,23.6,23.63,24.42,24.62,23.66,24.65,-48.54,24.21,24.43,243.9,18.92,26.23,26.21,26.46,22.59,22.79,18.51,12088.0,16778.0,16679.0,17012.0,14387.0,14412.0,11677.0,6.7170000000000005,9.31,9.31,9.39,8.019999999999998,8.09,6.57,0.0,355.0,0.0,60.15,0.0,185.8,0.0,5.0,16.0,0.0,0.0,66.58,70.8,66.38,20.5,19.96,0.0,22.54,188.2,25.45,2.0,3.474,-1.0,6.027,9.3,4901
2016-03-31 12:24:00,75.79,78.19,76.95,1113553.0,62.9,59.9,60.0,61.45,43242.0,540.0,96892.0,1070287.0,60.56,0.999,2.417,60.61,0.0,274.1,273.9,275.6,0.772,272.0,0.531,272.0,0.842,273.2,-0.02,13.47,2.0,1.0,0.0,23.58,71.47,338.5,338.1,0.0,1.989,2.467,2.315,261.2,262.1,0.2339999999999999,0.001,33.03,23.7,23.68,24.46,24.67,23.77,24.69,25.06,24.15,24.5,271.8,21.91,30.49,30.58,30.63,26.19,26.37,21.59,12088.0,16778.0,16679.0,17012.0,14387.0,14413.0,11677.0,7.367000000000002,10.25,10.28,10.3,8.81,8.87,7.258999999999999,0.0,336.7,0.0,60.15,0.0,211.5,0.0,5.0,16.0,0.0,0.0,73.01999999999998,77.54999999999998,72.87999999999998,20.54,20.03,0.0,22.64,182.7,32.2,2.0,3.474,-1.0,2.89,6.9,4901
2016-03-31 12:25:00,87.7,90.2,88.79999999999998,1113554.0,62.9,59.9,60.0,71.47,43242.0,540.0,96892.0,1070288.0,70.33,0.998,4.033,70.45,0.0,274.3,274.1,275.8,0.772,272.0,0.531,272.0,0.842,273.5,0.026,13.57,2.0,3.0,0.0,23.58,81.7,328.7,327.6,0.0,2.361,2.9160000000000004,2.742,309.3,311.3,0.236,0.001,33.09,24.05,23.97,24.79,24.9,24.07,25.05,-17.26,24.49,24.85,318.8,26.2,36.45,36.39,36.52,31.29,31.43,25.72,12088.0,16778.0,16679.0,17012.0,14387.0,14413.0,11678.0,8.55,11.89,11.87,11.91,10.2,10.25,8.39,0.0,326.1,0.0,60.15,0.0,248.7,0.0,5.0,16.0,0.0,0.0,84.9,89.79999999999998,84.79999999999998,20.54,20.06,0.0,23.0,206.6,28.73,2.0,3.474,-1.0,4.595,9.0,4901
2016-03-31 12:26:00,95.2,97.7,96.2,1113555.0,62.9,59.9,60.0,77.75,43242.0,540.0,96892.0,1070289.0,76.59,0.998,5.122000000000001,76.76999999999998,0.0,274.3,274.5,276.2,0.772,272.0,0.531,272.0,0.842,273.9,0.004,13.62,2.0,3.0,0.0,23.56,87.7,337.6,338.6,0.0,2.595,3.204,3.015,338.3,340.7,0.238,0.0,33.09,24.48,24.35,25.11,25.28,24.43,25.44,4.793,24.88,25.29,330.9,28.79,39.66,38.01,38.65,32.09,32.15,25.57,12089.0,16779.0,16680.0,17013.0,14387.0,14413.0,11678.0,9.71,13.38,12.82,13.03,10.82,10.84,8.62,0.0,337.2,0.0,60.13,0.0,259.9,0.0,5.0,16.0,0.0,0.0,92.6,97.6,92.4,20.54,20.07,0.0,23.44,193.1,15.4,2.0,3.475,-1.0,4.215,7.1,4901
2016-03-31 12:27:00,73.04999999999998,75.31,74.15999999999998,1113556.0,62.9,59.9,60.0,59.15,43242.0,540.0,96892.0,1070290.0,58.52,0.999,2.083,58.56,0.0,274.2,274.0,275.7,0.772,272.0,0.531,272.0,0.842,273.7,0.003,13.62,2.0,3.0,0.0,23.55,69.39,352.0,351.4,0.0,1.922,2.364,2.231,249.3,252.3,0.2349999999999999,0.0,33.07,24.6,24.54,25.29,25.48,24.57,25.58,25.86,25.03,25.46,255.6,20.33,28.08,28.02,28.3,24.16,24.3,19.73,12089.0,16779.0,16680.0,17013.0,14387.0,14413.0,11678.0,7.117000000000001,9.83,9.81,9.91,8.46,8.51,6.908,0.0,350.4,0.0,60.13,0.0,197.3,0.0,5.0,16.0,0.0,0.0,70.55,74.9,70.37,20.58,20.03,0.0,23.47,221.5,24.38,2.0,3.474,-1.0,3.603,7.2,4901
2016-03-31 12:28:00,63.05,65.13,64.09,1113557.0,62.9,59.9,60.0,50.71,43242.0,540.0,96892.0,1070291.0,50.2,1.0,0.7319999999999999,50.21,0.0,274.0,273.8,275.6,0.772,272.0,0.531,272.0,0.842,273.4,0.003,13.62,2.0,3.0,0.0,23.55,60.95,360.6,361.1,0.0,1.659,2.05,1.927,216.6,218.0,0.2339999999999999,0.0,33.06,24.56,24.56,25.19,25.35,24.46,25.52,4.381,25.0,25.19,222.7,17.02,23.56,23.57,23.75,20.22,20.38,16.63,12089.0,16779.0,16680.0,17013.0,14388.0,14413.0,11678.0,6.115,8.47,8.47,8.529999999999998,7.266,7.322,5.976,0.0,359.3,0.0,60.16,0.0,169.0,0.0,5.0,16.0,0.0,0.0,60.49,64.48,60.27,20.38,20.09,0.0,23.48,235.5,28.51,2.0,3.474,-1.0,2.672,7.4,4901
2016-03-31 12:29:00,62.72,64.94,63.77,1113558.0,62.9,59.9,60.0,50.48,43242.0,540.0,96892.0,1070292.0,49.86,1.0,0.664,49.87,0.0,274.1,273.9,275.6,0.772,272.0,0.531,272.0,0.842,273.7,0.003,13.62,2.0,3.0,0.0,23.55,60.53,350.0,349.3,0.0,1.633,2.031,1.886,215.2,213.5,0.2339999999999999,0.0,32.99,24.74,24.67,25.23,25.47,24.52,25.57,25.75,25.16,24.98,218.2,17.46,24.36,24.3,24.42,20.78,20.86,17.12,12089.0,16779.0,16680.0,17013.0,14388.0,14413.0,11678.0,6.073,8.47,8.449999999999998,8.49,7.229,7.255,5.957000000000001,0.0,347.9,0.0,60.21,0.0,172.8,0.0,5.0,16.0,0.0,0.0,60.07,64.08,59.84,20.31,20.23,0.0,23.68,230.0,31.44,2.0,3.474,-1.0,2.513,5.4,4901
2016-03-31 12:30:00,65.35,67.5,66.37,1113559.0,62.9,59.9,60.0,52.65,43242.0,540.0,96892.0,1070293.0,52.04,1.0,1.013,52.05,0.0,274.2,273.9,275.6,0.772,272.0,0.531,272.0,0.842,273.8,-0.001,13.28,2.0,1.0,0.0,23.53,62.6,347.6,347.1,0.0,1.705,2.127,1.959,225.6,221.7,0.2349999999999999,0.002,32.99,24.69,24.69,25.29,25.48,24.52,25.6,-22.04,25.26,24.86,225.5,18.26,25.67,25.58,25.59,21.8,21.85,18.06,12089.0,16779.0,16680.0,17013.0,14388.0,14413.0,11678.0,6.311,8.87,8.84,8.84,7.534,7.551,6.242000000000001,0.0,345.6,0.0,60.21,0.0,180.2,0.0,5.0,16.0,0.0,0.0,62.68,66.8,62.48,20.33,20.21,0.0,23.65,224.1,27.01,2.0,3.474,-1.0,2.93,6.0,4901
2016-03-31 12:31:00,69.7,72.03,70.83,1113560.0,62.9,59.9,60.0,56.38,43242.0,540.0,96892.0,1070294.0,55.61,1.0,1.595,55.63,0.0,274.5,273.9,275.6,0.772,272.0,0.531,272.0,0.842,273.7,0.006,13.62,2.0,3.0,0.0,23.52,66.48,345.8,344.3,0.0,1.82,2.273,2.089,241.4,237.0,0.2339999999999999,0.001,32.99,24.64,24.67,25.34,25.51,24.58,25.65,-0.3279999999999999,25.27,24.98,241.1,19.75,27.68,27.6,27.62,23.52,23.55,19.44,12089.0,16779.0,16680.0,17013.0,14388.0,14414.0,11678.0,6.776,9.5,9.47,9.47,8.07,8.08,6.667999999999999,0.0,343.1,0.0,60.13,0.0,192.3,0.0,5.0,16.0,0.0,0.0,66.97,71.3,66.83,20.45,20.09,0.0,23.43,222.3,36.1,2.0,3.474,-1.0,2.005,5.8,4901
2016-03-31 12:32:00,75.04,77.48,76.2,1113561.0,62.9,59.9,60.0,60.88,43242.0,540.0,96892.0,1070295.0,60.1,0.999,2.333,60.14,0.0,274.7,273.9,275.7,0.772,272.0,0.531,272.0,0.842,274.0,0.004,13.62,2.0,3.0,0.0,23.52,71.03,345.9,345.1,0.0,1.969,2.4530000000000003,2.269,259.9,256.9,0.2349999999999999,0.0,32.99,24.37,24.43,25.35,25.48,24.6,25.58,-0.832,25.03,25.17,259.3,21.13,29.62,29.46,29.66,25.35,25.28,20.89,12089.0,16779.0,16680.0,17013.0,14388.0,14414.0,11678.0,7.261,10.18,10.12,10.19,8.71,8.689999999999998,7.18,0.0,343.7,0.0,60.15,0.0,205.4,0.0,5.0,16.0,0.0,0.0,72.40999999999998,76.92,72.26,20.53,20.02,0.0,23.22,185.7,36.67,2.0,3.474,-1.0,2.755,6.9,4901
2016-03-31 12:33:00,77.36,79.75,78.5,1113562.0,62.9,59.9,60.0,62.78,43242.0,540.0,96892.0,1070296.0,61.95,0.999,2.656,62.0,0.0,274.4,273.9,275.7,0.772,272.0,0.531,272.0,0.842,273.5,0.004,13.62,2.0,3.0,0.0,23.52,73.09,349.2,347.3,0.0,2.015,2.501,2.337,264.7,264.3,0.2349999999999999,0.0,32.99,24.56,24.61,25.45,25.53,24.55,25.58,-69.96,25.13,25.2,269.2,21.55,30.16,30.16,30.18,25.76,26.02,21.38,12089.0,16779.0,16681.0,17013.0,14388.0,14414.0,11679.0,7.487,10.48,10.48,10.48,8.949999999999998,9.04,7.428,0.0,347.4,0.0,60.14,0.0,209.4,0.0,5.0,16.0,0.0,0.0,74.73,79.25,74.54,20.53,20.09,0.0,23.4,222.0,22.41,2.0,3.474,-1.0,3.085,6.1,4901
2016-03-31 12:34:00,79.76,82.09999999999998,80.9,1113563.0,62.9,59.9,60.0,64.81,43242.0,540.0,96892.0,1070297.0,63.81,0.999,2.967,63.88,0.0,274.5,274.1,275.8,0.772,272.0,0.531,272.0,0.842,273.6,0.003,13.62,2.0,3.0,0.0,23.52,75.15,350.6,349.9,0.0,2.07,2.553,2.404,271.0,273.2,0.2349999999999999,0.0,32.99,24.62,24.67,25.45,25.53,24.54,25.6,-90.1,25.21,25.33,279.9,22.22,30.97,31.02,31.02,26.53,26.88,21.87,12090.0,16780.0,16681.0,17014.0,14388.0,14414.0,11679.0,7.761,10.81,10.83,10.83,9.26,9.39,7.638,0.0,349.2,0.0,60.14,0.0,214.4,0.0,5.0,16.0,0.0,0.0,77.0,81.59999999999998,76.81,20.52,20.06,0.0,23.44,208.4,35.28,2.0,3.474,-1.0,3.277,5.8,4901
2016-03-31 12:35:00,79.69,82.0,80.79999999999998,1113564.0,62.9,59.9,60.0,64.72,43242.0,540.0,96892.0,1070298.0,63.97,0.999,3.004,64.04,0.0,274.4,274.0,275.8,0.772,272.0,0.531,272.0,0.842,273.3,0.006,13.62,2.0,3.0,0.0,23.52,75.33,355.0,353.5,0.0,2.095,2.576,2.443,271.9,276.3,0.236,0.0,32.94,24.64,24.71,25.53,25.66,24.7,25.7,21.52,25.26,25.49,280.0,21.97,30.35,30.21,30.79,26.33,26.41,21.28,12090.0,16780.0,16681.0,17014.0,14389.0,14414.0,11679.0,7.761,10.72,10.67,10.88,9.3,9.33,7.517,0.0,353.5,0.0,60.14,0.0,212.3,0.0,5.0,16.0,0.0,0.0,77.23,81.79999999999998,77.04,20.63,20.09,0.0,23.47,186.2,31.71,2.0,3.475,-1.0,3.617,8.199999999999998,4901
2016-03-31 12:36:00,76.37999999999998,78.79999999999998,77.61,1113565.0,62.9,59.9,60.0,62.01,43242.0,540.0,96892.0,1070299.0,61.19,0.999,2.565,61.24,0.0,274.3,274.0,275.7,0.772,272.0,0.531,272.0,0.842,273.3,-0.002,13.3,2.0,1.0,0.0,23.52,74.28,355.3,353.3,0.0,1.996,2.451,2.33,259.3,264.0,0.236,0.001,32.89,24.74,24.69,25.61,25.76,24.71,25.77,26.12,25.34,25.57,270.0,21.15,29.21,29.15,29.49,25.18,25.45,20.57,12090.0,16780.0,16681.0,17014.0,14389.0,14414.0,11679.0,7.462999999999998,10.31,10.28,10.41,8.89,8.98,7.257999999999998,0.0,352.9,0.0,60.14,0.0,204.5,0.0,5.0,16.0,0.0,0.0,73.79999999999998,78.31,73.65,20.67,20.13,0.0,23.52,208.1,23.75,2.0,3.475,-1.0,3.507,6.5,4901
2016-03-31 12:37:00,81.7,84.09999999999998,82.79999999999998,1113566.0,62.9,59.9,60.0,66.44,43242.0,540.0,96892.0,1070300.0,65.35,0.999,3.27,65.43,0.0,274.5,274.0,275.8,0.772,272.0,0.531,272.0,0.842,273.6,0.005,13.62,2.0,3.0,0.0,23.52,76.65,340.0,338.6,0.0,2.156,2.659,2.506,282.2,284.4,0.236,0.0,32.89,24.92,24.87,25.66,25.79,24.73,25.88,-40.75,25.42,25.52,291.0,23.67,32.85,32.76,32.99,28.18,28.32,23.07,12090.0,16780.0,16681.0,17014.0,14389.0,14415.0,11679.0,7.982999999999999,11.08,11.05,11.13,9.5,9.55,7.781,0.0,337.7,0.0,60.14,0.0,226.2,0.0,5.0,16.0,0.0,0.0,78.84999999999998,83.59999999999998,78.7,20.59,20.3,0.0,23.77,236.8,47.95,2.0,3.475,-1.0,2.59,5.7,4901
2016-03-31 12:38:00,99.6,102.3,100.8,1113567.0,62.9,59.9,60.0,81.5,43242.0,540.0,96892.0,1070301.0,79.90999999999998,0.997,5.727,80.09999999999998,0.0,275.0,274.0,275.8,0.772,272.0,0.531,272.0,0.842,273.2,0.004,13.62,2.0,3.0,0.0,23.52,91.4,318.1,316.2,0.0,2.763,3.409,3.2060000000000004,362.1,364.5,0.238,0.0,32.89,25.09,25.11,25.87,26.05,25.07,26.12,-46.63,25.5,25.77,371.5,30.98,42.95,42.79,42.98,36.76,36.91,30.32,12090.0,16780.0,16682.0,17014.0,14389.0,14415.0,11679.0,9.77,13.55,13.5,13.56,11.59,11.64,9.56,0.0,315.9,0.0,60.15,0.0,287.7,0.0,5.0,16.0,0.0,0.0,96.6,101.9,96.5,20.64,20.2,0.0,23.84,177.6,27.27,2.0,3.474,-1.0,4.497,8.8,4901
2016-03-31 12:39:00,106.3,109.0,107.4,1113569.0,62.9,59.9,60.0,87.09999999999998,43242.0,540.0,96893.0,1070303.0,85.5,0.997,6.696000000000001,85.79999999999998,0.0,274.8,274.3,276.1,0.772,272.0,0.531,272.0,0.842,273.5,0.004,13.62,2.0,3.0,0.0,23.52,97.5,322.2,318.6,0.0,2.957,3.631,3.448,382.4,389.7,0.2389999999999999,0.0,32.88,25.6,25.62,26.38,26.53,25.57,26.63,5.58,25.88,26.23,394.1,32.76,45.23,45.0,45.42,38.97,39.11,31.87,12090.0,16781.0,16682.0,17015.0,14389.0,14415.0,11679.0,10.42,14.39,14.32,14.46,12.4,12.45,10.14,0.0,318.3,0.0,60.14,0.0,302.7,0.0,5.0,16.0,0.0,0.0,103.4,109.0,103.3,20.62,20.26,0.0,24.42,187.4,22.51,2.0,3.475,-1.0,3.647,8.199999999999998,4901
2016-03-31 12:40:00,101.3,103.9,102.4,1113570.0,62.9,59.9,60.0,82.9,43242.0,540.0,96893.0,1070304.0,81.59999999999998,0.997,6.034,81.79999999999998,0.0,274.6,274.3,276.1,0.772,272.0,0.531,272.0,0.842,273.5,0.003,13.62,2.0,3.0,0.0,23.52,93.6,337.8,334.9,0.0,2.733,3.343,3.192,350.6,359.7,0.238,0.0,32.88,26.03,26.02,26.88,27.01,26.04,27.08,-19.8,26.36,26.73,362.3,29.7,40.9,40.67,41.23,35.35,35.52,28.59,12090.0,16781.0,16682.0,17015.0,14389.0,14415.0,11680.0,9.95,13.7,13.63,13.81,11.84,11.9,9.58,0.0,335.3,0.0,60.18,0.0,277.4,0.0,5.0,16.0,0.0,0.0,98.7,104.0,98.5,20.79,20.27,0.0,24.69,202.0,32.49,2.0,3.474,-1.0,2.977,6.1,4901
2016-03-31 12:41:00,83.9,86.2,85.0,1113571.0,62.9,59.9,60.0,68.24,43242.0,540.0,96893.0,1070305.0,67.39,0.999,3.613,67.49,0.0,274.3,274.1,275.9,0.772,272.0,0.531,272.0,0.842,273.5,0.024,13.62,2.0,1.0,0.0,23.52,82.29999999999998,354.7,352.9,0.0,2.2430000000000003,2.736,2.6260000000000003,285.7,294.9,0.236,0.0,32.89,25.93,25.84,26.91,27.04,26.04,27.11,1.087,26.35,26.77,296.2,23.44,32.09,31.81,32.42,27.7,27.97,22.37,12091.0,16781.0,16682.0,17015.0,14390.0,14415.0,11680.0,8.25,11.29,11.2,11.41,9.75,9.840000000000002,7.872999999999998,0.0,352.5,0.0,60.14,0.0,224.3,0.0,5.0,16.0,0.0,0.0,81.5,86.09999999999998,81.2,20.78,20.24,0.0,24.45,204.8,30.43,2.0,3.475,-1.0,3.44,5.2,4901
2016-03-31 12:42:00,65.29,67.42,66.33,1113572.0,62.9,59.9,60.0,52.59,43242.0,540.0,96893.0,1070306.0,52.06,1.0,1.093,52.07,0.0,274.4,273.7,275.6,0.772,272.0,0.531,272.0,0.842,273.6,-0.019,13.3,2.0,1.0,0.0,23.55,78.69,366.8,365.4,0.0,1.777,2.1630000000000003,2.085,225.9,234.2,0.236,0.001,32.89,25.81,25.73,26.65,26.83,25.8,26.89,-20.34,26.33,26.27,236.9,17.7,23.99,23.78,24.37,20.65,20.94,16.71,12091.0,16781.0,16682.0,17015.0,14390.0,14415.0,11680.0,6.447,8.74,8.66,8.88,7.525,7.627999999999998,6.089,0.0,364.4,0.0,60.15,0.0,174.6,0.0,5.0,16.0,0.0,0.0,62.8,66.83,62.51,20.63,20.45,0.0,24.63,255.8,26.35,2.0,3.474,-1.0,4.855,7.599999999999999,4901
2016-03-31 12:43:00,56.23,58.45,57.31,1113573.0,62.9,59.9,60.0,45.06,43242.0,540.0,96893.0,1070307.0,44.52,-0.233,-0.1639999999999999,44.52,0.0,274.3,273.7,275.5,0.772,272.0,0.531,272.0,0.842,273.8,0.005,13.62,2.0,3.0,0.0,23.55,58.28,360.2,359.3,0.0,1.506,1.835,1.769,191.9,198.7,0.233,0.0,32.89,25.58,25.52,26.22,26.39,25.25,26.46,-94.6,26.01,25.6,202.8,15.49,20.87,20.78,21.36,18.08,18.17,14.53,12091.0,16781.0,16682.0,17015.0,14390.0,14416.0,11680.0,5.556,7.486,7.451,7.66,6.483,6.518,5.211,0.0,358.6,0.0,60.14,0.0,154.4,0.0,5.0,16.0,0.0,0.0,53.6,57.47,53.37,20.48,20.32,0.0,24.39,242.9,29.9,2.0,3.474,-1.0,3.907,6.5,4901
2016-03-31 12:44:00,53.3,55.53,54.38,1113574.0,62.9,59.9,60.0,42.61,43242.0,540.0,96893.0,1070308.0,42.04,-1.0,-0.6039999999999999,42.05,0.0,273.9,273.7,275.6,0.772,272.0,0.531,272.0,0.842,273.8,0.004,13.62,2.0,3.0,0.0,23.55,53.22,349.9,350.0,0.0,1.404,1.719,1.646,180.9,185.5,0.233,0.0,32.89,25.21,25.18,25.86,26.01,24.87,26.08,26.42,25.78,25.36,190.6,14.98,20.49,20.37,20.7,17.54,17.77,14.21,12091.0,16781.0,16683.0,17016.0,14390.0,14416.0,11680.0,5.218,7.138999999999999,7.097,7.211,6.112,6.193,4.9510000000000005,0.0,348.6,0.0,60.15,0.0,150.5,0.0,5.0,16.0,0.0,0.0,50.58,54.45,50.37,20.57,20.25,0.0,23.99,204.7,20.22,2.0,3.474,-1.0,5.01,8.8,4901
2016-03-31 12:45:00,58.35,60.71,59.5,1113575.0,62.9,59.9,60.0,46.87,43242.0,540.0,96893.0,1070308.0,46.17,0.233,0.098,46.17,0.0,274.1,273.6,275.5,0.772,272.0,0.531,272.0,0.842,273.2,0.004,13.62,2.0,3.0,0.0,23.56,53.99,335.4,334.7,0.0,1.544,1.898,1.797,201.1,203.9,0.233,0.0,32.89,24.99,24.96,25.5,25.66,24.62,25.73,-16.62,25.48,25.2,208.9,17.09,23.57,23.47,23.65,20.15,20.3,16.39,12091.0,16782.0,16683.0,17016.0,14390.0,14416.0,11680.0,5.694,7.855,7.819,7.881,6.712999999999999,6.763999999999999,5.462000000000001,0.0,333.2,0.0,60.15,0.0,169.4,0.0,5.0,16.0,0.0,0.0,55.51,59.62,55.39,20.65,20.25,0.0,23.96,199.4,13.37,2.0,3.474,-1.0,2.632,4.4,4901
2016-03-31 12:46:00,62.45,64.74,63.57,1113575.0,62.9,59.9,60.0,50.26,43242.0,540.0,96893.0,1070309.0,49.63,1.0,0.667,49.63,0.0,274.1,273.6,275.4,0.772,272.0,0.531,272.0,0.842,273.0,0.004,13.62,2.0,3.0,0.0,23.57,58.05,346.2,344.9,0.0,1.639,2.017,1.902,213.8,215.9,0.2339999999999999,0.0,32.89,24.81,24.8,25.43,25.62,24.5,25.73,-64.26,25.48,25.27,219.2,17.73,24.49,24.37,24.63,20.95,21.07,17.08,12091.0,16782.0,16683.0,17016.0,14390.0,14416.0,11680.0,6.094,8.42,8.37,8.46,7.2,7.242000000000002,5.87,0.0,343.7,0.0,60.15,0.0,175.2,0.0,5.0,16.0,0.0,0.0,59.78,63.89,59.6,20.75,20.2,0.0,23.65,201.0,20.34,2.0,3.473,-1.0,5.032,9.9,4901
2016-03-31 12:47:00,58.89,61.04,59.96,1113576.0,62.9,59.9,60.0,47.24,43242.0,540.0,96893.0,1070310.0,46.73,0.5,0.2069999999999999,46.74,0.0,274.1,273.7,275.4,0.772,272.0,0.531,272.0,0.842,273.1,-0.002,13.43,2.0,3.0,0.0,23.56,60.32,359.1,358.4,0.0,1.5530000000000002,1.912,1.802,202.2,204.1,0.233,0.001,32.88,24.51,24.48,25.18,25.37,24.33,25.48,-21.81,25.18,25.09,206.5,16.08,22.12,21.99,22.36,18.97,19.07,15.49,12091.0,16782.0,16683.0,17016.0,14390.0,14416.0,11680.0,5.743,7.902999999999999,7.854,7.987999999999999,6.778,6.813,5.532,0.0,357.4,0.0,60.14,0.0,160.8,0.0,5.0,16.0,0.0,0.0,56.29,60.23,56.07,20.66,20.1,0.0,23.38,207.5,25.21,2.0,3.473,-1.0,4.002,8.199999999999998,4901
2016-03-31 12:48:00,53.76,56.01,54.86,1113577.0,62.9,59.9,60.0,42.99,43242.0,540.0,96893.0,1070311.0,42.47,-1.0,-0.529,42.48,0.0,274.0,273.7,275.4,0.772,272.0,0.531,272.0,0.842,273.3,0.008,13.43,2.0,3.0,0.0,23.55,57.59,357.6,356.7,0.0,1.411,1.741,1.643,184.0,185.9,0.2339999999999999,0.001,32.89,24.22,24.25,25.03,25.26,24.23,25.3,-21.89,25.05,25.04,189.4,14.64,20.17,20.13,20.46,17.36,17.47,14.23,12091.0,16782.0,16683.0,17016.0,14390.0,14416.0,11680.0,5.206,7.172999999999999,7.157,7.276,6.172999999999999,6.211,5.059,0.0,355.5,0.0,60.14,0.0,148.7,0.0,5.0,16.0,0.0,0.0,51.11,54.97,50.91,20.67,20.09,0.0,23.1,182.1,36.3,2.0,3.474,-1.0,3.545,7.0,4901
2016-03-31 12:49:00,53.83,56.13,54.92,1113578.0,62.9,59.9,60.0,43.08,43243.0,540.0,96893.0,1070311.0,42.5,-1.0,-0.526,42.5,0.0,274.0,273.7,275.5,0.772,272.0,0.531,272.0,0.842,273.7,0.004,13.62,2.0,3.0,0.0,23.55,53.21,347.7,347.1,0.0,1.402,1.739,1.628,184.4,184.3,0.233,0.0,32.89,24.01,24.03,24.9,25.11,24.05,25.15,-43.65,24.84,24.91,188.6,15.0,20.88,20.84,21.01,17.93,17.98,14.75,12091.0,16782.0,16683.0,17016.0,14391.0,14416.0,11680.0,5.185,7.222,7.205,7.2639999999999985,6.198,6.216,5.1,0.0,345.9,0.0,60.15,0.0,152.2,0.0,5.0,16.0,0.0,0.0,51.12,55.01,50.92,20.69,20.11,0.0,22.94,207.7,25.77,2.0,3.473,-1.0,2.97,5.0,4901
2016-03-31 12:50:00,60.51,62.87,61.65,1113579.0,62.9,59.9,60.0,48.7,43243.0,540.0,96893.0,1070312.0,48.0,0.5329999999999999,0.3689999999999999,48.0,0.0,274.3,273.7,275.6,0.772,272.0,0.531,272.0,0.842,273.8,0.004,13.62,2.0,3.0,0.0,23.55,53.24,332.9,331.7,0.0,1.597,1.992,1.842,213.3,210.0,0.2339999999999999,0.0,32.89,23.95,24.01,24.9,25.07,24.05,25.1,25.44,24.78,24.91,215.4,17.66,24.83,24.75,24.81,21.2,21.16,17.56,12092.0,16782.0,16683.0,17016.0,14391.0,14416.0,11680.0,5.825,8.189999999999998,8.16,8.179999999999998,6.994,6.98,5.794,0.0,330.3,0.0,60.15,0.0,175.9,0.0,5.0,16.0,0.0,0.0,57.69,61.87,57.6,20.71,20.17,0.0,22.88,191.5,22.86,2.0,3.475,-1.0,3.383,6.5,4901
2016-03-31 12:51:00,73.78,76.43,75.11,1113580.0,62.9,59.9,60.0,59.92,43243.0,540.0,96893.0,1070313.0,58.99,0.999,2.161,59.03,0.0,274.3,273.9,275.7,0.772,272.0,0.531,272.0,0.842,273.5,0.004,13.62,2.0,3.0,0.0,23.52,59.4,313.0,312.7,0.0,2.041,2.546,2.3480000000000003,273.6,269.3,0.2349999999999999,0.0,32.89,24.06,24.12,25.02,25.18,24.22,25.27,25.62,24.78,25.05,274.6,22.91,32.26,32.15,32.15,27.46,27.41,22.84,12092.0,16782.0,16683.0,17016.0,14391.0,14416.0,11681.0,7.136,10.05,10.01,10.01,8.55,8.54,7.115,0.0,311.7,0.0,60.15,0.0,221.9,0.0,5.0,16.0,0.0,0.0,71.0,75.64,71.0,20.74,20.17,0.0,23.06,203.7,33.58,2.0,3.474,-1.0,3.638,6.7,4901
2016-03-31 12:52:00,87.79999999999998,90.4,89.0,1113581.0,62.9,59.9,60.0,71.64,43243.0,540.0,96893.0,1070314.0,70.42,0.998,4.052,70.54,0.0,274.4,274.3,276.0,0.772,272.0,0.531,272.0,0.842,273.9,0.003,13.62,2.0,3.0,0.0,23.52,70.07,324.2,323.0,0.0,2.378,2.967,2.735,317.5,313.1,0.2369999999999999,0.0,32.89,24.53,24.6,25.42,25.53,24.59,25.67,-0.003,25.13,25.33,316.3,26.48,37.2,37.07,37.13,31.67,31.57,26.29,12092.0,16782.0,16684.0,17017.0,14391.0,14417.0,11681.0,8.519999999999998,11.97,11.92,11.94,10.19,10.16,8.46,0.0,321.6,0.0,60.15,0.0,252.4,0.0,5.0,16.0,0.0,0.0,84.9,89.9,84.9,20.68,20.24,0.0,23.52,204.9,33.66,2.0,3.474,-1.0,2.687,5.4,4901
2016-03-31 12:53:00,96.7,99.3,97.8,1113582.0,62.9,59.9,60.0,79.11,43243.0,540.0,96893.0,1070316.0,77.7,0.998,5.28,77.87999999999998,0.0,275.0,274.1,276.0,0.772,272.2,0.531,272.0,0.842,273.9,0.003,13.38,2.0,3.0,0.0,23.52,82.2,340.8,340.0,0.0,2.54,3.16,2.926,337.0,334.7,0.2369999999999999,0.001,32.93,24.88,24.98,25.88,26.04,25.07,26.15,-69.23,25.58,25.88,337.4,27.72,38.79,38.75,38.89,33.25,33.2,27.47,12092.0,16783.0,16684.0,17017.0,14391.0,14417.0,11681.0,9.38,13.13,13.12,13.17,11.26,11.24,9.3,0.0,338.6,0.0,60.14,0.0,263.2,0.0,5.0,16.0,0.0,0.0,93.9,99.0,93.7,20.86,20.28,0.0,23.77,199.9,50.28,2.0,3.474,-1.0,0.98,2.2,4901
2016-03-31 12:54:00,99.1,101.6,100.2,1113583.0,62.9,59.9,60.0,81.09999999999998,43243.0,540.0,96893.0,1070317.0,79.68,0.998,5.617000000000001,79.87999999999998,0.0,275.1,274.1,275.9,0.772,272.2,0.531,272.0,0.842,273.9,0.004,13.62,2.0,3.0,0.0,23.52,89.79999999999998,352.1,352.2,0.0,2.579,3.1910000000000003,2.983,340.1,341.1,0.238,0.0,32.99,25.41,25.44,26.41,26.56,25.68,26.63,-20.56,25.98,26.36,343.7,27.57,38.46,38.25,38.43,32.85,33.11,27.1,12092.0,16783.0,16684.0,17017.0,14391.0,14417.0,11681.0,9.66,13.48,13.41,13.47,11.51,11.6,9.5,0.0,350.5,0.0,60.14,0.0,261.0,0.0,5.0,16.0,0.0,0.0,96.4,101.4,96.1,20.92,20.42,0.0,24.2,188.3,48.81,2.0,3.474,-1.0,2.487,5.5,4901
2016-03-31 12:55:00,91.8,94.0,92.8,1113585.0,62.9,59.9,60.0,74.84,43243.0,540.0,96893.0,1070318.0,73.79999999999998,0.998,4.6160000000000005,73.94,0.0,274.6,274.4,276.2,0.772,272.7,0.531,272.0,0.842,274.0,0.004,13.62,2.0,3.0,0.0,23.52,91.8,362.2,361.5,0.0,2.427,3.0,2.817,317.2,319.5,0.2369999999999999,0.0,32.99,25.57,25.59,26.73,26.86,25.96,26.91,-72.59999999999998,26.13,26.7,321.2,24.8,34.54,34.46,34.72,29.61,29.88,24.47,12092.0,16783.0,16684.0,17017.0,14392.0,14417.0,11681.0,8.92,12.42,12.39,12.48,10.65,10.74,8.8,0.0,359.9,0.0,60.13,0.0,238.8,0.0,5.0,16.0,0.0,0.0,89.2,93.9,88.9,21.01,20.42,0.0,24.38,181.2,19.08,2.0,,-1.0,3.513,21.5,4901
2016-03-31 12:56:00,83.79999999999998,86.0,84.9,1113586.0,62.9,59.9,60.0,68.17,43243.0,540.0,96893.0,1070319.0,67.18,0.999,3.507,67.27,0.0,274.6,274.2,276.0,0.772,272.3,0.531,272.0,0.842,274.0,0.003,13.62,2.0,3.0,0.0,23.52,86.29999999999998,355.5,354.8,0.0,2.21,2.7310000000000003,2.556,289.2,290.0,0.236,0.0,32.99,25.63,25.7,26.83,26.99,26.11,27.06,-94.7,26.38,26.93,291.8,23.17,32.13,32.02,32.28,27.55,27.64,22.62,12092.0,16783.0,16685.0,17018.0,14392.0,14417.0,11681.0,8.189999999999998,11.35,11.32,11.41,9.74,9.77,7.995,0.0,353.6,0.0,60.22,0.0,222.5,0.0,5.0,16.0,0.0,0.0,81.09999999999998,85.7,80.9,21.05,20.39,0.0,24.44,191.3,19.63,2.0,3.474,-1.0,3.98,8.0,4901
2016-03-31 12:57:00,78.79,81.09999999999998,79.95,1113587.0,62.9,59.9,60.0,64.0,43243.0,540.0,96893.0,1070320.0,63.28,0.999,2.873,63.35,0.0,274.3,274.1,275.9,0.772,272.0,0.531,272.0,0.842,274.0,0.003,13.62,2.0,3.0,0.0,23.52,79.06999999999998,358.1,358.3,0.0,2.094,2.573,2.4330000000000003,271.9,276.1,0.236,0.0,33.04,25.71,25.73,26.83,27.04,26.06,27.19,-25.27,26.48,26.93,277.8,21.6,29.74,29.51,30.03,25.63,25.84,20.9,12092.0,16784.0,16685.0,17018.0,14392.0,14418.0,11681.0,7.718,10.62,10.54,10.73,9.16,9.23,7.4689999999999985,0.0,357.7,0.0,60.15,0.0,208.8,0.0,5.0,16.0,0.0,0.0,76.31999999999998,80.79999999999998,76.15,21.05,20.41,0.0,24.55,208.3,30.45,2.0,3.475,-1.0,3.003,5.1,4901
2016-03-31 12:58:00,56.56,58.53,57.6,1113588.0,62.9,59.9,60.0,45.26,43243.0,540.0,96893.0,1070321.0,44.9,-0.1669999999999999,-0.136,44.9,0.0,274.3,273.7,275.5,0.772,272.0,0.531,272.0,0.842,273.9,0.01,13.43,2.0,1.0,0.0,23.53,74.4,371.8,371.0,0.0,1.578,1.923,1.854,201.8,208.9,0.233,0.0,33.09,25.71,25.81,26.78,26.99,25.94,27.07,-68.13,26.52,26.8,211.3,14.95,20.07,20.12,20.78,17.66,17.78,14.32,12093.0,16784.0,16685.0,17018.0,14392.0,14418.0,11682.0,5.526,7.417,7.434,7.678,6.525,6.568,5.291,0.0,369.6,0.0,60.14,0.0,151.4,0.0,5.0,16.0,0.0,0.0,54.11,57.82,53.87,20.95,20.5,0.0,24.52,225.3,39.94,2.0,3.473,-1.0,2.9730000000000003,7.1,4901
2016-03-31 12:59:00,42.46,44.55,43.51,1113588.0,62.9,59.9,60.0,33.51,43243.0,540.0,96893.0,1070322.0,33.28,-0.998,-2.077,33.35,0.0,274.0,273.6,275.4,0.772,272.0,0.531,272.0,0.842,274.0,-0.004,13.43,2.0,1.0,0.0,23.55,56.01,362.9,361.9,0.0,1.159,1.4169999999999998,1.357,149.1,152.8,0.233,0.001,33.09,25.23,25.27,26.36,26.61,25.56,26.61,-25.31,26.22,26.39,156.4,11.44,15.55,15.5,15.88,13.52,13.65,10.93,12093.0,16784.0,16685.0,17018.0,14392.0,14418.0,11682.0,4.127,5.609,5.59,5.727,4.875,4.923,3.943,0.0,360.6,0.0,60.14,0.0,120.0,0.0,5.0,16.0,0.0,0.0,40.07,43.56,39.93,20.98,20.41,0.0,23.99,178.5,21.87,2.0,3.474,-1.0,5.45,8.699999999999998,4901
2016-03-31 13:00:00,39.32,41.44,40.37,1113589.0,62.9,59.9,60.0,30.9,43243.0,540.0,96893.0,1070322.0,30.68,-0.997,-2.51,30.78,0.0,274.0,273.6,275.4,0.772,272.0,0.531,272.0,0.842,273.9,0.004,13.62,2.0,3.0,0.0,23.55,43.44,348.3,347.4,0.0,1.034,1.281,1.197,136.3,135.5,0.2319999999999999,0.0,33.09,24.69,24.69,25.7,25.94,24.9,25.91,-47.97,25.48,25.68,139.6,10.87,15.15,15.11,15.27,13.0,13.04,10.66,12093.0,16784.0,16685.0,17018.0,14392.0,14418.0,11682.0,3.763,5.2410000000000005,5.229,5.284,4.5,4.512,3.689,0.0,346.2,0.0,60.15,0.0,116.0,0.0,5.0,16.0,0.0,0.0,36.88,40.43,36.83,20.88,20.43,0.0,23.63,230.6,28.24,2.0,3.474,-1.0,2.835,7.0,4901
2016-03-31 13:01:00,42.63,44.97,43.78,1113589.0,62.9,59.9,60.0,33.76,43243.0,540.0,96893.0,1070323.0,33.41,-0.998,-2.0580000000000003,33.47,0.0,274.2,273.6,275.3,0.772,272.1,0.531,272.0,0.842,273.8,0.004,13.62,2.0,3.0,0.0,23.55,40.43,334.7,334.2,0.0,1.118,1.399,1.276,150.2,145.7,0.2319999999999999,0.0,33.09,24.53,24.48,25.33,25.53,24.55,25.55,-21.73,25.24,25.1,148.6,12.18,17.24,17.19,17.19,14.65,14.59,12.19,12093.0,16784.0,16685.0,17018.0,14392.0,14418.0,11682.0,4.052,5.734,5.7170000000000005,5.718,4.872,4.851,4.055,0.0,332.7,0.0,60.15,0.0,128.4,0.0,5.0,16.0,0.0,0.0,40.1,43.81,40.08,20.72,20.46,0.0,23.48,210.2,29.57,2.0,3.474,-1.0,3.893,7.4,4901
2016-03-31 13:02:00,44.8,47.01,45.88,1113590.0,62.9,59.9,60.0,35.52,43243.0,540.0,96893.0,1070323.0,35.16,-0.999,-1.77,35.21,0.0,273.9,273.8,275.5,0.772,272.0,0.531,272.0,0.842,273.9,0.003,13.62,2.0,3.0,0.0,23.55,43.03,342.9,341.4,0.0,1.164,1.459,1.3259999999999998,156.7,151.9,0.2319999999999999,0.0,33.09,24.24,24.22,25.04,25.21,24.21,25.27,-0.871,24.92,24.88,153.0,12.49,17.64,17.55,17.63,15.03,14.9,12.5,12093.0,16784.0,16685.0,17018.0,14392.0,14418.0,11682.0,4.254,6.011,5.981,6.007999999999999,5.121,5.078,4.26,0.0,340.9,0.0,60.15,0.0,131.2,0.0,5.0,16.0,0.0,0.0,42.24,45.94,42.15,20.76,20.37,0.0,23.27,224.4,36.84,2.0,3.474,-1.0,2.482,4.0,4901
2016-03-31 13:03:00,41.71,43.87,42.77,1113591.0,62.9,59.9,60.0,32.94,43243.0,540.0,96893.0,1070324.0,32.69,-0.998,-2.204,32.76,0.0,274.3,273.9,275.6,0.772,272.5,0.531,272.0,0.842,274.0,0.003,13.62,2.0,3.0,0.0,23.53,44.89,354.3,352.2,0.0,1.082,1.355,1.236,145.6,141.9,0.2319999999999999,0.0,33.09,24.05,24.09,24.84,24.9,23.94,24.99,-48.88,24.76,24.5,143.1,11.29,15.9,15.84,15.9,13.53,13.49,11.29,12093.0,16784.0,16686.0,17018.0,14392.0,14418.0,11682.0,3.972,5.593,5.573,5.591,4.76,4.743,3.971,0.0,351.8,0.0,60.18,0.0,120.5,0.0,5.0,16.0,0.0,0.0,39.31,42.81,39.2,20.62,20.36,0.0,23.09,240.9,25.16,2.0,3.474,-1.0,3.325,5.9,4901
2016-03-31 13:04:00,39.08,41.15,40.06,1113591.0,62.9,59.9,60.0,30.69,43243.0,540.0,96893.0,1070324.0,30.49,-0.996,-2.556,30.6,0.0,274.2,273.8,275.5,0.772,272.1,0.531,272.0,0.842,274.0,0.002,13.48,2.0,1.0,0.0,23.52,42.69,353.2,351.8,0.0,1.013,1.27,1.157,136.4,132.6,0.231,0.001,33.09,23.9,23.93,24.52,24.62,23.64,24.65,-118.1,24.5,24.18,133.7,10.62,14.89,14.81,14.95,12.71,12.58,10.52,12093.0,16784.0,16686.0,17019.0,14392.0,14418.0,11682.0,3.727,5.224,5.197,5.247000000000001,4.459,4.412,3.691,0.0,350.9,0.0,60.13,0.0,114.4,0.0,5.0,16.0,0.0,0.0,36.7,40.15,36.61,20.62,20.36,0.0,22.91,206.4,28.99,2.0,3.475,-1.0,4.062,7.3,4901
2016-03-31 13:05:00,34.72,36.86,35.79,1113592.0,62.9,59.9,60.0,27.11,43243.0,540.0,96893.0,1070325.0,26.99,-0.993,-3.153,27.18,0.0,274.1,274.0,275.7,0.772,272.6,0.531,272.0,0.842,274.0,0.004,13.62,2.0,3.0,0.0,23.52,40.38,356.6,354.8,0.0,0.909,1.139,1.041,122.2,119.3,0.231,0.0,33.09,23.5,23.53,24.2,24.28,23.31,24.3,-49.15,24.15,23.93,120.4,9.35,12.97,12.98,13.17,11.17,11.0,9.24,12093.0,16785.0,16686.0,17019.0,14392.0,14418.0,11682.0,3.314,4.595,4.601,4.668,3.959,3.896,3.272,0.0,354.4,0.0,60.14,0.0,103.7,0.0,5.0,16.0,0.0,0.0,32.55,35.91,32.52,20.69,20.33,0.0,22.53,217.4,37.3,2.0,3.475,-1.0,3.548,8.599999999999998,4901
2016-03-31 13:06:00,30.81,32.86,31.89,1113592.0,62.9,59.9,60.0,23.82,43243.0,540.0,96893.0,1070325.0,23.81,-0.988,-3.699,24.1,0.0,274.4,273.8,275.5,0.772,272.7,0.531,272.0,0.842,274.0,0.004,13.62,2.0,3.0,0.0,23.52,36.97,352.8,351.4,0.0,0.799,1.002,0.921,107.9,105.8,0.231,0.0,33.09,23.26,23.21,23.94,24.07,23.12,24.07,-49.79,23.94,23.82,108.1,8.37,11.7,11.63,11.72,9.97,9.99,8.25,12093.0,16785.0,16686.0,17019.0,14392.0,14418.0,11682.0,2.938,4.1080000000000005,4.08,4.115,3.5010000000000003,3.506,2.897,0.0,351.0,0.0,60.14,0.0,95.1,0.0,5.0,16.0,0.0,0.0,28.8,32.09,28.89,20.72,20.33,0.0,22.41,211.7,32.51,2.0,3.474,-1.0,1.608,4.0,4901
2016-03-31 13:07:00,31.09,33.11,32.09,1113592.0,62.9,59.9,60.0,24.01,43243.0,540.0,96893.0,1070326.0,23.95,-0.988,-3.67,24.23,0.0,274.1,273.8,275.4,0.772,272.0,0.531,272.0,0.842,273.8,0.003,13.62,2.0,3.0,0.0,23.5,33.57,344.0,342.3,0.0,0.7959999999999999,0.994,0.913,107.8,105.5,0.231,0.0,33.09,23.17,23.25,23.68,23.85,22.95,23.86,-23.4,23.82,23.53,108.0,8.65,12.13,12.04,12.12,10.34,10.34,8.529999999999998,12093.0,16785.0,16686.0,17019.0,14392.0,14418.0,11682.0,2.954,4.142,4.111000000000001,4.138999999999999,3.529,3.53,2.911,0.0,341.4,0.0,60.14,0.0,97.6,0.0,5.0,16.0,0.0,0.0,28.97,32.28,29.05,20.61,20.35,0.0,22.4,247.6,20.8,2.0,3.474,-1.0,2.175,4.2,4901
2016-03-31 13:08:00,31.66,33.69,32.66,1113593.0,62.9,59.9,60.0,24.49,43243.0,540.0,96893.0,1070326.0,24.44,-0.989,-3.587,24.71,0.0,274.0,273.7,275.4,0.772,272.0,0.531,272.0,0.842,273.7,0.004,13.62,2.0,3.0,0.0,23.49,33.58,344.3,343.0,0.0,0.8109999999999999,1.017,0.929,110.4,107.3,0.231,0.0,33.09,23.15,23.18,23.61,23.72,22.89,23.73,-23.3,23.7,23.36,109.1,8.76,12.34,12.27,12.34,10.52,10.47,8.73,12093.0,16785.0,16686.0,17019.0,14393.0,14418.0,11682.0,2.997,4.221,4.198,4.223,3.599,3.5810000000000004,2.986,0.0,342.1,0.0,60.15,0.0,98.9,0.0,5.0,16.0,0.0,0.0,29.58,32.89,29.61,20.62,20.36,0.0,22.3,204.6,17.73,2.0,3.474,-1.0,2.745,5.4,4901
2016-03-31 13:09:00,33.36,35.51,34.42,1113593.0,62.9,59.9,60.0,25.93,43243.0,540.0,96893.0,1070326.0,25.78,-0.992,-3.355,26.0,0.0,274.0,273.4,275.1,0.772,272.0,0.531,271.7,0.842,273.3,0.018,13.54,2.0,1.0,0.0,23.47,34.04,338.9,337.2,0.0,0.8509999999999999,1.074,0.969,117.3,112.2,0.23,0.0,33.09,22.86,22.94,23.41,23.57,22.77,23.58,-66.37,23.51,23.26,114.1,9.35,13.3,13.25,13.22,11.26,11.17,9.420000000000002,12093.0,16785.0,16686.0,17019.0,14393.0,14418.0,11682.0,3.142,4.47,4.455,4.444,3.786,3.757,3.1660000000000004,0.0,336.4,0.0,60.14,0.0,104.6,0.0,5.0,16.0,0.0,0.0,31.17,34.55,31.19,20.64,20.24,0.0,21.99,189.8,20.58,2.0,3.474,-1.0,4.82,9.6,4901
2016-03-31 13:10:00,37.57,39.81,38.65,1113594.0,62.9,59.9,60.0,29.48,43243.0,540.0,96893.0,1070327.0,29.25,-0.995,-2.776,29.38,0.0,274.0,273.5,275.3,0.772,272.0,0.531,272.0,0.842,273.0,-0.013,13.28,2.0,1.0,0.0,23.46,35.44,332.2,331.0,0.0,0.968,1.221,1.1,133.2,127.7,0.233,0.001,33.04,22.67,22.72,23.22,23.35,22.61,23.36,-50.34,23.24,23.09,128.8,10.74,15.31,15.24,15.18,12.95,12.86,10.84,12093.0,16785.0,16686.0,17019.0,14393.0,14418.0,11682.0,3.547,5.054,5.031000000000001,5.012,4.2780000000000005,4.245,3.58,0.0,330.2,0.0,60.18,0.0,116.9,0.0,5.0,16.0,0.0,0.0,35.25,38.76,35.18,20.69,20.23,0.0,21.83,210.9,23.3,2.0,3.473,-1.0,3.31,5.4,4901
2016-03-31 13:11:00,38.67,40.82,39.67,1113594.0,62.9,59.9,60.0,30.37,43243.0,540.0,96893.0,1070327.0,30.14,-0.996,-2.634,30.25,0.0,273.9,273.8,275.6,0.772,272.0,0.531,272.0,0.842,273.7,0.004,13.62,2.0,3.0,0.0,23.44,38.85,345.6,344.2,0.0,0.981,1.233,1.121,134.3,130.3,0.2319999999999999,0.0,32.99,22.56,22.67,23.12,23.29,22.57,23.3,-45.7,23.12,23.09,131.5,10.65,15.07,14.99,15.04,12.85,12.78,10.7,12093.0,16785.0,16686.0,17019.0,14393.0,14418.0,11682.0,3.658,5.178,5.15,5.165,4.415,4.391,3.675,0.0,343.5,0.0,60.22,0.0,116.2,0.0,5.0,16.0,0.0,0.0,36.34,39.77,36.17,20.64,20.24,0.0,21.75,193.2,37.47,2.0,3.474,-1.0,4.04,8.599999999999998,4901
2016-03-31 13:12:00,40.38,42.62,41.44,1113595.0,62.9,59.9,60.0,31.83,43243.0,540.0,96893.0,1070328.0,31.52,-0.997,-2.398,31.61,0.0,274.1,273.7,275.4,0.772,272.0,0.531,272.0,0.842,273.9,0.004,13.62,2.0,3.0,0.0,23.42,40.15,342.4,339.3,0.0,1.024,1.2819999999999998,1.172,140.2,136.5,0.2319999999999999,0.0,32.99,22.58,22.64,23.08,23.22,22.5,23.18,-23.97,22.98,23.04,138.7,11.34,15.98,15.94,15.96,13.63,13.59,11.32,12093.0,16785.0,16687.0,17019.0,14393.0,14418.0,11682.0,3.841,5.413,5.4,5.407,4.615,4.601,3.834,0.0,338.9,0.0,60.16,0.0,121.8,0.0,5.0,16.0,0.0,0.0,37.95,41.48,37.8,20.68,20.3,0.0,21.8,210.1,17.53,2.0,3.474,-1.0,3.873,7.1,4901
2016-03-31 13:13:00,45.5,47.83,46.59,1113596.0,62.9,59.9,60.0,36.12,43243.0,540.0,96893.0,1070329.0,35.67,-0.999,-1.692,35.72,0.0,273.9,273.5,275.3,0.772,272.0,0.531,272.0,0.842,273.2,0.004,13.62,2.0,3.0,0.0,23.41,41.69,333.1,333.5,0.0,1.166,1.4509999999999998,1.336,158.5,155.7,0.2319999999999999,0.0,32.99,22.66,22.69,23.08,23.26,22.5,23.21,-71.62,23.05,22.99,157.5,13.04,18.37,18.28,18.28,15.64,15.65,12.98,12093.0,16785.0,16687.0,17020.0,14393.0,14419.0,11682.0,4.335,6.107,6.079,6.077000000000001,5.2,5.205,4.317,0.0,332.5,0.0,60.14,0.0,136.6,0.0,5.0,16.0,0.0,0.0,42.9,46.64,42.75,20.6,20.23,0.0,21.8,217.9,14.6,2.0,3.474,-1.0,4.9,8.099999999999998,4901
2016-03-31 13:14:00,48.45,50.7,49.49,1113596.0,62.9,59.9,60.0,38.55,43243.0,540.0,96893.0,1070329.0,38.08,-0.999,-1.269,38.1,0.0,274.0,273.6,275.3,0.772,272.0,0.531,272.0,0.842,273.0,0.004,13.62,2.0,3.0,0.0,23.39,45.52,344.1,344.5,0.0,1.227,1.5219999999999998,1.41,165.9,164.1,0.233,0.0,32.94,22.69,22.74,23.11,23.26,22.55,23.3,-119.7,23.14,23.09,165.7,13.44,18.87,18.88,18.88,16.13,16.19,13.41,12094.0,16786.0,16687.0,17020.0,14393.0,14419.0,11682.0,4.617,6.484,6.489,6.487,5.544,5.564,4.609,0.0,343.6,0.0,60.13,0.0,140.6,0.0,5.0,16.0,0.0,0.0,45.85,49.57,45.62,20.64,20.22,0.0,21.9,200.0,26.7,2.0,3.474,-1.0,1.955,3.9,4901
2016-03-31 13:15:00,46.83,49.01,47.91,1113597.0,62.9,59.9,60.0,37.17,43243.0,540.0,96893.0,1070330.0,36.78,-0.999,-1.46,36.81,0.0,273.7,273.5,275.3,0.772,272.0,0.531,271.8,0.842,273.0,-0.0149999999999999,13.54,2.0,1.0,0.0,23.38,48.4,356.3,354.7,0.0,1.194,1.4780000000000002,1.375,160.5,159.5,0.2319999999999999,0.001,32.89,22.93,22.99,23.26,23.42,22.73,23.44,-93.5,23.32,23.31,161.1,12.63,17.57,17.56,17.79,15.19,15.16,12.53,12094.0,16786.0,16687.0,17020.0,14393.0,14419.0,11683.0,4.47,6.221,6.218,6.299,5.379,5.367000000000001,4.437,0.0,354.3,0.0,60.15,0.0,133.3,0.0,5.0,16.0,0.0,0.0,44.35,47.97,44.09,20.66,20.29,0.0,22.15,231.1,32.3,2.0,3.474,-1.0,1.878,3.1,4901
2016-03-31 13:16:00,43.41,45.64,44.48,1113597.0,62.9,59.9,60.0,34.33,43243.0,540.0,96893.0,1070330.0,33.99,-0.998,-1.953,34.04,0.0,273.8,273.6,275.3,0.772,272.0,0.531,271.9,0.842,273.0,0.022,13.54,2.0,3.0,0.0,23.35,47.47,354.5,352.4,0.0,1.105,1.376,1.264,149.9,146.8,0.233,0.001,32.89,23.12,23.15,23.37,23.51,22.84,23.58,-119.2,23.43,23.41,148.7,11.73,16.49,16.49,16.55,14.13,14.09,11.75,12094.0,16786.0,16687.0,17020.0,14393.0,14419.0,11683.0,4.125,5.797000000000001,5.797000000000001,5.82,4.968,4.953,4.13,0.0,351.7,0.0,60.14,0.0,125.9,0.0,5.0,16.0,0.0,0.0,40.96,44.51,40.76,20.63,20.33,0.0,22.28,191.2,28.16,2.0,3.474,-1.0,2.372,6.7,4901
2016-03-31 13:17:00,45.73,47.97,46.81,1113598.0,62.9,59.9,60.0,36.28,43243.0,540.0,96893.0,1070331.0,35.83,-0.999,-1.632,35.87,0.0,273.8,273.5,275.3,0.772,272.0,0.531,272.0,0.842,273.0,0.004,13.62,2.0,3.0,0.0,23.35,44.63,343.9,342.4,0.0,1.161,1.454,1.32,158.7,153.6,0.2319999999999999,0.0,32.85,23.04,23.12,23.37,23.56,22.89,23.59,-98.1,23.4,23.47,155.0,12.71,17.98,17.9,17.93,15.33,15.22,12.72,12094.0,16786.0,16687.0,17020.0,14393.0,14419.0,11683.0,4.343,6.143,6.114,6.125,5.236000000000001,5.199,4.345,0.0,341.6,0.0,60.14,0.0,134.3,0.0,5.0,16.0,0.0,0.0,43.15,46.82,42.94,20.72,20.21,0.0,22.13,181.0,18.76,2.0,3.474,-1.0,4.17,8.699999999999998,4901
2016-03-31 13:18:00,50.23,52.55,51.3,1113599.0,62.9,59.9,60.0,40.06,43243.0,540.0,96893.0,1070332.0,39.51,-1.0,-0.966,39.52,0.0,274.2,273.6,275.3,0.772,272.0,0.531,272.0,0.842,273.0,0.004,13.62,2.0,3.0,0.0,23.33,46.19,339.1,337.7,0.0,1.2819999999999998,1.598,1.463,174.3,170.3,0.233,0.0,32.8,22.89,22.97,23.37,23.56,22.92,23.65,-23.57,23.37,23.47,172.3,14.19,20.03,19.98,19.99,17.09,17.06,14.2,12094.0,16786.0,16687.0,17020.0,14393.0,14419.0,11683.0,4.783,6.749,6.734,6.736000000000001,5.761,5.747000000000001,4.784,0.0,337.0,0.0,60.14,0.0,147.2,0.0,5.0,16.0,0.0,0.0,47.53,51.39,47.32,20.74,20.19,0.0,21.99,178.5,20.68,2.0,3.474,-1.0,5.482,11.1,4901
2016-03-31 13:19:00,52.53,54.83,53.61,1113599.0,62.9,59.9,60.0,42.0,43243.0,540.0,96893.0,1070332.0,41.44,-1.0,-0.6099999999999999,41.45,0.0,274.2,273.8,275.6,0.772,272.0,0.531,272.0,0.842,273.6,0.004,13.62,2.0,3.0,0.0,23.32,49.92,348.8,347.0,0.0,1.335,1.6569999999999998,1.534,179.9,178.1,0.233,0.0,32.8,22.78,22.86,23.37,23.53,22.87,23.54,-19.29,23.21,23.47,179.8,14.47,20.27,20.29,20.41,17.44,17.44,14.46,12094.0,16786.0,16687.0,17020.0,14393.0,14419.0,11683.0,5.012,7.021,7.027,7.069,6.039,6.04,5.008,0.0,346.5,0.0,60.14,0.0,149.6,0.0,5.0,16.0,0.0,0.0,49.86,53.77,49.59,20.69,20.22,0.0,21.92,196.8,26.52,2.0,,-1.0,6.368,21.5,4901
2016-03-31 13:20:00,47.39,49.51,48.43,1113600.0,62.9,59.9,60.0,37.66,43243.0,540.0,96893.0,1070333.0,37.24,-0.999,-1.355,37.27,0.0,274.2,273.9,275.6,0.772,272.0,0.531,272.0,0.842,273.7,0.003,13.62,2.0,3.0,0.0,23.3,52.15,360.4,359.0,0.0,1.218,1.515,1.3969999999999998,163.9,161.3,0.233,0.0,32.77,22.78,22.91,23.37,23.58,22.92,23.59,-2.481,23.3,23.46,163.0,12.56,17.67,17.66,17.77,15.15,15.18,12.61,12094.0,16786.0,16688.0,17020.0,14394.0,14419.0,11683.0,4.499,6.332000000000001,6.325,6.365,5.4270000000000005,5.437,4.519,0.0,358.3,0.0,60.14,0.0,133.6,0.0,5.0,16.0,0.0,0.0,44.85,48.48,44.58,20.66,20.24,0.0,21.95,187.0,27.42,2.0,3.474,-1.0,3.568,5.6,4901
2016-03-31 13:21:00,47.45,49.75,48.54,1113601.0,62.9,59.9,60.0,37.79,43243.0,540.0,96893.0,1070334.0,37.27,-0.999,-1.359,37.3,0.0,274.3,273.9,275.6,0.772,272.0,0.531,272.0,0.842,273.9,0.003,13.51,2.0,1.0,0.0,23.29,48.12,347.0,345.1,0.0,1.208,1.511,1.379,164.1,159.6,0.2319999999999999,0.001,32.7,22.86,22.92,23.37,23.61,22.89,23.59,-23.75,23.35,23.47,162.6,13.05,18.46,18.53,18.56,15.82,15.74,13.2,12094.0,16786.0,16688.0,17021.0,14394.0,14419.0,11683.0,4.492,6.351,6.377000000000001,6.385,5.443,5.415,4.544,0.0,344.3,0.0,60.16,0.0,138.2,0.0,5.0,16.0,0.0,0.0,44.85,48.56,44.58,20.72,20.25,0.0,21.98,197.4,31.34,2.0,3.474,-1.0,2.745,5.1,4901
2016-03-31 13:22:00,52.85,55.13,53.94,1113602.0,62.9,59.9,60.0,42.31,43243.0,540.0,96893.0,1070334.0,41.69,-1.0,-0.582,41.69,0.0,274.6,274.1,275.7,0.772,272.1,0.531,272.0,0.842,274.0,0.004,13.62,2.0,3.0,0.0,23.29,48.01,336.2,335.2,0.0,1.361,1.703,1.551,184.8,179.6,0.233,0.0,32.7,22.86,22.9,23.43,23.62,22.95,23.65,-5.428,23.32,23.5,182.5,14.98,21.26,21.24,21.26,18.18,18.07,15.15,12094.0,16787.0,16688.0,17021.0,14394.0,14419.0,11683.0,5.012,7.112,7.108,7.114,6.081,6.046,5.067,0.0,334.6,0.0,60.14,0.0,155.3,0.0,5.0,16.0,0.0,0.0,50.05,54.05,49.87,20.74,20.27,0.0,22.01,200.1,27.73,2.0,,-1.0,5.672000000000001,21.3,4901
2016-03-31 13:23:00,59.92,62.28,61.04,1113602.0,62.9,59.9,60.0,48.25,43243.0,540.0,96893.0,1070335.0,47.54,0.933,0.462,47.55,0.0,274.4,274.2,275.9,0.772,272.0,0.531,272.0,0.842,274.0,0.004,13.62,2.0,3.0,0.0,23.27,52.21,336.8,334.5,0.0,1.55,1.941,1.766,210.6,204.4,0.233,0.0,32.62,22.9,22.93,23.51,23.67,22.98,23.69,-28.61,23.3,23.57,207.2,17.09,24.32,24.28,24.21,20.72,20.63,17.32,12094.0,16787.0,16688.0,17021.0,14394.0,14420.0,11683.0,5.704,8.12,8.109999999999998,8.08,6.919,6.8870000000000005,5.783,0.0,333.9,0.0,60.14,0.0,174.1,0.0,5.0,16.0,0.0,0.0,57.1,61.35,56.92,20.7,20.26,0.0,22.01,184.9,48.59,2.0,,-1.0,4.157,21.3,4901
2016-03-31 13:24:00,69.35,71.85,70.56,1113603.0,62.9,59.9,60.0,56.22,43243.0,540.0,96893.0,1070336.0,55.37,1.0,1.714,55.4,0.0,274.7,274.2,275.9,0.772,272.1,0.531,272.0,0.842,274.0,0.004,13.62,2.0,3.0,0.0,23.26,58.61,330.4,326.5,0.0,1.837,2.3,2.09,249.4,242.2,0.2349999999999999,0.0,32.61,23.2,23.22,23.79,23.91,23.24,23.94,-2.025,23.5,23.83,244.3,20.45,29.05,28.95,28.89,24.67,24.54,20.62,12094.0,16787.0,16688.0,17021.0,14394.0,14420.0,11683.0,6.653,9.45,9.420000000000002,9.4,8.019999999999998,7.984,6.707999999999999,0.0,325.5,0.0,60.13,0.0,202.9,0.0,5.0,16.0,0.0,0.0,66.53,71.13,66.49,20.8,20.36,0.0,22.41,192.1,23.89,2.0,3.475,-1.0,2.422,5.2,4901
2016-03-31 13:25:00,78.93,81.59999999999998,80.2,1113604.0,62.9,59.9,60.0,64.27,43243.0,540.0,96893.0,1070337.0,63.26,0.999,3.052,63.33,0.0,274.5,274.1,275.9,0.772,272.0,0.531,272.0,0.842,273.5,0.004,13.62,2.0,3.0,0.0,23.25,67.0,333.2,331.9,0.0,2.084,2.5980000000000003,2.381,280.1,274.8,0.236,0.0,32.61,23.57,23.59,24.2,24.31,23.61,24.34,-16.53,23.82,24.24,275.1,23.05,32.44,32.29,32.39,27.75,27.55,22.98,12094.0,16787.0,16688.0,17021.0,14394.0,14420.0,11683.0,7.627999999999998,10.74,10.69,10.72,9.18,9.12,7.607,0.0,330.9,0.0,60.14,0.0,225.6,0.0,5.0,16.0,0.0,0.0,76.19,81.09999999999998,76.12999999999998,20.87,20.36,0.0,22.65,187.8,17.34,2.0,3.474,-1.0,4.46,7.0,4901
2016-03-31 13:26:00,81.5,83.9,82.7,1113605.0,62.9,59.9,60.0,66.31,43243.0,540.0,96893.0,1070338.0,65.32,0.999,3.352,65.41,0.0,274.5,274.3,275.9,0.772,272.0,0.531,272.0,0.842,273.7,-0.0139999999999999,13.29,2.0,1.0,0.0,23.24,75.15999999999998,350.6,348.7,0.0,2.11,2.6210000000000004,2.424,280.8,278.4,0.2349999999999999,0.001,32.61,23.92,23.96,24.51,24.65,23.9,24.72,-22.98,24.14,24.61,278.7,22.68,31.75,31.65,31.91,27.28,27.22,22.5,12094.0,16787.0,16688.0,17021.0,14394.0,14420.0,11683.0,7.886,11.04,11.01,11.1,9.49,9.47,7.826,0.0,347.9,0.0,60.13,0.0,222.3,0.0,5.0,16.0,0.0,0.0,78.79,83.5,78.61,20.88,20.43,0.0,23.0,186.0,20.66,2.0,3.474,-1.0,3.13,6.2,4901
2016-03-31 13:27:00,79.09,81.5,80.29999999999998,1113607.0,62.9,59.9,60.0,64.27,43243.0,540.0,96893.0,1070339.0,63.36,0.999,3.016,63.43,0.0,274.2,274.1,275.8,0.772,272.0,0.531,272.0,0.842,273.4,0.019,13.29,2.0,1.0,0.0,23.24,77.90999999999998,361.3,358.9,0.0,2.059,2.545,2.374,271.6,271.6,0.2369999999999999,0.001,32.61,24.19,24.22,24.89,25.02,24.23,25.07,25.35,24.59,24.97,272.4,21.38,29.88,29.74,30.02,25.7,25.8,21.16,12095.0,16787.0,16689.0,17022.0,14395.0,14420.0,11684.0,7.657999999999999,10.7,10.65,10.75,9.2,9.24,7.58,0.0,358.2,0.0,60.14,0.0,210.9,0.0,5.0,16.0,0.0,0.0,76.48,81.0,76.23999999999998,20.98,20.45,0.0,23.29,199.8,19.27,2.0,3.474,-1.0,3.632,6.6,4901
2016-03-31 13:28:00,72.76,75.08,73.95999999999998,1113608.0,62.9,59.9,60.0,58.96,43243.0,540.0,96893.0,1070340.0,58.2,0.999,2.145,58.24,0.0,274.6,274.1,275.8,0.772,272.0,0.531,272.0,0.842,274.0,0.004,13.62,2.0,3.0,0.0,23.24,74.84999999999998,360.4,359.0,0.0,1.898,2.34,2.197,249.8,251.4,0.2349999999999999,0.0,32.61,24.41,24.44,25.15,25.31,24.49,25.35,4.188,24.94,25.22,253.7,19.68,27.25,27.34,27.67,23.58,23.64,19.42,12095.0,16788.0,16689.0,17022.0,14395.0,14420.0,11684.0,7.061,9.78,9.81,9.93,8.46,8.48,6.969,0.0,358.7,0.0,60.17,0.0,195.2,0.0,5.0,16.0,0.0,0.0,70.16,74.56,69.98,21.03,20.49,0.0,23.43,194.6,21.0,2.0,3.474,-1.0,4.01,6.6,4901
2016-03-31 13:29:00,71.88,74.17,73.06,1113609.0,62.9,59.9,60.0,58.21,43243.0,540.0,96893.0,1070341.0,57.45,0.999,1.987,57.49,0.0,274.0,274.0,275.7,0.772,272.0,0.531,272.0,0.842,273.2,0.004,13.62,2.0,3.0,0.0,23.24,70.37,352.3,351.8,0.0,1.866,2.297,2.157,245.4,246.9,0.2349999999999999,0.0,32.61,24.41,24.46,25.26,25.4,24.57,25.44,25.73,25.06,25.31,250.2,19.88,27.51,27.64,27.92,23.77,23.82,19.57,12095.0,16788.0,16689.0,17022.0,14395.0,14420.0,11684.0,6.98,9.66,9.71,9.8,8.349999999999998,8.359999999999998,6.871,0.0,351.1,0.0,60.13,0.0,196.4,0.0,5.0,16.0,0.0,0.0,69.23,73.64,69.09,21.08,20.5,0.0,23.39,202.0,19.56,2.0,3.475,-1.0,3.945,5.8,4901
2016-03-31 13:30:00,70.29,72.61,71.48,1113609.0,62.9,59.9,60.0,56.86,43243.0,540.0,96894.0,1070342.0,56.16,1.0,1.775,56.19,0.0,274.3,273.9,275.5,0.772,272.0,0.531,272.0,0.842,273.0,0.004,13.62,2.0,3.0,0.0,23.24,69.19,355.9,354.9,0.0,1.829,2.254,2.112,240.6,241.6,0.2349999999999999,0.0,32.69,24.38,24.43,25.27,25.42,24.6,25.47,25.72,24.94,25.32,244.4,19.3,26.74,26.79,27.03,23.05,23.1,18.94,12095.0,16788.0,16689.0,17022.0,14395.0,14421.0,11684.0,6.837000000000001,9.47,9.49,9.58,8.17,8.179999999999998,6.71,0.0,354.3,0.0,60.15,0.0,190.9,0.0,5.0,16.0,0.0,0.0,67.71,72.03,67.56,21.04,20.48,0.0,23.31,189.8,16.12,2.0,3.474,-1.0,4.455,7.1,4901
2016-03-31 13:31:00,68.62,70.91,69.77,1113610.0,62.9,59.9,60.0,55.46,43243.0,540.0,96894.0,1070343.0,54.77,1.0,1.54,54.79,0.0,274.2,274.0,275.7,0.772,272.0,0.531,272.0,0.842,273.2,0.004,13.62,2.0,3.0,0.0,23.24,67.96,356.1,355.1,0.0,1.786,2.207,2.063,235.4,236.1,0.2349999999999999,0.0,32.7,24.48,24.51,25.32,25.44,24.57,25.47,0.023,25.02,25.41,238.4,18.83,26.06,26.05,26.37,22.46,22.48,18.41,12095.0,16788.0,16689.0,17022.0,14395.0,14421.0,11684.0,6.672000000000001,9.23,9.23,9.340000000000002,7.958999999999999,7.966,6.522,0.0,354.4,0.0,60.16,0.0,186.7,0.0,5.0,16.0,0.0,0.0,66.0,70.28,65.85,21.06,20.55,0.0,23.48,213.6,26.16,2.0,3.474,-1.0,2.362,4.0,4901
2016-03-31 13:32:00,60.53,62.63,61.59,1113611.0,62.9,59.9,60.0,48.61,43243.0,540.0,96894.0,1070344.0,48.04,0.7329999999999999,0.432,48.04,0.0,274.4,273.8,275.5,0.772,272.0,0.531,272.0,0.842,273.1,-0.0459999999999999,13.29,2.0,1.0,0.0,23.24,66.34,364.8,362.9,0.0,1.595,1.966,1.842,210.1,211.1,0.2339999999999999,0.001,32.72,24.61,24.62,25.47,25.56,24.7,25.62,25.96,25.28,25.57,212.7,16.3,22.32,22.27,22.8,19.41,19.31,15.77,12095.0,16788.0,16689.0,17022.0,14395.0,14421.0,11684.0,5.899,8.08,8.06,8.25,7.023,6.989,5.706,0.0,361.9,0.0,60.13,0.0,163.9,0.0,5.0,16.0,0.0,0.0,57.88,61.82,57.66,21.12,20.6,0.0,23.59,202.0,17.27,2.0,3.473,-1.0,2.99,5.5,4901
2016-03-31 13:33:00,52.57,54.77,53.68,1113612.0,62.9,59.9,60.0,42.0,43243.0,540.0,96894.0,1070344.0,41.48,-1.0,-0.692,41.49,0.0,274.2,273.8,275.5,0.772,272.0,0.531,272.0,0.842,273.4,0.055,13.36,2.0,3.0,0.0,23.24,59.78,360.8,359.6,0.0,1.376,1.696,1.588,181.8,182.5,0.2339999999999999,0.001,32.8,24.53,24.59,25.27,25.4,24.52,25.45,-20.19,25.2,25.42,184.9,14.26,19.59,19.5,19.9,16.92,16.91,13.74,12095.0,16788.0,16689.0,17022.0,14395.0,14421.0,11684.0,5.11,7.022,6.989,7.134,6.067,6.06,4.925,0.0,358.5,0.0,60.13,0.0,145.7,0.0,5.0,16.0,0.0,0.0,49.94,53.69,49.73,21.1,20.58,0.0,23.49,197.7,14.99,2.0,3.474,-1.0,4.075,7.2,4901
2016-03-31 13:34:00,46.31,48.42,47.33,1113613.0,62.9,59.9,60.0,36.73,43243.0,540.0,96894.0,1070345.0,36.38,-0.999,-1.578,36.42,0.0,274.0,273.7,275.5,0.772,272.0,0.531,272.0,0.842,273.6,0.004,13.62,2.0,3.0,0.0,23.24,52.57,360.3,359.3,0.0,1.221,1.506,1.408,160.8,161.3,0.233,0.0,32.8,24.33,24.4,24.97,25.15,24.33,25.22,-22.25,24.94,25.27,163.9,12.49,17.23,17.17,17.46,14.85,14.88,12.11,12095.0,16788.0,16689.0,17022.0,14395.0,14421.0,11684.0,4.471,6.17,6.149,6.252000000000001,5.318,5.3260000000000005,4.337,0.0,358.1,0.0,60.15,0.0,130.9,0.0,5.0,16.0,0.0,0.0,43.82,47.37,43.59,21.09,20.61,0.0,23.37,203.5,54.67,2.0,3.474,-1.0,1.6230000000000002,4.2,4901
2016-03-31 13:35:00,39.4,41.44,40.39,1113613.0,62.9,59.9,60.0,30.95,43243.0,540.0,96894.0,1070346.0,30.73,-0.997,-2.545,30.84,0.0,274.0,273.9,275.6,0.772,272.0,0.531,272.0,0.842,274.0,0.004,13.62,2.0,3.0,0.0,23.24,47.15,358.2,357.3,0.0,1.041,1.2919999999999998,1.199,137.6,136.8,0.2319999999999999,0.0,32.86,24.22,24.24,24.86,25.02,24.16,25.1,-0.91,24.84,24.98,140.0,10.58,14.76,14.68,14.8,12.58,12.69,10.38,12095.0,16788.0,16690.0,17022.0,14395.0,14421.0,11684.0,3.769,5.257999999999999,5.227,5.272,4.48,4.52,3.697,0.0,356.2,0.0,60.14,0.0,114.8,0.0,5.0,16.0,0.0,0.0,37.05,40.43,36.9,21.05,20.64,0.0,23.22,225.0,13.08,2.0,3.474,-1.0,3.898,7.7,4901
2016-03-31 13:36:00,38.37,40.49,39.38,1113614.0,62.9,59.9,60.0,30.11,43243.0,540.0,96894.0,1070346.0,29.92,-0.996,-2.677,30.04,0.0,274.0,273.6,275.5,0.772,272.0,0.531,272.0,0.842,274.0,0.004,13.62,2.0,3.0,0.0,23.24,41.1,346.7,347.0,0.0,0.997,1.24,1.145,132.6,130.9,0.2319999999999999,0.0,32.89,23.93,23.92,24.55,24.71,23.88,24.8,-18.16,24.47,24.64,134.8,10.6,14.81,14.81,14.88,12.65,12.71,10.49,12095.0,16788.0,16690.0,17023.0,14395.0,14421.0,11684.0,3.661,5.117,5.117,5.14,4.371,4.39,3.624,0.0,345.5,0.0,60.15,0.0,114.7,0.0,5.0,16.0,0.0,0.0,36.04,39.49,35.92,20.96,20.63,0.0,22.95,205.8,31.31,2.0,3.474,-1.0,3.737,8.5,4901
2016-03-31 13:37:00,37.31,39.4,38.33,1113614.0,62.9,59.9,60.0,29.22,43244.0,540.0,96894.0,1070347.0,29.05,-0.995,-2.821,29.18,0.0,274.1,273.7,275.5,0.772,272.0,0.531,272.0,0.842,274.0,0.004,13.62,2.0,3.0,0.0,23.24,39.78,349.0,348.5,0.0,0.972,1.215,1.118,129.1,127.0,0.2319999999999999,0.0,32.93,23.63,23.65,24.33,24.5,23.73,24.59,-37.94,24.35,24.35,130.9,10.2,14.27,14.26,14.38,12.25,12.26,10.16,12095.0,16789.0,16690.0,17023.0,14396.0,14421.0,11684.0,3.5410000000000004,4.957,4.952,4.994,4.254,4.257,3.527,0.0,347.4,0.0,60.14,0.0,111.6,0.0,5.0,16.0,0.0,0.0,35.0,38.41,34.9,20.93,20.53,0.0,22.73,216.2,30.7,2.0,3.474,-1.0,2.327,5.2,4901
2016-03-31 13:38:00,35.82,37.89,36.79,1113615.0,62.9,59.9,60.0,27.96,43244.0,540.0,96894.0,1070347.0,27.76,-0.994,-3.029,27.93,0.0,274.1,273.6,275.4,0.772,272.0,0.531,272.0,0.842,274.0,-0.0279999999999999,13.31,2.0,1.0,0.0,23.24,38.96,348.3,347.7,0.0,0.936,1.182,1.072,124.8,120.5,0.2319999999999999,0.001,32.99,23.53,23.61,24.2,24.39,23.61,24.49,-1.682,24.28,24.16,124.6,9.69,13.68,13.74,13.81,11.74,11.64,9.840000000000002,12096.0,16789.0,16690.0,17023.0,14396.0,14421.0,11684.0,3.358,4.7410000000000005,4.762,4.7860000000000005,4.07,4.035,3.41,0.0,346.6,0.0,60.12,0.0,108.1,0.0,5.0,16.0,0.0,0.0,33.5,36.87,33.41,20.89,20.55,0.0,22.72,214.9,37.61,2.0,3.474,-1.0,1.925,3.9,4901
2016-03-31 13:39:00,38.94,41.17,40.01,1113615.0,62.9,59.9,60.0,30.64,43244.0,540.0,96894.0,1070348.0,30.32,-0.996,-2.61,30.44,0.0,274.4,273.7,275.5,0.772,272.0,0.531,272.0,0.842,274.0,0.034,13.62,2.0,3.0,0.0,23.24,37.66,335.5,333.9,0.0,1.022,1.305,1.159,138.5,130.4,0.2319999999999999,0.001,32.99,23.4,23.45,24.12,24.28,23.43,24.33,-41.44,24.17,24.05,135.2,10.93,15.74,15.76,15.65,13.35,13.2,11.3,12096.0,16789.0,16690.0,17023.0,14396.0,14421.0,11685.0,3.633,5.231,5.24,5.204,4.438,4.387,3.756,0.0,332.9,0.0,60.18,0.0,119.4,0.0,5.0,16.0,0.0,0.0,36.46,40.02,36.41,20.94,20.51,0.0,22.52,199.5,16.49,2.0,3.475,-1.0,3.117,5.5,4901
2016-03-31 13:40:00,51.12,53.54,52.33,1113616.0,62.9,59.9,60.0,40.89,43244.0,540.0,96894.0,1070348.0,40.29,-0.9,-0.924,40.31,0.0,274.0,273.8,275.6,0.772,272.0,0.531,272.0,0.842,273.9,0.004,13.62,2.0,3.0,0.0,23.23,40.02,312.7,311.3,0.0,1.419,1.807,1.596,192.6,181.1,0.233,0.0,32.99,23.39,23.47,24.1,24.23,23.38,24.3,-23.02,23.96,24.05,184.5,15.54,22.39,22.32,22.1,18.87,18.64,15.98,12096.0,16789.0,16690.0,17023.0,14396.0,14421.0,11685.0,4.819,6.944,6.921,6.853,5.851,5.781000000000001,4.957,0.0,310.8,0.0,60.17,0.0,159.9,0.0,5.0,16.0,0.0,0.0,48.38,52.32,48.3,20.96,20.51,0.0,22.58,205.4,27.2,2.0,3.474,-1.0,3.695,6.4,4901
2016-03-31 13:41:00,60.58,62.97,61.8,1113617.0,62.9,59.9,60.0,48.81,43244.0,540.0,96894.0,1070349.0,48.16,0.967,0.3989999999999999,48.16,0.0,274.2,274.1,275.8,0.772,272.0,0.531,272.0,0.842,274.0,0.004,13.62,2.0,3.0,0.0,23.24,49.93,308.3,307.1,0.0,1.724,2.177,1.957,230.0,221.1,0.2339999999999999,0.0,32.99,23.65,23.71,24.35,24.41,23.64,24.54,-96.9,24.19,24.31,222.4,18.76,26.76,26.62,26.62,22.79,22.52,19.15,12096.0,16789.0,16690.0,17023.0,14396.0,14422.0,11685.0,5.747999999999999,8.199999999999998,8.15,8.15,6.98,6.899,5.865,0.0,306.3,0.0,60.15,0.0,188.6,0.0,5.0,16.0,0.0,0.0,57.84,62.03,57.78,20.95,20.48,0.0,22.8,195.1,19.11,2.0,3.474,-1.0,2.902,5.7,4901
2016-03-31 13:42:00,58.55,60.88,59.73,1113618.0,62.9,59.9,60.0,47.07,43244.0,540.0,96894.0,1070350.0,46.43,1.0,0.1719999999999999,46.43,0.0,274.1,273.9,275.6,0.772,272.0,0.531,272.0,0.842,273.6,0.004,13.62,2.0,3.0,0.0,23.22,58.12,325.3,324.7,0.0,1.584,1.995,1.811,210.6,204.4,0.2339999999999999,0.0,32.99,23.87,23.95,24.62,24.7,23.9,24.85,-70.52,24.48,24.59,206.8,17.14,24.36,24.27,24.34,20.89,20.69,17.49,12096.0,16789.0,16690.0,17023.0,14396.0,14422.0,11685.0,5.539,7.872,7.845,7.866,6.752999999999999,6.688,5.654,0.0,323.3,0.0,60.2,0.0,174.2,0.0,5.0,16.0,0.0,0.0,55.8,59.92,55.69,20.99,20.53,0.0,23.05,227.3,49.06,2.0,3.475,-1.0,1.072,2.8,4901
2016-03-31 13:43:00,58.59,60.87,59.76,1113618.0,62.9,59.9,60.0,47.12,43244.0,540.0,96894.0,1070351.0,46.52,0.967,0.226,46.52,0.0,274.4,274.1,275.8,0.772,272.0,0.531,272.0,0.842,273.9,0.004,13.62,2.0,3.0,0.0,23.21,56.64,342.6,341.0,0.0,1.544,1.951,1.754,206.1,197.8,0.233,0.0,33.07,23.97,24.03,24.73,24.81,23.96,24.9,-117.9,24.61,24.71,200.3,16.25,23.23,23.22,23.23,19.9,19.67,16.71,12096.0,16789.0,16690.0,17023.0,14396.0,14422.0,11685.0,5.53,7.909,7.904,7.906,6.773,6.695,5.687,0.0,340.5,0.0,60.23,0.0,167.1,0.0,5.0,16.0,0.0,0.0,55.93,59.98,55.73,20.99,20.55,0.0,23.1,212.7,30.19,2.0,3.474,-1.0,3.23,5.6,4901
2016-03-31 13:44:00,55.0,57.13,56.08,1113619.0,62.9,59.9,60.0,44.04,43244.0,540.0,96894.0,1070351.0,43.52,-0.567,-0.2899999999999999,43.52,0.0,274.4,274.0,275.7,0.772,272.0,0.531,272.0,0.842,273.9,0.0,13.3,2.0,1.0,0.0,23.21,57.26,357.2,356.4,0.0,1.461,1.863,1.65,194.9,183.7,0.2339999999999999,0.001,33.09,24.03,24.09,24.81,24.87,24.04,24.97,-69.46,24.65,24.74,185.6,14.47,20.84,20.86,20.93,17.88,17.5,15.1,12096.0,16789.0,16691.0,17024.0,14396.0,14422.0,11685.0,5.142,7.405,7.412,7.434999999999999,6.352,6.218,5.365,0.0,355.4,0.0,60.2,0.0,152.2,0.0,5.0,16.0,0.0,0.0,52.37,56.2,52.1,21.02,20.55,0.0,23.12,200.7,17.98,2.0,3.474,-1.0,5.058,8.8,4901
2016-03-31 13:45:00,54.01,56.23,55.08,1113620.0,62.9,59.9,60.0,43.25,43244.0,540.0,96894.0,1070352.0,42.66,-0.967,-0.487,42.66,0.0,274.5,274.1,275.8,0.772,272.0,0.531,272.0,0.842,274.0,0.0069999999999999,13.62,2.0,3.0,0.0,23.21,54.36,349.4,347.5,0.0,1.432,1.851,1.608,192.8,177.6,0.233,0.001,33.09,23.9,23.95,24.78,24.79,24.01,24.87,-22.5,24.57,24.66,180.7,14.41,21.19,21.16,21.01,17.91,17.57,15.33,12096.0,16790.0,16691.0,17024.0,14396.0,14422.0,11685.0,4.9910000000000005,7.337,7.327,7.276,6.202000000000001,6.082999999999999,5.306,0.0,346.4,0.0,60.14,0.0,153.0,0.0,5.0,16.0,0.0,0.0,51.28,55.15,51.05,20.99,20.55,0.0,22.97,203.2,19.16,2.0,3.474,-1.0,3.513,7.3,4901
2016-03-31 13:46:00,69.08,71.51,70.29,1113621.0,62.9,59.9,60.0,55.98,43244.0,540.0,96894.0,1070353.0,55.13,0.966,1.58,55.15,0.0,274.5,274.3,276.0,0.772,272.1,0.531,272.0,0.842,274.0,0.004,13.62,2.0,3.0,0.0,23.21,53.44,333.0,330.7,0.0,1.88,2.437,2.106,255.2,233.9,0.2339999999999999,0.0,33.09,23.92,23.97,24.89,24.86,24.04,24.94,-48.99,24.63,24.77,234.9,19.78,29.07,28.75,28.45,24.16,23.59,20.55,12096.0,16790.0,16691.0,17024.0,14396.0,14422.0,11685.0,6.523,9.590000000000002,9.48,9.38,7.967,7.781,6.777,0.0,330.2,0.0,60.13,0.0,199.3,0.0,5.0,16.0,0.0,0.0,66.27,70.71,66.19,21.08,20.55,0.0,23.0,182.6,19.19,2.0,,-1.0,3.66,21.7,4901
2016-03-31 13:47:00,80.2,82.7,81.4,1113622.0,62.9,59.9,60.0,65.32,43244.0,540.0,96894.0,1070354.0,64.3,0.999,3.1210000000000004,64.38,0.0,274.5,274.3,276.0,0.772,272.0,0.531,272.0,0.842,274.0,0.004,13.62,2.0,3.0,0.0,23.21,66.31,328.5,327.9,0.0,2.212,2.852,2.49,296.3,274.6,0.236,0.0,33.09,24.29,24.32,25.25,25.18,24.35,25.24,-48.53,24.84,25.05,275.9,22.96,33.67,33.57,33.25,28.42,27.81,24.33,12096.0,16790.0,16691.0,17024.0,14397.0,14422.0,11685.0,7.518,11.03,10.99,10.89,9.31,9.11,7.967,0.0,327.4,0.0,60.14,0.0,229.9,0.0,5.0,16.0,0.0,0.0,77.45,82.2,77.36,21.1,20.59,0.0,23.39,181.5,16.66,2.0,3.474,-1.0,3.492,5.2,4901
2016-03-31 13:48:00,92.4,94.8,93.4,1113623.0,62.9,59.9,60.0,75.43,43244.0,540.0,96894.0,1070355.0,74.09,0.998,4.785,74.23999999999998,0.0,274.7,274.5,276.2,0.772,272.0,0.531,272.0,0.842,274.0,0.004,13.62,2.0,3.0,0.0,23.21,75.54999999999998,334.6,332.2,0.0,2.525,3.232,2.854,336.5,315.3,0.2369999999999999,0.0,33.09,24.61,24.62,25.66,25.55,24.76,25.62,-95.6,25.11,25.4,316.8,26.48,38.49,38.21,37.87,32.3,31.82,27.51,12097.0,16790.0,16691.0,17024.0,14397.0,14422.0,11686.0,8.779999999999998,12.76,12.67,12.56,10.71,10.55,9.12,0.0,331.7,0.0,60.14,0.0,258.2,0.0,5.0,16.0,0.0,0.0,89.4,94.5,89.29999999999998,21.16,20.6,0.0,23.65,215.6,26.65,2.0,3.475,-1.0,1.988,3.5,4901
2016-03-31 13:49:00,109.3,111.9,110.4,1113625.0,62.9,59.9,60.0,89.7,43244.0,540.0,96894.0,1070357.0,87.9,0.997,7.207999999999998,88.2,0.0,275.2,274.7,276.4,0.772,272.0,0.531,272.0,0.842,274.0,0.006,13.62,2.0,3.0,0.0,23.23,86.4,327.5,325.8,0.0,3.039,3.893,3.444,404.4,379.9,0.2389999999999999,0.0,33.09,25.4,25.37,26.43,26.22,25.42,26.4,-89.4,25.82,26.01,381.4,31.46,45.97,46.01,45.78,39.37,38.45,33.39,12097.0,16790.0,16692.0,17024.0,14397.0,14423.0,11686.0,10.23,14.95,14.97,14.89,12.81,12.51,10.86,0.0,325.3,0.0,60.14,0.0,305.7,0.0,5.0,16.0,0.0,0.0,106.3,111.9,106.2,21.24,20.86,0.0,24.55,223.0,52.77,2.0,3.475,-1.0,1.168,2.9,4901
2016-03-31 13:50:00,130.9,133.2,131.7,1113626.0,62.9,59.9,60.0,107.8,43244.0,540.0,96894.0,1070358.0,105.3,0.995,10.31,105.8,0.0,275.4,275.0,276.6,0.772,272.0,0.531,272.0,0.842,274.0,-0.006,13.24,2.0,1.0,0.0,23.24,100.1,334.8,331.0,0.0,3.576,4.557,4.038,480.5,452.0,0.2419999999999999,0.002,33.09,26.42,26.35,27.2,26.92,26.16,27.12,-46.72,26.59,26.72,458.8,37.83,54.96,54.91,54.7,46.89,45.38,38.26,12097.0,16791.0,16692.0,17025.0,14397.0,14423.0,11686.0,12.51,18.17,18.15,18.08,15.5,15.0,12.65,0.0,330.6,0.0,60.14,0.0,357.4,0.0,5.0,16.0,0.0,0.0,127.7,133.6,127.6,21.23,20.99,0.0,25.32,192.0,38.26,2.0,3.474,-1.0,1.6780000000000002,2.8,4901
2016-03-31 13:51:00,149.1,151.3,149.7,1113628.0,62.9,59.9,60.0,123.0,43244.0,540.0,96894.0,1070360.0,120.7,0.994,13.11,121.4,0.0,275.7,275.3,276.8,0.772,272.2,0.531,272.0,0.842,274.0,0.009,13.62,2.0,3.0,0.0,23.26,119.7,333.3,332.1,0.0,4.106,5.267,4.679,544.3,514.5,0.2439999999999999,0.001,33.09,27.4,27.3,28.25,27.97,27.22,28.16,-19.36,27.41,27.81,526.9,40.84,60.04,61.94,61.43,54.04,52.87,47.29,12097.0,16791.0,16692.0,17025.0,14398.0,14423.0,11686.0,13.5,19.85,20.48,20.3,17.86,17.48,15.63,0.0,330.8,0.0,60.17,0.0,405.8,0.0,5.0,16.0,0.0,0.0,146.7,152.7,146.4,21.42,20.91,0.0,26.09,181.6,21.95,2.0,3.474,-1.0,2.975,4.9,4901
2016-03-31 13:52:00,174.7,176.7,174.9,1113631.0,62.9,59.9,60.0,144.4,43244.0,540.0,96894.0,1070363.0,141.0,0.993,16.76,142.0,0.0,275.9,275.4,277.0,0.772,272.3,0.531,272.0,0.842,274.0,0.004,13.62,2.0,3.0,0.0,23.3,135.2,335.3,333.8,0.0,4.79,6.087000000000001,5.416,645.0,609.4,0.245,0.0,33.1,28.31,28.3,29.53,28.98,28.1,29.24,3.782,28.37,28.9,620.2,50.69,73.45,73.59999999999998,72.83,61.87,61.25,51.92,12097.0,16791.0,16693.0,17025.0,14398.0,14424.0,11686.0,16.88,24.46,24.51,24.26,20.6,20.4,17.29,0.0,333.0,0.0,60.14,0.0,471.0,0.0,5.0,16.0,0.0,0.0,172.0,177.9,171.7,21.6,20.92,0.0,26.82,205.5,23.28,2.0,3.474,-1.0,2.705,5.0,4901
2016-03-31 13:53:00,199.5,200.9,199.1,1113633.0,62.9,59.9,60.0,165.1,43244.0,540.0,96895.0,1070366.0,162.6,0.976,20.74,163.9,0.0,276.0,275.7,277.4,0.772,272.4,0.531,272.0,0.842,274.0,0.004,13.62,2.0,3.0,0.0,23.35,156.2,336.1,334.7,0.0,5.581,7.165,6.359,737.7999999999998,697.1,0.251,0.0,33.18,29.77,29.8,31.41,30.59,29.68,30.96,5.469,29.83,30.35,711.5,54.91,80.29999999999998,82.29999999999998,81.59999999999998,71.86,70.47,62.9,12098.0,16792.0,16693.0,17026.0,14398.0,14424.0,11687.0,18.32,26.79,27.45,27.2,23.96,23.5,20.96,0.0,334.2,0.0,60.14,0.0,539.5,0.0,5.0,16.0,0.0,0.0,199.0,204.2,198.6,21.8,21.08,0.0,27.97,195.4,14.7,2.0,3.474,-1.0,3.978,5.8,4901
2016-03-31 13:54:00,136.7,138.8,137.5,1113635.0,62.9,59.9,60.0,112.6,43244.0,540.0,96895.0,1070367.0,110.2,0.995,10.97,110.7,0.0,275.2,274.9,276.6,0.772,272.4,0.531,272.0,0.842,274.0,0.004,13.62,2.0,3.0,0.0,23.41,177.8,350.6,349.9,0.0,3.766,4.7330000000000005,4.272,495.2,475.7,0.2419999999999999,0.0,33.2,29.78,29.99,31.77,31.06,29.88,31.36,-16.53,30.3,30.91,472.7,38.57,54.7,54.05,53.9,45.44,45.14,37.81,12098.0,16792.0,16693.0,17026.0,14399.0,14424.0,11687.0,13.46,19.09,18.87,18.81,15.86,15.76,13.2,0.0,349.1,0.0,60.14,0.0,357.4,0.0,5.0,16.0,0.0,0.0,133.8,139.4,133.5,21.92,21.08,0.0,27.84,185.8,17.4,2.0,3.474,-1.0,4.368,5.8,4901
2016-03-31 13:55:00,177.9,179.3,177.7,1113638.0,62.9,59.9,60.0,146.8,43244.0,540.0,96895.0,1070370.0,143.9,0.993,17.1,144.9,0.0,275.8,275.3,277.0,0.772,272.3,0.531,272.0,0.842,274.0,0.004,13.62,2.0,3.0,0.0,23.49,142.9,350.1,350.2,0.0,4.971,6.386,5.632000000000001,659.9,619.1,0.246,0.0,33.28,30.03,30.14,32.22,31.44,30.32,31.73,32.23,30.52,31.34,620.0,47.77,69.87,70.27,70.11,60.08,58.97,51.41,12098.0,16793.0,16694.0,17027.0,14399.0,14425.0,11687.0,16.7,24.42,24.56,24.5,20.99,20.61,17.96,0.0,349.5,0.0,60.14,0.0,463.3,0.0,5.0,16.0,0.0,0.0,175.8,181.3,175.1,22.02,21.08,0.0,28.34,183.9,21.95,2.0,3.474,-1.0,3.857,6.1,4901
2016-03-31 13:56:00,194.5,195.9,194.0,1113640.0,62.9,59.9,60.0,160.7,43244.0,540.0,96896.0,1070372.0,157.7,0.992,19.65,158.9,0.0,275.8,275.4,277.1,0.772,272.5,0.531,272.0,0.842,274.0,-0.012,13.23,2.0,1.0,0.0,23.57,172.7,352.0,351.0,0.0,5.421,6.98,6.12,726.9,676.3,0.25,0.002,33.36,31.44,31.32,33.4,32.47,31.27,32.71,11.16,31.34,32.21,686.0,52.47,76.47,77.51999999999998,76.67,65.7,64.82,56.82,12099.0,16793.0,16694.0,17027.0,14399.0,14425.0,11688.0,18.37,26.77,27.14,26.84,23.0,22.7,19.89,0.0,350.3,0.0,60.19,0.0,506.1,0.0,5.0,16.0,0.0,0.0,193.1,198.4,192.1,22.02,21.59,0.0,29.83,197.1,42.54,2.0,3.475,-1.0,2.01,4.3,4901
2016-03-31 13:57:00,156.0,157.7,156.3,1113643.0,62.9,59.9,60.0,128.5,43244.0,540.0,96896.0,1070374.0,125.8,0.994,13.77,126.6,0.0,275.4,275.0,276.7,0.772,272.5,0.531,272.0,0.842,274.0,0.017,13.62,2.0,3.0,0.0,23.67,152.8,358.6,356.7,0.0,4.419,5.682,4.994,587.2,547.4,0.245,0.001,33.35,32.19,32.01,34.16,33.33,32.16,33.37,-56.22,32.19,33.04,542.1,41.31,59.78,59.92,60.28,51.45,50.03,43.68,12099.0,16793.0,16695.0,17027.0,14400.0,14425.0,11688.0,14.72,21.29,21.35,21.47,18.33,17.82,15.56,0.0,356.2,0.0,60.21,0.0,401.3,0.0,5.0,16.0,0.0,0.0,153.3,159.0,152.6,22.08,21.52,0.0,30.07,211.0,31.06,2.0,3.474,-1.0,3.247,5.7,4901
2016-03-31 13:58:00,155.1,157.0,155.5,1113645.0,62.9,59.9,60.0,127.8,43244.0,540.0,96896.0,1070377.0,125.1,0.994,13.58,125.9,0.0,275.7,274.7,276.5,0.772,272.1,0.531,272.0,0.842,274.0,0.004,13.62,2.0,3.0,0.0,23.77,143.5,355.8,352.6,0.0,4.353,5.604,4.92,579.6,540.1,0.2439999999999999,0.0,33.43,31.8,31.63,34.26,33.44,32.12,33.34,-87.5,32.07,33.08,539.9,41.83,60.24,60.34,60.71,51.86,50.53,43.85,12099.0,16794.0,16695.0,17028.0,14400.0,14426.0,11688.0,14.72,21.2,21.24,21.37,18.25,17.78,15.43,0.0,352.1,0.0,60.13,0.0,403.0,0.0,5.0,16.0,0.0,0.0,152.4,158.2,151.9,22.27,21.38,0.0,29.68,187.5,20.0,2.0,3.474,-1.0,3.02,5.0,4901
2016-03-31 13:59:00,119.2,121.4,120.1,1113646.0,62.9,59.9,60.0,97.8,43244.0,540.0,96896.0,1070378.0,96.0,0.996,8.429999999999998,96.4,0.0,274.8,274.5,276.3,0.772,272.0,0.531,272.0,0.842,274.0,0.004,13.62,2.0,3.0,0.0,23.88,117.0,351.8,350.7,0.0,3.333,4.2410000000000005,3.778,438.9,415.3,0.241,0.0,33.54,31.43,31.35,34.16,33.4,31.96,33.26,-34.96,32.12,33.08,412.3,32.45,46.55,46.31,46.47,39.8,39.28,33.98,12099.0,16794.0,16695.0,17028.0,14400.0,14426.0,11688.0,11.34,16.28,16.19,16.25,13.92,13.73,11.88,0.0,350.0,0.0,60.14,0.0,314.2,0.0,5.0,16.0,0.0,0.0,116.5,121.7,116.1,22.28,21.27,0.0,29.32,186.0,17.04,2.0,3.474,-1.0,3.655,8.099999999999998,4901
2016-03-31 14:00:00,155.4,157.5,156.0,1113648.0,62.9,59.9,60.0,128.1,43244.0,540.0,96896.0,1070380.0,125.9,0.994,13.71,126.6,0.0,275.0,275.1,276.8,0.772,272.2,0.531,272.0,0.842,274.0,0.004,13.62,2.0,3.0,0.0,24.0,113.7,342.4,341.6,0.0,4.302,5.523,4.875,574.9,538.6,0.2439999999999999,0.0,33.62,31.25,31.14,34.13,33.32,31.87,33.16,-60.3,31.83,33.04,543.4,43.39,62.8,63.38,62.96,53.89,52.9,45.79,12099.0,16794.0,16696.0,17028.0,14400.0,14426.0,11689.0,14.76,21.37,21.57,21.42,18.34,18.0,15.58,0.0,340.4,0.0,60.15,0.0,413.2,0.0,5.0,16.0,0.0,0.0,153.2,159.2,152.8,22.41,21.42,0.0,29.23,182.5,18.75,2.0,3.473,-1.0,2.62,5.9,4901
2016-03-31 14:01:00,108.7,110.8,109.6,1113650.0,62.9,59.9,60.0,88.9,43244.0,540.0,96897.0,1070382.0,87.0,0.997,6.884,87.29999999999998,0.0,274.5,274.2,276.0,0.772,272.0,0.531,272.0,0.842,273.9,0.004,13.62,2.0,3.0,0.0,24.11,106.0,354.3,353.5,0.0,3.042,3.861,3.477,394.6,378.8,0.241,0.0,33.72,31.34,31.18,34.26,33.43,31.94,33.21,-87.29999999999998,31.9,33.08,379.6,28.51,40.85,41.49,41.74,36.09,35.52,30.56,12100.0,16795.0,16696.0,17029.0,14401.0,14426.0,11689.0,10.03,14.37,14.59,14.68,12.69,12.49,10.74,0.0,352.5,0.0,60.15,0.0,287.5,0.0,5.0,16.0,0.0,0.0,105.5,110.5,105.2,22.48,21.47,0.0,29.4,197.2,15.7,2.0,3.473,-1.0,3.457,5.6,4901
2016-03-31 14:02:00,77.39,79.59999999999998,78.48,1113651.0,62.9,59.9,60.0,62.76,43244.0,540.0,96897.0,1070383.0,61.84,0.999,2.62,61.9,0.0,274.4,273.9,275.7,0.772,272.0,0.531,272.0,0.842,274.0,0.003,13.43,2.0,3.0,0.0,24.22,76.06999999999998,358.3,357.4,0.0,2.173,2.713,2.4930000000000003,280.6,274.9,0.236,0.001,33.85,30.12,30.22,33.32,32.6,31.12,32.45,-56.27,31.35,32.19,278.3,20.82,29.09,29.39,29.5,25.2,25.24,21.02,12100.0,16795.0,16696.0,17029.0,14401.0,14426.0,11689.0,7.417,10.36,10.47,10.51,8.98,8.99,7.49,0.0,356.3,0.0,60.14,0.0,208.5,0.0,5.0,16.0,0.0,0.0,74.65999999999998,78.93,74.37999999999998,22.28,21.22,0.0,28.17,188.7,12.44,2.0,3.473,-1.0,4.945,6.7,4901
2016-03-31 14:03:00,70.99,73.18,72.11,1113652.0,62.9,59.9,60.0,57.37,43244.0,540.0,96897.0,1070384.0,56.63,1.0,1.759,56.65,0.0,274.2,273.7,275.5,0.772,272.0,0.531,272.0,0.842,273.8,0.004,13.62,2.0,3.0,0.0,24.34,68.77,351.3,350.1,0.0,1.953,2.432,2.245,252.5,248.7,0.2349999999999999,0.0,33.95,29.26,29.32,32.42,31.81,30.32,31.66,6.372000000000001,30.71,31.41,252.0,19.48,27.24,27.41,27.53,23.58,23.61,19.54,12100.0,16795.0,16696.0,17029.0,14401.0,14427.0,11689.0,6.801,9.51,9.57,9.62,8.24,8.24,6.825,0.0,349.2,0.0,60.14,0.0,195.1,0.0,5.0,16.0,0.0,0.0,68.31,72.48,68.09,22.29,21.21,0.0,27.72,191.1,19.96,2.0,3.474,-1.0,2.6830000000000003,4.0,4901
2016-03-31 14:04:00,64.71,66.87,65.78,1113653.0,62.9,59.9,60.0,52.11,43244.0,540.0,96897.0,1070385.0,51.47,1.0,0.912,51.48,0.0,274.4,273.6,275.4,0.772,272.0,0.531,272.0,0.842,273.9,0.004,13.62,2.0,3.0,0.0,24.42,65.7,351.6,350.8,0.0,1.774,2.207,2.044,229.6,226.6,0.2349999999999999,0.0,34.04,28.25,28.3,31.49,30.9,29.48,30.76,-15.13,29.85,30.57,229.0,17.73,24.73,24.86,25.07,21.39,21.38,17.68,12100.0,16795.0,16696.0,17029.0,14401.0,14427.0,11689.0,6.207999999999999,8.66,8.699999999999998,8.779999999999998,7.486,7.484,6.191,0.0,350.1,0.0,60.15,0.0,179.3,0.0,5.0,16.0,0.0,0.0,62.03,66.02,61.8,22.12,21.04,0.0,26.74,184.2,11.16,2.0,3.474,-1.0,6.41,9.2,4901
2016-03-31 14:05:00,61.18,63.36,62.27,1113654.0,62.9,59.9,60.0,49.17,43244.0,540.0,96897.0,1070385.0,48.62,1.0,0.466,48.63,0.0,274.0,273.7,275.5,0.772,272.0,0.531,272.0,0.842,274.0,0.004,13.62,2.0,3.0,0.0,24.47,61.3,346.4,345.5,0.0,1.652,2.0540000000000003,1.904,215.7,213.0,0.2339999999999999,0.0,34.13,27.19,27.22,30.33,29.71,28.37,29.62,-37.9,28.83,29.58,215.9,17.08,23.94,23.98,24.08,20.59,20.63,17.0,12100.0,16795.0,16696.0,17029.0,14401.0,14427.0,11689.0,5.874,8.23,8.25,8.279999999999998,7.081,7.098,5.847,0.0,344.1,0.0,60.14,0.0,172.8,0.0,5.0,16.0,0.0,0.0,58.56,62.53,58.34,22.0,20.98,0.0,25.69,190.6,18.17,2.0,3.474,-1.0,5.058,7.9,4901
2016-03-31 14:06:00,62.07,64.19,63.12,1113654.0,62.9,59.9,60.0,49.9,43244.0,540.0,96897.0,1070386.0,49.34,1.0,0.572,49.34,0.0,274.2,273.8,275.6,0.772,272.0,0.531,272.0,0.842,273.9,0.004,13.62,2.0,3.0,0.0,24.52,60.14,345.4,344.7,0.0,1.656,2.065,1.908,218.0,214.4,0.2339999999999999,0.0,34.23,26.3,26.37,29.32,28.82,27.47,28.78,-39.4,27.98,28.78,216.8,17.28,24.3,24.37,24.45,20.89,20.87,17.3,12100.0,16795.0,16696.0,17029.0,14401.0,14427.0,11689.0,5.936,8.349999999999998,8.37,8.4,7.1770000000000005,7.17,5.944,0.0,343.6,0.0,60.15,0.0,175.4,0.0,5.0,16.0,0.0,0.0,59.41,63.4,59.19,22.03,20.9,0.0,24.93,196.2,13.91,2.0,3.474,-1.0,5.26,8.0,4901
2016-03-31 14:07:00,64.55,66.8,65.67,1113655.0,62.9,59.9,60.0,52.03,43244.0,540.0,96897.0,1070387.0,51.46,1.0,0.911,51.47,0.0,274.1,273.8,275.6,0.772,272.0,0.531,272.0,0.842,274.0,0.0,13.55,2.0,3.0,0.0,24.54,62.38,341.9,340.9,0.0,1.71,2.136,1.964,227.3,222.6,0.2339999999999999,0.0,34.33,25.85,25.86,28.54,28.16,26.85,28.1,3.141,27.48,28.17,224.9,18.22,25.72,25.71,25.74,22.04,21.99,18.28,12100.0,16795.0,16697.0,17029.0,14401.0,14427.0,11690.0,6.187,8.74,8.73,8.74,7.485,7.4689999999999985,6.207000000000001,0.0,339.7,0.0,60.14,0.0,183.2,0.0,5.0,16.0,0.0,0.0,61.96,66.09,61.78,21.82,20.91,0.0,24.69,184.2,23.11,2.0,3.475,-1.0,3.632,7.3,4901
2016-03-31 14:08:00,65.86,67.99,66.9,1113656.0,62.9,59.9,60.0,53.06,43244.0,540.0,96897.0,1070388.0,52.45,1.0,1.064,52.46,0.0,274.2,273.8,275.5,0.772,272.0,0.531,272.0,0.842,273.8,0.005,13.55,2.0,3.0,0.0,24.56,63.87,349.1,348.0,0.0,1.73,2.16,1.992,230.3,226.6,0.2349999999999999,0.0,34.41,25.63,25.64,28.03,27.78,26.53,27.71,-28.17,27.15,27.83,228.5,18.13,25.51,25.58,25.67,21.95,21.93,18.26,12100.0,16795.0,16697.0,17030.0,14401.0,14427.0,11690.0,6.292999999999999,8.859999999999998,8.88,8.91,7.622999999999998,7.614,6.34,0.0,347.3,0.0,60.15,0.0,183.0,0.0,5.0,16.0,0.0,0.0,63.2,67.28,62.99,21.79,20.94,0.0,24.43,182.7,24.0,2.0,3.474,-1.0,4.423,8.599999999999998,4901
2016-03-31 14:09:00,67.19,69.5,68.35,1113657.0,62.9,59.9,60.0,54.26,43244.0,540.0,96897.0,1070389.0,53.71,1.0,1.264,53.72,0.0,274.3,273.8,275.5,0.772,272.0,0.531,272.0,0.842,274.0,0.003,13.58,2.0,3.0,0.0,24.57,64.74,341.7,341.0,0.0,1.758,2.2030000000000003,2.024,236.8,231.5,0.2349999999999999,0.0,34.42,25.4,25.33,27.57,27.35,26.14,27.31,-66.49,26.84,27.39,234.8,19.01,26.86,26.89,26.91,23.03,22.96,19.17,12101.0,16796.0,16697.0,17030.0,14402.0,14427.0,11690.0,6.4510000000000005,9.11,9.12,9.13,7.812,7.7879999999999985,6.502999999999999,0.0,339.6,0.0,60.15,0.0,189.6,0.0,5.0,16.0,0.0,0.0,64.66,68.88,64.52,21.64,20.9,0.0,24.28,201.4,38.96,2.0,3.474,-1.0,4.362,8.4,4901
2016-03-31 14:10:00,75.98999999999998,78.53,77.26,1113658.0,62.9,59.9,60.0,61.75,43244.0,540.0,96897.0,1070390.0,61.05,0.999,2.459,61.1,0.0,274.5,274.1,275.8,0.772,272.0,0.531,272.0,0.842,274.0,0.003,13.58,2.0,3.0,0.0,24.57,72.06999999999998,326.5,325.2,0.0,2.03,2.548,2.3280000000000003,275.4,268.1,0.236,0.0,34.52,25.25,25.19,27.26,27.02,25.89,27.12,1.471,26.65,27.04,271.8,22.54,32.0,32.0,31.9,27.28,27.13,22.83,12101.0,16796.0,16697.0,17030.0,14402.0,14427.0,11690.0,7.304999999999999,10.37,10.37,10.34,8.84,8.79,7.401,0.0,324.2,0.0,60.14,0.0,221.0,0.0,5.0,16.0,0.0,0.0,73.48,78.09,73.42,21.59,20.91,0.0,24.08,195.8,13.65,2.0,3.474,-1.0,5.928,8.099999999999998,4901
2016-03-31 14:11:00,86.4,88.9,87.5,1113659.0,62.9,59.9,60.0,70.41,43244.0,540.0,96897.0,1070391.0,69.45,0.998,3.844,69.56,0.0,274.3,274.3,276.1,0.772,272.2,0.531,272.0,0.842,274.0,0.004,13.59,2.0,3.0,0.0,24.57,80.7,331.2,330.2,0.0,2.281,2.859,2.612,309.2,301.4,0.2369999999999999,0.0,34.52,25.37,25.26,27.19,26.95,25.83,27.07,-39.55,26.64,26.87,303.8,25.19,35.77,35.62,35.54,30.5,30.33,25.43,12101.0,16796.0,16697.0,17030.0,14402.0,14428.0,11690.0,8.31,11.81,11.76,11.73,10.06,10.01,8.39,0.0,330.0,0.0,60.14,0.0,244.1,0.0,5.0,16.0,0.0,0.0,83.7,88.59999999999998,83.59999999999998,21.67,20.96,0.0,24.41,200.4,22.02,2.0,3.475,-1.0,2.977,5.9,4901
2016-03-31 14:12:00,93.1,95.5,94.2,1113661.0,62.9,59.9,60.0,76.04,43244.0,540.0,96897.0,1070392.0,74.90999999999998,0.998,4.755,75.06,0.0,274.8,274.3,276.0,0.772,272.3,0.531,272.0,0.842,274.0,0.004,13.58,2.0,3.0,0.0,24.57,86.09999999999998,346.2,344.6,0.0,2.414,3.015,2.764,326.3,319.5,0.238,0.0,34.62,25.57,25.46,27.38,27.14,26.03,27.2,-19.12,26.81,27.04,321.0,26.08,36.83,36.81,36.86,31.54,31.41,26.24,12101.0,16796.0,16697.0,17030.0,14402.0,14428.0,11690.0,8.98,12.68,12.68,12.69,10.86,10.82,9.04,0.0,344.4,0.0,60.17,0.0,251.8,0.0,5.0,16.0,0.0,0.0,90.5,95.3,90.2,21.66,20.98,0.0,24.36,181.5,15.64,2.0,3.474,-1.0,5.678,9.5,4901
2016-03-31 14:13:00,91.2,93.5,92.2,1113662.0,62.9,59.9,60.0,74.37999999999998,43244.0,540.0,96897.0,1070393.0,73.14,0.998,4.464,73.28,0.0,274.8,274.2,276.0,0.772,272.0,0.531,272.0,0.842,274.0,0.003,13.4,2.0,3.0,0.0,24.57,86.09999999999998,358.5,355.4,0.0,2.364,2.939,2.716,317.1,313.8,0.238,0.001,34.62,25.43,25.43,27.27,27.06,26.02,27.1,7.163,26.58,27.04,314.1,24.77,34.59,34.67,35.02,29.93,29.76,24.77,12101.0,16796.0,16698.0,17031.0,14402.0,14428.0,11690.0,8.8,12.29,12.32,12.44,10.64,10.57,8.8,0.0,355.5,0.0,60.16,0.0,240.7,0.0,5.0,16.0,0.0,0.0,88.4,93.1,88.09999999999998,21.74,20.99,0.0,24.24,181.9,12.05,2.0,3.475,-1.0,4.805,9.3,4901
2016-03-31 14:14:00,81.0,83.2,82.09999999999998,1113663.0,62.9,59.9,60.0,65.81,43244.0,540.0,96897.0,1070395.0,64.81,0.999,3.0980000000000003,64.89,0.0,274.5,274.2,276.0,0.772,272.0,0.531,272.0,0.842,274.0,0.004,13.59,2.0,3.0,0.0,24.57,77.67,362.9,363.5,0.0,2.12,2.624,2.447,283.0,282.6,0.2369999999999999,0.0,34.62,25.57,25.53,27.17,27.01,26.02,27.03,27.59,26.56,27.05,283.1,21.64,30.18,30.08,30.45,26.06,26.13,21.49,12101.0,16797.0,16698.0,17031.0,14402.0,14428.0,11690.0,7.825,10.91,10.88,11.01,9.43,9.45,7.772,0.0,361.7,0.0,60.17,0.0,213.0,0.0,5.0,16.0,0.0,0.0,78.29,82.59999999999998,77.92,21.78,21.12,0.0,24.45,182.5,20.7,2.0,3.474,-1.0,3.2430000000000003,6.1,4901
2016-03-31 14:15:00,75.56999999999998,77.87,76.69,1113664.0,62.9,59.9,60.0,61.32,43244.0,540.0,96897.0,1070396.0,60.56,0.999,2.389,60.6,0.0,274.5,274.2,276.0,0.772,272.0,0.531,272.0,0.842,274.0,0.004,13.58,2.0,3.0,0.0,24.55,72.04,352.5,353.7,0.0,1.957,2.426,2.26,262.4,261.3,0.236,0.0,34.62,25.4,25.37,27.09,27.02,25.95,26.98,-65.38,26.54,27.05,263.1,20.74,29.1,28.96,29.16,24.97,25.09,20.62,12101.0,16797.0,16698.0,17031.0,14403.0,14428.0,11691.0,7.306,10.25,10.2,10.27,8.8,8.84,7.2639999999999985,0.0,352.3,0.0,60.14,0.0,204.0,0.0,5.0,16.0,0.0,0.0,73.01,77.34,72.75,21.72,21.03,0.0,24.23,193.6,24.38,2.0,3.474,-1.0,4.88,9.7,4901
2016-03-31 14:16:00,79.2,81.7,80.4,1113665.0,62.9,59.9,60.0,64.42,43244.0,540.0,96897.0,1070397.0,63.63,0.999,2.885,63.69,0.0,274.2,274.4,276.1,0.772,272.0,0.531,272.0,0.842,274.0,0.004,13.59,2.0,3.0,0.0,24.54,75.01999999999998,342.9,342.7,0.0,2.0540000000000003,2.557,2.366,276.8,273.7,0.236,0.0,34.68,25.4,25.38,26.93,26.82,25.81,26.87,9.26,26.44,26.79,276.1,22.49,31.65,31.51,31.65,27.03,27.05,22.35,12101.0,16797.0,16698.0,17031.0,14403.0,14428.0,11691.0,7.675,10.8,10.75,10.8,9.23,9.23,7.627,0.0,341.3,0.0,60.17,0.0,218.9,0.0,5.0,16.0,0.0,0.0,76.73,81.2,76.45,21.64,21.07,0.0,24.3,192.8,28.72,2.0,3.474,-1.0,3.842,7.5,4901
2016-03-31 14:17:00,85.29999999999998,87.7,86.4,1113666.0,62.9,59.9,60.0,69.46,43244.0,540.0,96897.0,1070398.0,68.53,0.999,3.704,68.63,0.0,274.4,274.3,276.0,0.772,272.0,0.531,272.0,0.842,274.0,0.004,13.58,2.0,3.0,0.0,24.54,80.4,345.7,344.5,0.0,2.207,2.753,2.536,298.0,293.2,0.2369999999999999,0.0,34.71,25.58,25.53,27.01,26.93,25.89,26.97,-19.36,26.57,26.92,295.4,24.01,33.77,33.81,33.91,28.9,28.81,23.99,12102.0,16797.0,16698.0,17031.0,14403.0,14429.0,11691.0,8.24,11.59,11.6,11.64,9.920000000000002,9.89,8.23,0.0,343.2,0.0,60.15,0.0,232.8,0.0,5.0,16.0,0.0,0.0,82.7,87.4,82.5,21.74,21.13,0.0,24.51,196.1,15.88,2.0,3.474,-1.0,3.595,6.5,4901
2016-03-31 14:18:00,91.5,93.8,92.4,1113667.0,62.9,59.9,60.0,74.59999999999998,43244.0,540.0,96897.0,1070399.0,73.5,0.998,4.524,73.64,0.0,274.6,274.4,276.1,0.772,272.0,0.531,272.0,0.842,274.0,-0.0069999999999999,13.39,2.0,3.0,0.0,24.54,85.59999999999998,346.9,345.7,0.0,2.367,2.945,2.719,318.4,314.5,0.2369999999999999,0.001,34.66,25.74,25.75,27.14,27.09,26.07,27.1,-21.95,26.72,27.07,316.6,25.65,36.08,36.09,36.12,30.88,30.88,25.63,12102.0,16797.0,16699.0,17032.0,14403.0,14429.0,11691.0,8.84,12.43,12.43,12.45,10.64,10.64,8.83,0.0,344.6,0.0,60.14,0.0,247.1,0.0,5.0,16.0,0.0,0.0,88.79999999999998,93.5,88.5,21.82,21.12,0.0,24.61,191.8,15.18,2.0,3.474,-1.0,3.927,6.3,4901
2016-03-31 14:19:00,91.4,93.7,92.4,1113669.0,62.9,59.9,60.0,74.56,43244.0,540.0,96897.0,1070400.0,73.34999999999998,0.998,4.502,73.48999999999998,0.0,275.0,274.3,276.1,0.772,272.6,0.531,272.0,0.842,274.0,0.013,13.58,2.0,3.0,0.0,24.54,85.7,355.3,355.5,0.0,2.365,2.932,2.727,316.0,314.9,0.238,0.0,34.62,25.82,25.83,27.32,27.25,26.16,27.3,-70.1,26.78,27.2,316.6,25.07,34.92,34.86,35.18,30.09,30.07,24.79,12102.0,16798.0,16699.0,17032.0,14403.0,14429.0,11691.0,8.88,12.37,12.35,12.46,10.66,10.65,8.779999999999998,0.0,354.3,0.0,60.15,0.0,241.3,0.0,5.0,16.0,0.0,0.0,88.59999999999998,93.3,88.29999999999998,21.79,21.15,0.0,24.63,197.4,29.59,2.0,,-1.0,4.6,22.5,4901
2016-03-31 14:20:00,89.5,91.7,90.5,1113670.0,62.9,59.9,60.0,72.98999999999998,43244.0,540.0,96897.0,1070401.0,71.94,0.998,4.261,72.06,0.0,274.5,274.7,276.5,0.772,272.9,0.531,272.2,0.842,274.0,0.004,13.58,2.0,3.0,0.0,24.53,84.09999999999998,352.2,351.5,0.0,2.312,2.87,2.669,309.6,308.4,0.238,0.0,34.62,25.7,25.77,27.23,27.27,26.16,27.31,-15.13,26.83,27.23,311.2,24.86,34.74,34.66,34.84,29.81,29.87,24.58,12102.0,16798.0,16699.0,17032.0,14403.0,14429.0,11691.0,8.71,12.16,12.14,12.2,10.44,10.46,8.609999999999998,0.0,350.3,0.0,60.15,0.0,238.8,0.0,5.0,16.0,0.0,0.0,86.79999999999998,91.5,86.5,21.77,21.06,0.0,24.63,195.3,13.87,2.0,3.474,-1.0,4.957,7.9,4901
2016-03-31 14:21:00,92.8,95.1,93.8,1113671.0,62.9,59.9,60.0,75.81999999999998,43244.0,540.0,96897.0,1070403.0,74.62,0.998,4.71,74.76999999999998,0.0,275.0,274.7,276.4,0.772,273.0,0.531,272.4,0.842,274.0,0.004,13.58,2.0,3.0,0.0,24.52,86.79999999999998,349.2,348.0,0.0,2.402,2.978,2.772,320.8,320.0,0.238,0.0,34.62,25.77,25.83,27.3,27.3,26.18,27.35,-86.5,26.91,27.26,323.2,26.02,36.25,36.27,36.46,31.17,31.19,25.69,12102.0,16798.0,16699.0,17032.0,14404.0,14429.0,11691.0,9.04,12.59,12.6,12.66,10.83,10.83,8.92,0.0,347.3,0.0,60.14,0.0,248.9,0.0,5.0,16.0,0.0,0.0,90.1,94.9,89.79999999999998,21.79,21.09,0.0,24.67,200.4,16.89,2.0,3.474,-1.0,4.765,8.099999999999998,4901
2016-03-31 14:22:00,91.3,93.6,92.4,1113672.0,62.9,59.9,60.0,74.54999999999998,43244.0,540.0,96898.0,1070404.0,73.39,0.998,4.506,73.51999999999998,0.0,275.0,274.5,276.3,0.772,273.0,0.531,272.2,0.842,274.0,0.004,13.58,2.0,3.0,0.0,24.51,86.0,356.1,355.3,0.0,2.37,2.93,2.744,314.8,316.4,0.238,0.0,34.62,26.01,25.93,27.37,27.41,26.32,27.48,-114.9,27.05,27.33,319.1,25.12,34.83,34.84,35.14,30.03,30.14,24.7,12102.0,16798.0,16700.0,17033.0,14404.0,14429.0,11691.0,8.91,12.35,12.35,12.46,10.65,10.69,8.76,0.0,354.7,0.0,60.15,0.0,241.4,0.0,5.0,16.0,0.0,0.0,88.59999999999998,93.3,88.29999999999998,21.79,21.24,0.0,24.97,199.3,49.77,2.0,3.474,-1.0,1.5319999999999998,3.7,4901
2016-03-31 14:23:00,86.5,88.7,87.59999999999998,1113674.0,62.9,59.9,60.0,70.51,43244.0,540.0,96898.0,1070405.0,69.47,0.998,3.844,69.57,0.0,275.0,274.5,276.3,0.772,273.0,0.531,272.6,0.842,274.0,0.004,13.58,2.0,3.0,0.0,24.51,82.09999999999998,358.4,357.3,0.0,2.25,2.776,2.612,298.1,301.0,0.238,0.0,34.62,26.14,26.07,27.51,27.49,26.45,27.56,-66.93,27.12,27.49,303.9,23.71,32.8,32.75,33.14,28.31,28.45,23.19,12102.0,16799.0,16700.0,17033.0,14404.0,14430.0,11692.0,8.449999999999998,11.68,11.66,11.8,10.08,10.13,8.26,0.0,356.2,0.0,60.15,0.0,228.7,0.0,5.0,16.0,0.0,0.0,83.9,88.4,83.59999999999998,21.82,21.18,0.0,25.0,187.3,15.07,2.0,3.474,-1.0,3.63,6.8,4901
2016-03-31 14:24:00,81.79999999999998,84.0,82.9,1113675.0,62.9,59.9,60.0,66.57,43244.0,540.0,96898.0,1070406.0,65.7,0.999,3.2230000000000003,65.78,0.0,274.8,274.5,276.3,0.772,273.0,0.531,272.6,0.842,274.0,0.003,13.38,2.0,1.0,0.0,24.51,77.87,357.6,356.5,0.0,2.132,2.631,2.477,282.3,285.1,0.2369999999999999,0.001,34.52,26.07,26.02,27.51,27.56,26.47,27.56,-114.4,27.15,27.5,287.9,22.46,31.09,31.04,31.44,26.82,26.95,21.93,12103.0,16799.0,16700.0,17033.0,14404.0,14430.0,11692.0,7.98,11.05,11.03,11.17,9.53,9.58,7.793999999999999,0.0,355.4,0.0,60.15,0.0,217.8,0.0,5.0,16.0,0.0,0.0,79.20999999999998,83.7,78.93,21.94,21.17,0.0,24.89,195.5,11.98,2.0,3.474,-1.0,4.052,6.4,4901
2016-03-31 14:25:00,76.9,79.08,77.95,1113676.0,62.9,59.9,60.0,62.45,43244.0,540.0,96898.0,1070407.0,61.65,0.999,2.5540000000000003,61.7,0.0,274.6,274.6,276.4,0.772,273.0,0.531,272.8,0.842,274.0,0.004,13.58,2.0,3.0,0.0,24.51,73.61,357.8,356.8,0.0,2.005,2.476,2.329,265.6,267.9,0.236,0.0,34.52,25.84,25.86,27.35,27.49,26.43,27.51,-112.9,27.02,27.48,270.6,21.16,29.3,29.01,29.45,25.24,25.38,20.47,12103.0,16799.0,16700.0,17033.0,14404.0,14430.0,11692.0,7.521,10.41,10.31,10.47,8.97,9.02,7.275,0.0,355.4,0.0,60.13,0.0,205.5,0.0,5.0,16.0,0.0,0.0,74.25,78.59999999999998,73.98,21.93,21.16,0.0,24.65,180.9,15.76,2.0,3.474,-1.0,3.55,6.1,4901
2016-03-31 14:26:00,73.98,76.29999999999998,75.14,1113677.0,62.9,59.9,60.0,60.05,43244.0,540.0,96898.0,1070408.0,59.34,0.999,2.174,59.38,0.0,274.8,274.4,276.1,0.772,272.8,0.531,272.3,0.842,274.0,0.004,13.58,2.0,3.0,0.0,24.51,70.94,353.2,352.0,0.0,1.923,2.379,2.233,255.7,257.2,0.236,0.0,34.44,25.75,25.75,27.3,27.4,26.34,27.42,-114.1,26.86,27.42,260.5,20.55,28.55,28.48,28.8,24.6,24.69,20.07,12103.0,16799.0,16700.0,17033.0,14404.0,14430.0,11692.0,7.207999999999998,10.01,9.99,10.1,8.63,8.66,7.04,0.0,350.8,0.0,60.19,0.0,200.9,0.0,5.0,16.0,0.0,0.0,71.44,75.76999999999998,71.22,22.08,21.18,0.0,24.65,207.3,36.3,2.0,3.473,-1.0,2.68,4.7,4901
2016-03-31 14:27:00,74.26,76.48,75.33,1113678.0,62.9,59.9,60.0,60.23,43244.0,540.0,96898.0,1070409.0,59.51,0.999,2.208,59.56,0.0,274.5,274.5,276.3,0.772,273.0,0.531,272.1,0.842,274.0,0.004,13.59,2.0,3.0,0.0,24.5,71.03,351.3,350.2,0.0,1.93,2.388,2.24,256.3,257.6,0.236,0.0,34.42,25.9,25.85,27.37,27.43,26.34,27.5,-113.2,26.99,27.36,261.0,20.7,28.79,28.72,29.0,24.73,24.87,20.27,12103.0,16799.0,16700.0,17033.0,14405.0,14430.0,11692.0,7.22,10.04,10.02,10.12,8.63,8.679999999999998,7.069,0.0,348.9,0.0,60.14,0.0,202.2,0.0,5.0,16.0,0.0,0.0,71.65,76.0,71.43,21.98,21.35,0.0,24.83,190.9,32.71,2.0,3.475,-1.0,2.457,5.7,4901
2016-03-31 14:28:00,72.37,74.65,73.51999999999998,1113679.0,62.9,59.9,60.0,58.68,43244.0,540.0,96898.0,1070410.0,58.02,0.999,1.97,58.06,0.0,274.4,274.4,276.2,0.772,272.9,0.531,272.6,0.842,274.0,0.004,13.59,2.0,3.0,0.0,24.48,69.45,353.3,352.0,0.0,1.879,2.325,2.1830000000000003,249.9,251.3,0.236,0.0,34.42,25.88,25.83,27.25,27.41,26.34,27.43,-114.0,26.86,27.25,254.9,20.01,27.83,27.95,28.07,23.87,24.06,19.7,12103.0,16799.0,16701.0,17034.0,14405.0,14430.0,11692.0,7.031000000000001,9.78,9.82,9.86,8.39,8.449999999999998,6.922999999999999,0.0,351.4,0.0,60.16,0.0,196.5,0.0,5.0,16.0,0.0,0.0,69.86,74.12999999999998,69.63,21.9,21.25,0.0,24.71,188.6,20.89,2.0,3.474,-1.0,3.827,5.3,4901
2016-03-31 14:29:00,72.53,74.84999999999998,73.7,1113680.0,62.9,59.9,60.0,58.82,43244.0,540.0,96898.0,1070411.0,58.14,0.999,1.987,58.18,0.0,274.7,274.3,276.0,0.772,272.7,0.531,272.3,0.842,274.0,-0.021,13.27,2.0,1.0,0.0,24.48,69.36,349.2,348.9,0.0,1.877,2.323,2.176,250.4,251.3,0.2349999999999999,0.001,34.33,25.48,25.49,27.01,27.18,26.05,27.21,-114.4,26.68,27.06,255.1,20.44,28.26,28.16,28.55,24.39,24.37,19.84,12103.0,16799.0,16701.0,17034.0,14405.0,14430.0,11692.0,7.102,9.82,9.78,9.920000000000002,8.47,8.47,6.892,0.0,347.5,0.0,60.14,0.0,198.7,0.0,5.0,16.0,0.0,0.0,70.03,74.31,69.8,21.92,21.16,0.0,24.3,197.3,21.36,2.0,3.474,-1.0,5.32,8.0,4901
2016-03-31 14:30:00,72.22,74.51999999999998,73.39,1113681.0,62.9,59.9,60.0,58.51,43244.0,540.0,96898.0,1070412.0,57.84,0.999,1.952,57.87,0.0,274.6,274.0,275.8,0.772,272.1,0.531,272.0,0.842,274.0,0.026,13.23,2.0,1.0,0.0,24.48,69.16,352.3,351.0,0.0,1.864,2.307,2.162,248.9,249.9,0.238,0.002,34.33,25.45,25.46,26.86,26.99,25.95,27.05,-115.0,26.56,26.83,253.7,20.05,27.88,27.81,28.05,23.94,24.06,19.62,12103.0,16800.0,16701.0,17034.0,14405.0,14431.0,11692.0,7.026,9.77,9.75,9.83,8.39,8.429999999999998,6.875,0.0,350.4,0.0,60.15,0.0,196.3,0.0,5.0,16.0,0.0,0.0,69.7,73.98,69.49,21.85,21.24,0.0,24.44,219.6,33.92,2.0,3.474,-1.0,1.938,3.8,4901
2016-03-31 14:31:00,71.49,73.73,72.59,1113682.0,62.9,59.9,60.0,57.92,43244.0,540.0,96898.0,1070413.0,57.24,0.999,1.841,57.27,0.0,274.6,274.4,276.1,0.772,272.9,0.531,272.5,0.842,274.0,0.005,13.58,2.0,3.0,0.0,24.48,68.46,351.3,350.5,0.0,1.839,2.276,2.134,246.3,247.2,0.236,0.001,34.28,25.49,25.49,26.85,26.88,25.9,27.03,-115.4,26.6,26.86,251.5,19.89,27.59,27.55,27.86,23.75,23.82,19.43,12103.0,16800.0,16701.0,17034.0,14405.0,14431.0,11693.0,6.957000000000001,9.65,9.64,9.74,8.31,8.33,6.796,0.0,349.8,0.0,60.14,0.0,194.9,0.0,5.0,16.0,0.0,0.0,68.92,73.12999999999998,68.68,21.94,21.28,0.0,24.37,205.4,16.91,2.0,3.474,-1.0,3.562,6.4,4901
2016-03-31 14:32:00,70.47,72.68,71.58,1113683.0,62.9,59.9,60.0,57.04,43244.0,540.0,96898.0,1070414.0,56.37,1.0,1.711,56.4,0.0,274.5,274.3,275.9,0.772,272.6,0.531,272.0,0.842,274.0,0.004,13.59,2.0,3.0,0.0,24.48,67.77,352.7,351.1,0.0,1.807,2.236,2.0980000000000003,242.5,243.5,0.2349999999999999,0.0,34.23,25.24,25.32,26.62,26.7,25.73,26.85,-115.4,26.49,26.8,247.9,19.56,27.13,27.06,27.36,23.35,23.42,19.09,12103.0,16800.0,16701.0,17034.0,14405.0,14431.0,11693.0,6.857,9.51,9.48,9.590000000000002,8.179999999999998,8.21,6.69,0.0,350.5,0.0,60.14,0.0,192.1,0.0,5.0,16.0,0.0,0.0,67.88,72.09,67.68,21.84,21.17,0.0,24.11,186.7,21.6,2.0,3.474,-1.0,3.978,9.3,4901
2016-03-31 14:33:00,69.45,71.74,70.62,1113684.0,62.9,59.9,60.0,56.21,43244.0,540.0,96898.0,1070415.0,55.53,1.0,1.5719999999999998,55.55,0.0,274.5,274.2,275.9,0.772,272.5,0.531,272.0,0.842,274.0,0.004,13.58,2.0,3.0,0.0,24.48,66.92,352.4,351.3,0.0,1.777,2.198,2.062,238.8,239.7,0.2349999999999999,0.0,34.23,24.96,25.05,26.4,26.54,25.52,26.66,-115.3,26.27,26.6,244.0,19.28,26.82,26.67,26.93,23.0,23.15,18.8,12104.0,16800.0,16701.0,17034.0,14405.0,14431.0,11693.0,6.759,9.4,9.35,9.44,8.06,8.109999999999998,6.5920000000000005,0.0,350.6,0.0,60.14,0.0,189.9,0.0,5.0,16.0,0.0,0.0,66.86,71.04,66.66,21.86,21.13,0.0,23.88,198.6,14.21,2.0,3.474,-1.0,4.605,6.9,4901
2016-03-31 14:34:00,68.48,70.66,69.57,1113685.0,62.9,59.9,60.0,55.38,43244.0,540.0,96898.0,1070416.0,54.73,1.0,1.442,54.75,0.0,274.6,274.4,276.0,0.772,272.9,0.531,272.0,0.842,274.0,0.004,13.59,2.0,3.0,0.0,24.46,66.14,352.7,351.9,0.0,1.7519999999999998,2.167,2.032,235.5,236.3,0.2349999999999999,0.0,34.21,24.92,25.0,26.29,26.42,25.47,26.58,-116.4,26.25,26.5,240.5,18.94,26.34,26.28,26.5,22.6,22.72,18.53,12104.0,16800.0,16701.0,17034.0,14405.0,14431.0,11693.0,6.65,9.25,9.23,9.3,7.934999999999999,7.977,6.507000000000001,0.0,351.2,0.0,60.15,0.0,187.4,0.0,5.0,16.0,0.0,0.0,65.88,70.02,65.66,21.79,21.16,0.0,23.97,199.2,13.8,2.0,3.474,-1.0,3.51,6.8,4901
2016-03-31 14:35:00,64.12,66.23,65.15,1113685.0,62.9,59.9,60.0,51.67,43244.0,540.0,96898.0,1070417.0,51.06,1.0,0.871,51.07,0.0,274.6,274.2,275.9,0.772,272.4,0.531,272.0,0.842,274.0,0.002,13.45,2.0,3.0,0.0,24.45,62.57,357.9,356.4,0.0,1.643,2.0340000000000003,1.907,221.1,221.8,0.2349999999999999,0.0,34.13,24.96,25.06,26.26,26.43,25.45,26.54,-112.7,26.23,26.49,225.9,17.47,24.23,24.19,24.47,20.84,20.94,17.06,12104.0,16800.0,16701.0,17034.0,14405.0,14431.0,11693.0,6.215,8.62,8.609999999999998,8.71,7.415,7.45,6.072,0.0,355.8,0.0,60.15,0.0,174.8,0.0,5.0,16.0,0.0,0.0,61.49,65.46,61.2,21.95,21.23,0.0,23.98,188.4,27.35,2.0,3.475,-1.0,2.7,6.3,4901
2016-03-31 14:36:00,61.74,63.87,62.78,1113686.0,62.9,59.9,60.0,49.71,43244.0,540.0,96898.0,1070417.0,49.11,1.0,0.567,49.11,0.0,274.7,274.2,275.9,0.772,272.8,0.531,272.0,0.842,274.0,0.005,13.45,2.0,3.0,0.0,24.45,60.48,353.0,351.4,0.0,1.574,1.95,1.823,212.7,212.7,0.2349999999999999,0.0,34.13,24.93,25.03,26.15,26.32,25.41,26.35,-115.5,26.06,26.39,216.8,17.04,23.67,23.63,23.88,20.34,20.4,16.67,12104.0,16800.0,16702.0,17034.0,14406.0,14431.0,11693.0,5.978,8.31,8.29,8.38,7.138,7.158,5.849,0.0,350.9,0.0,60.15,0.0,171.2,0.0,5.0,16.0,0.0,0.0,59.09,63.05,58.8,21.94,21.24,0.0,23.93,184.0,12.88,2.0,3.474,-1.0,3.907,6.0,4901
2016-03-31 14:37:00,59.42,61.57,60.46,1113687.0,62.9,59.9,60.0,47.77,43244.0,540.0,96898.0,1070418.0,47.12,1.0,0.27,47.12,0.0,274.6,274.2,275.9,0.772,272.5,0.531,272.1,0.842,274.0,0.004,13.58,2.0,3.0,0.0,24.42,58.39,354.8,353.3,0.0,1.514,1.876,1.754,204.6,204.5,0.2339999999999999,0.0,34.12,24.82,24.9,26.08,26.22,25.31,26.28,-116.1,25.96,26.32,208.3,16.25,22.59,22.55,22.8,19.41,19.47,15.91,12104.0,16800.0,16702.0,17035.0,14406.0,14431.0,11693.0,5.733,7.971,7.953999999999998,8.04,6.848,6.868,5.614,0.0,352.8,0.0,60.14,0.0,164.6,0.0,5.0,16.0,0.0,0.0,56.69,60.57,56.39,21.94,21.19,0.0,23.81,206.9,19.18,2.0,3.474,-1.0,3.513,6.0,4901
2016-03-31 14:38:00,56.93,59.09,57.98,1113688.0,62.9,59.9,60.0,45.7,43244.0,540.0,96898.0,1070419.0,45.12,-0.433,-0.072,45.12,0.0,274.5,274.3,276.0,0.772,272.6,0.531,272.0,0.842,274.0,0.004,13.58,2.0,3.0,0.0,24.42,56.33,352.3,350.6,0.0,1.446,1.793,1.673,196.0,195.6,0.2339999999999999,0.0,34.05,24.69,24.79,25.89,25.98,25.02,26.04,-116.1,25.87,26.07,199.8,15.74,21.85,21.82,22.05,18.75,18.79,15.36,12104.0,16801.0,16702.0,17035.0,14406.0,14432.0,11693.0,5.5120000000000005,7.651,7.641,7.721,6.567,6.58,5.377999999999999,0.0,350.2,0.0,60.14,0.0,159.9,0.0,5.0,16.0,0.0,0.0,54.26,58.12,53.95,21.9,21.21,0.0,23.78,205.5,19.34,2.0,3.475,-1.0,2.442,5.6,4901
2016-03-31 14:39:00,55.56,57.64,56.55,1113689.0,62.9,59.9,60.0,44.51,43244.0,540.0,96898.0,1070420.0,43.9,-1.0,-0.273,43.9,0.0,274.2,274.4,276.0,0.772,272.3,0.531,272.2,0.842,274.0,0.004,13.59,2.0,3.0,0.0,24.42,55.05,352.2,351.0,0.0,1.41,1.743,1.632,190.5,191.0,0.2339999999999999,0.0,34.04,24.71,24.79,25.81,25.92,25.02,25.95,-115.8,25.82,26.06,195.2,15.29,21.22,21.16,21.37,18.2,18.32,14.91,12104.0,16801.0,16702.0,17035.0,14406.0,14432.0,11693.0,5.358,7.436,7.415,7.487999999999999,6.377000000000001,6.417999999999999,5.224,0.0,350.5,0.0,60.14,0.0,156.3,0.0,5.0,16.0,0.0,0.0,52.81,56.61,52.5,21.88,21.23,0.0,23.76,195.2,23.39,2.0,3.474,-1.0,2.945,5.2,4901
2016-03-31 14:40:00,49.57,51.62,50.58,1113689.0,62.9,59.9,60.0,39.51,43244.0,540.0,96898.0,1070420.0,39.0,-1.0,-1.148,39.01,0.0,274.7,274.3,275.9,0.772,273.0,0.531,272.8,0.842,274.0,0.004,13.58,2.0,3.0,0.0,24.39,50.26,359.5,357.6,0.0,1.269,1.567,1.474,171.1,172.2,0.2339999999999999,0.0,34.04,24.68,24.74,25.68,25.82,24.93,25.85,-115.8,25.66,25.93,176.5,13.35,18.37,18.45,18.71,15.9,15.95,13.03,12104.0,16801.0,16702.0,17035.0,14406.0,14432.0,11694.0,4.766,6.557,6.587000000000001,6.679,5.676,5.695,4.651,0.0,357.0,0.0,60.14,0.0,139.7,0.0,5.0,16.0,0.0,0.0,46.92,50.48,46.62,21.89,21.22,0.0,23.7,199.8,20.93,2.0,3.474,-1.0,2.497,4.9,4901
2016-03-31 14:41:00,44.56,46.63,45.54,1113690.0,62.9,59.9,60.0,35.31,43244.0,540.0,96898.0,1070421.0,34.91,-0.999,-1.845,34.96,0.0,274.4,274.2,275.8,0.772,272.7,0.531,272.3,0.842,274.0,0.0,13.29,2.0,1.0,0.0,24.39,45.77,354.9,353.2,0.0,1.131,1.403,1.3130000000000002,153.5,153.8,0.233,0.001,34.02,24.4,24.48,25.45,25.63,24.72,25.63,-115.8,25.43,25.69,158.4,12.12,16.78,16.78,16.97,14.43,14.51,11.82,12104.0,16801.0,16702.0,17035.0,14406.0,14432.0,11694.0,4.277,5.921,5.922999999999999,5.99,5.092,5.122000000000001,4.173,0.0,353.0,0.0,60.13,0.0,129.0,0.0,5.0,16.0,0.0,0.0,42.02,45.48,41.73,21.83,21.16,0.0,23.4,184.4,14.06,2.0,3.474,-1.0,5.5920000000000005,7.4,4901
2016-03-31 14:42:00,42.02,44.07,43.03,1113691.0,62.9,59.9,60.0,33.21,43244.0,540.0,96898.0,1070421.0,32.87,-0.998,-2.2030000000000003,32.95,0.0,274.2,274.5,276.1,0.772,273.0,0.531,272.9,0.842,274.0,0.006,13.58,2.0,3.0,0.0,24.37,43.59,351.0,349.1,0.0,1.061,1.32,1.232,144.6,144.3,0.233,0.001,33.96,24.16,24.26,25.12,25.29,24.48,25.32,-117.3,25.13,25.3,149.2,11.56,16.02,15.99,16.18,13.78,13.83,11.27,12104.0,16801.0,16702.0,17035.0,14406.0,14432.0,11694.0,4.038,5.595,5.586,5.653,4.812,4.831,3.938,0.0,349.3,0.0,60.15,0.0,124.2,0.0,5.0,16.0,0.0,0.0,39.55,42.96,39.33,21.72,21.16,0.0,23.33,225.8,30.91,2.0,3.473,-1.0,2.693,5.0,4901
2016-03-31 14:43:00,40.74,42.8,41.76,1113691.0,62.9,59.9,60.0,32.11,43244.0,540.0,96898.0,1070422.0,31.8,-0.997,-2.351,31.89,0.0,274.5,274.0,275.6,0.772,272.3,0.531,272.2,0.842,274.0,0.004,13.58,2.0,3.0,0.0,24.36,42.44,348.4,347.3,0.0,1.024,1.279,1.187,140.5,139.1,0.233,0.0,33.94,24.08,24.15,24.97,25.17,24.38,25.21,-117.0,25.05,25.19,144.2,11.25,15.66,15.63,15.79,13.46,13.47,11.05,12105.0,16801.0,16702.0,17035.0,14406.0,14432.0,11694.0,3.896,5.425,5.416,5.47,4.664,4.667,3.829,0.0,346.5,0.0,60.14,0.0,121.8,0.0,5.0,16.0,0.0,0.0,38.32,41.7,38.09,21.75,21.2,0.0,23.27,195.6,27.21,2.0,3.474,-1.0,2.445,4.7,4901
2016-03-31 14:44:00,40.48,42.59,41.48,1113692.0,62.9,59.9,60.0,31.91,43244.0,540.0,96898.0,1070423.0,31.62,-0.997,-2.383,31.71,0.0,274.2,274.2,275.8,0.772,272.3,0.531,272.1,0.842,274.0,0.004,13.58,2.0,3.0,0.0,24.36,42.25,346.8,345.3,0.0,1.017,1.273,1.175,140.2,137.7,0.233,0.0,33.94,23.99,24.02,24.83,25.04,24.24,25.06,-116.7,24.89,25.02,142.7,11.17,15.67,15.68,15.77,13.42,13.43,11.1,12105.0,16801.0,16702.0,17035.0,14406.0,14432.0,11694.0,3.849,5.403,5.406000000000001,5.435,4.626,4.628,3.828,0.0,344.8,0.0,60.14,0.0,121.8,0.0,5.0,16.0,0.0,0.0,38.09,41.47,37.86,21.74,21.21,0.0,23.1,186.8,24.16,2.0,3.474,-1.0,3.18,5.4,4901
2016-03-31 14:45:00,41.85,43.96,42.85,1113692.0,62.9,59.9,60.0,33.06,43244.0,540.0,96898.0,1070423.0,32.71,-0.998,-2.215,32.79,0.0,274.4,274.2,275.8,0.772,272.8,0.531,272.2,0.842,274.0,0.004,13.58,2.0,3.0,0.0,24.33,43.43,343.7,341.6,0.0,1.0490000000000002,1.318,1.206,145.5,141.7,0.233,0.0,33.91,23.93,23.97,24.75,24.86,24.08,24.93,-95.6,24.74,24.87,146.7,11.64,16.39,16.42,16.5,14.04,13.98,11.65,12105.0,16801.0,16703.0,17036.0,14406.0,14432.0,11694.0,3.974,5.596,5.607,5.632999999999999,4.794,4.774,3.976,0.0,341.4,0.0,60.18,0.0,126.4,0.0,5.0,16.0,0.0,0.0,39.35,42.82,39.15,21.79,21.21,0.0,23.14,185.9,25.07,2.0,3.474,-1.0,3.263,5.5,4901
2016-03-31 14:46:00,45.37,47.59,46.47,1113693.0,62.9,59.9,60.0,36.07,43244.0,540.0,96898.0,1070424.0,35.65,-0.999,-1.727,35.7,0.0,274.2,274.4,276.0,0.772,272.8,0.531,272.6,0.842,274.0,0.006,13.58,2.0,3.0,0.0,24.33,46.62,338.9,335.3,0.0,1.146,1.4380000000000002,1.3119999999999998,158.9,154.6,0.233,0.0,33.91,23.93,24.05,24.62,24.8,24.03,24.86,-117.1,24.71,24.78,159.3,12.87,18.22,18.22,18.19,15.53,15.5,12.94,12105.0,16801.0,16703.0,17036.0,14406.0,14432.0,11694.0,4.314,6.107,6.109,6.098,5.207000000000001,5.195,4.339,0.0,335.2,0.0,60.15,0.0,137.6,0.0,5.0,16.0,0.0,0.0,42.84,46.45,42.66,21.67,21.23,0.0,23.15,197.7,27.05,2.0,3.474,-1.0,3.06,4.7,4901
2016-03-31 14:47:00,47.56,49.81,48.66,1113693.0,62.9,59.9,60.0,37.86,43244.0,540.0,96898.0,1070424.0,37.39,-0.999,-1.423,37.42,0.0,274.3,273.9,275.5,0.772,272.1,0.531,272.0,0.842,273.9,-0.001,13.29,2.0,1.0,0.0,24.31,48.53,346.3,344.2,0.0,1.193,1.496,1.369,164.9,160.9,0.2339999999999999,0.001,33.94,23.93,24.05,24.62,24.8,24.03,24.79,-117.3,24.71,24.79,165.4,13.17,18.59,18.57,18.64,15.92,15.87,13.21,12105.0,16802.0,16703.0,17036.0,14407.0,14432.0,11694.0,4.522,6.382999999999999,6.377000000000001,6.399,5.4670000000000005,5.45,4.537,0.0,343.4,0.0,60.18,0.0,140.3,0.0,5.0,16.0,0.0,0.0,45.0,48.61,44.76,21.77,21.18,0.0,23.11,174.2,16.01,2.0,3.474,-1.0,3.193,5.3,4901
2016-03-31 14:48:00,48.5,50.66,49.51,1113694.0,62.9,59.9,60.0,38.63,43244.0,540.0,96898.0,1070425.0,38.15,-0.999,-1.298,38.17,0.0,274.2,274.3,275.9,0.772,272.8,0.531,272.3,0.842,274.0,0.005,13.58,2.0,3.0,0.0,24.3,49.0,346.5,346.2,0.0,1.216,1.525,1.396,167.9,163.8,0.233,0.0,33.94,24.1,24.18,24.71,24.83,24.09,24.86,-117.4,24.73,24.83,168.5,13.37,18.85,18.89,18.92,16.14,16.1,13.43,12105.0,16802.0,16703.0,17036.0,14407.0,14432.0,11694.0,4.614,6.502999999999999,6.516,6.528,5.57,5.554,4.633,0.0,345.0,0.0,60.16,0.0,141.4,0.0,5.0,16.0,0.0,0.0,45.87,49.48,45.59,21.82,21.29,0.0,23.31,197.6,53.81,2.0,3.474,-1.0,1.523,4.6,4901
2016-03-31 14:49:00,51.41,53.67,52.5,1113695.0,62.9,59.9,60.0,41.09,43244.0,540.0,96898.0,1070426.0,40.55,-1.0,-0.88,40.56,0.0,274.3,274.1,275.7,0.772,272.2,0.531,272.0,0.842,274.0,0.004,13.58,2.0,3.0,0.0,24.26,51.39,343.0,341.6,0.0,1.295,1.618,1.484,178.3,174.6,0.233,0.0,33.94,24.2,24.31,24.78,24.9,24.22,24.98,-117.0,24.86,24.84,179.3,14.42,20.3,20.28,20.33,17.37,17.33,14.4,12105.0,16802.0,16703.0,17036.0,14407.0,14432.0,11694.0,4.91,6.913,6.908,6.925,5.916,5.904,4.905,0.0,340.6,0.0,60.15,0.0,149.8,0.0,5.0,16.0,0.0,0.0,48.75,52.5,48.53,21.83,21.28,0.0,23.37,181.4,18.78,2.0,3.474,-1.0,2.588,5.2,4901
2016-03-31 14:50:00,54.9,57.09,55.96,1113696.0,62.9,59.9,60.0,43.97,43244.0,540.0,96898.0,1070426.0,43.38,-1.0,-0.385,43.39,0.0,274.2,274.1,275.8,0.772,272.1,0.531,272.0,0.842,274.0,0.004,13.58,2.0,3.0,0.0,24.25,54.39,344.5,343.2,0.0,1.383,1.721,1.589,189.2,186.9,0.2339999999999999,0.0,33.94,24.29,24.37,24.83,24.96,24.3,25.04,-116.7,24.88,24.95,191.6,15.35,21.52,21.49,21.6,18.45,18.46,15.24,12105.0,16802.0,16703.0,17036.0,14407.0,14433.0,11694.0,5.257999999999999,7.371,7.361,7.397,6.319,6.324,5.221,0.0,342.5,0.0,60.14,0.0,157.9,0.0,5.0,16.0,0.0,0.0,52.16,56.02,51.93,21.91,21.32,0.0,23.45,198.1,14.32,2.0,3.475,-1.0,2.5780000000000003,5.5,4901
2016-03-31 14:51:00,54.74,56.97,55.84,1113696.0,62.9,59.9,60.0,43.88,43244.0,540.0,96898.0,1070427.0,43.28,-1.0,-0.416,43.28,0.0,274.3,274.3,275.9,0.772,272.7,0.531,272.0,0.842,274.0,0.004,13.58,2.0,3.0,0.0,24.25,54.4,352.1,351.2,0.0,1.379,1.712,1.594,187.4,186.8,0.2339999999999999,0.0,34.01,24.33,24.39,24.9,25.09,24.4,25.13,-117.3,24.9,25.02,191.6,15.01,20.9,20.94,21.08,17.98,18.03,14.85,12105.0,16802.0,16703.0,17036.0,14407.0,14433.0,11694.0,5.252999999999999,7.317999999999999,7.33,7.38,6.295,6.314,5.2,0.0,350.1,0.0,60.15,0.0,154.5,0.0,5.0,16.0,0.0,0.0,52.03,55.84,51.79,21.81,21.25,0.0,23.42,190.1,21.07,2.0,3.474,-1.0,4.777,6.6,4901
2016-03-31 14:52:00,53.15,55.4,54.25,1113697.0,62.9,59.9,60.0,42.56,43244.0,540.0,96898.0,1070428.0,41.99,-1.0,-0.6409999999999999,41.99,0.0,274.3,274.2,275.9,0.772,272.8,0.531,272.0,0.842,274.0,0.025,13.59,2.0,1.0,0.0,24.22,52.87,352.2,351.3,0.0,1.34,1.664,1.555,181.8,181.8,0.233,0.0,34.02,24.34,24.41,24.91,25.06,24.35,25.07,-117.1,24.84,25.0,186.6,14.62,20.3,20.25,20.51,17.47,17.54,14.33,12105.0,16802.0,16703.0,17036.0,14407.0,14433.0,11694.0,5.121,7.113,7.096,7.184,6.12,6.145,5.02,0.0,350.4,0.0,60.15,0.0,150.1,0.0,5.0,16.0,0.0,0.0,50.46,54.25,50.23,21.8,21.26,0.0,23.5,214.6,41.25,2.0,3.474,-1.0,2.757,6.0,4901
2016-03-31 14:53:00,52.49,54.66,53.58,1113698.0,62.9,59.9,60.0,41.98,43244.0,540.0,96898.0,1070428.0,41.45,-1.0,-0.7379999999999999,41.46,0.0,274.3,274.1,275.8,0.772,272.6,0.531,272.1,0.842,274.0,-0.02,13.28,2.0,1.0,0.0,24.22,52.26,350.4,349.6,0.0,1.324,1.643,1.537,179.6,179.7,0.2339999999999999,0.001,34.04,24.34,24.38,24.89,25.09,24.35,25.12,-117.4,24.9,25.04,184.2,14.51,20.14,20.09,20.33,17.32,17.38,14.19,12105.0,16802.0,16704.0,17036.0,14407.0,14433.0,11694.0,5.058,7.02,7.004,7.086,6.037000000000001,6.059,4.947,0.0,348.6,0.0,60.15,0.0,149.1,0.0,5.0,16.0,0.0,0.0,49.82,53.6,49.58,21.8,21.29,0.0,23.44,200.3,22.54,2.0,3.474,-1.0,3.332,5.0,4901
2016-03-31 14:54:00,51.3,53.49,52.39,1113699.0,62.9,59.9,60.0,41.01,43244.0,540.0,96898.0,1070429.0,40.51,-1.0,-0.911,40.52,0.0,274.5,274.3,276.0,0.772,273.0,0.531,272.6,0.842,274.0,0.005,13.58,2.0,3.0,0.0,24.22,51.35,351.6,351.4,0.0,1.298,1.61,1.505,176.0,175.8,0.2339999999999999,0.0,34.04,24.31,24.44,24.91,25.09,24.41,25.14,-116.9,24.94,25.1,180.0,14.14,19.67,19.62,19.81,16.88,16.94,13.84,12105.0,16802.0,16704.0,17037.0,14407.0,14433.0,11694.0,4.9430000000000005,6.875,6.856,6.922000000000001,5.899,5.919,4.839,0.0,349.5,0.0,60.16,0.0,146.0,0.0,5.0,16.0,0.0,0.0,48.68,52.39,48.42,21.88,21.27,0.0,23.37,184.8,13.67,2.0,3.474,-1.0,4.037,7.5,4901
2016-03-31 14:55:00,51.06,53.2,52.11,1113699.0,62.9,59.9,60.0,40.75,43244.0,540.0,96898.0,1070430.0,40.25,-1.0,-0.944,40.26,0.0,274.1,274.2,275.9,0.772,272.7,0.531,272.1,0.842,274.0,0.004,13.58,2.0,3.0,0.0,24.22,51.03,350.2,348.1,0.0,1.291,1.6030000000000002,1.491,175.3,174.4,0.2339999999999999,0.0,34.04,24.18,24.23,24.83,25.02,24.33,25.11,-117.1,24.9,25.02,178.2,14.13,19.71,19.65,19.83,16.86,16.92,13.86,12105.0,16803.0,16704.0,17037.0,14408.0,14433.0,11694.0,4.908,6.845,6.8260000000000005,6.885,5.856,5.875,4.815,0.0,347.3,0.0,60.13,0.0,145.7,0.0,5.0,16.0,0.0,0.0,48.38,52.1,48.15,21.87,21.28,0.0,23.28,192.5,17.87,2.0,3.474,-1.0,4.198,6.7,4901
2016-03-31 14:56:00,51.62,53.85,52.72,1113700.0,62.9,59.9,60.0,41.25,43244.0,540.0,96898.0,1070430.0,40.74,-1.0,-0.8499999999999999,40.75,0.0,274.2,274.0,275.7,0.772,272.2,0.531,272.0,0.842,274.0,0.004,13.58,2.0,3.0,0.0,24.2,51.4,347.9,347.6,0.0,1.307,1.6230000000000002,1.505,177.7,176.2,0.2339999999999999,0.0,34.04,24.09,24.16,24.8,25.02,24.3,25.04,-117.0,24.76,25.0,179.6,14.32,20.01,19.96,20.07,17.11,17.14,14.1,12105.0,16803.0,16704.0,17037.0,14408.0,14433.0,11694.0,4.96,6.933,6.913,6.952000000000001,5.926,5.938,4.883,0.0,346.4,0.0,60.15,0.0,147.8,0.0,5.0,16.0,0.0,0.0,48.97,52.74,48.75,21.93,21.25,0.0,23.19,181.3,16.48,2.0,3.473,-1.0,4.383,7.3,4901
2016-03-31 14:57:00,50.24,52.44,51.33,1113701.0,62.9,59.9,60.0,40.07,43244.0,540.0,96898.0,1070431.0,39.56,-1.0,-1.047,39.57,0.0,274.3,273.8,275.5,0.772,272.0,0.531,272.0,0.842,274.0,0.004,13.58,2.0,3.0,0.0,24.19,50.32,353.2,352.4,0.0,1.277,1.585,1.469,173.1,171.4,0.233,0.0,34.1,24.02,24.15,24.8,24.99,24.3,24.98,-116.8,24.71,24.9,174.6,13.72,19.13,19.06,19.26,16.42,16.42,13.51,12105.0,16803.0,16704.0,17037.0,14408.0,14433.0,11695.0,4.8180000000000005,6.718,6.694,6.765,5.767,5.768,4.744,0.0,351.2,0.0,60.14,0.0,142.5,0.0,5.0,16.0,0.0,0.0,47.62,51.27,47.38,21.84,21.25,0.0,23.15,188.7,13.05,2.0,3.473,-1.0,3.965,7.4,4901
2016-03-31 14:58:00,46.77,48.96,47.84,1113701.0,62.9,59.9,60.0,37.18,43244.0,540.0,96898.0,1070432.0,36.76,-0.999,-1.527,36.79,0.0,274.4,273.9,275.6,0.772,272.1,0.531,272.0,0.842,274.0,-0.011,13.48,2.0,1.0,0.0,24.19,47.37,354.8,354.0,0.0,1.195,1.49,1.374,162.1,159.7,0.2319999999999999,0.001,34.13,24.09,24.18,24.8,24.99,24.32,25.01,-117.0,24.71,24.95,163.4,12.66,17.71,17.66,17.86,15.22,15.18,12.57,12105.0,16803.0,16704.0,17037.0,14408.0,14434.0,11695.0,4.468,6.247999999999999,6.23,6.3020000000000005,5.369,5.357,4.436,0.0,352.8,0.0,60.14,0.0,133.5,0.0,5.0,16.0,0.0,0.0,44.23,47.8,44.0,21.85,21.31,0.0,23.22,191.7,22.45,2.0,3.474,-1.0,2.365,4.4,4901
2016-03-31 14:59:00,45.79,47.97,46.82,1113702.0,62.9,59.9,60.0,36.35,43244.0,540.0,96898.0,1070432.0,35.97,-0.999,-1.665,36.01,0.0,274.1,274.0,275.7,0.772,272.1,0.531,272.0,0.842,274.0,0.018,13.48,2.0,3.0,0.0,24.17,46.34,348.7,347.8,0.0,1.166,1.464,1.339,159.0,154.9,0.233,0.001,34.12,24.02,24.12,24.8,24.99,24.3,24.96,-116.9,24.71,24.97,159.7,12.53,17.68,17.67,17.75,15.14,15.1,12.62,12106.0,16803.0,16704.0,17037.0,14408.0,14434.0,11695.0,4.345,6.13,6.127999999999999,6.156000000000001,5.247999999999999,5.235,4.376,0.0,346.8,0.0,60.15,0.0,132.9,0.0,5.0,16.0,0.0,0.0,43.29,46.84,43.03,21.9,21.3,0.0,23.17,202.8,20.92,2.0,3.474,-1.0,2.245,3.7,4901
2016-03-31 15:00:00,48.14,50.32,49.17,1113703.0,62.9,59.9,60.0,38.34,43244.0,540.0,96898.0,1070433.0,37.88,-0.999,-1.35,37.91,0.0,274.3,274.2,275.9,0.772,272.8,0.531,272.2,0.842,274.0,0.004,13.58,2.0,3.0,0.0,24.16,48.4,344.2,342.1,0.0,1.228,1.5490000000000002,1.405,167.9,162.0,0.233,0.0,34.07,23.89,23.99,24.75,24.94,24.24,24.91,-116.9,24.62,24.9,167.8,13.34,18.9,18.95,18.99,16.22,16.11,13.58,12106.0,16803.0,16704.0,17037.0,14408.0,14434.0,11695.0,4.55,6.444,6.462999999999999,6.477,5.532,5.492000000000001,4.632,0.0,341.1,0.0,60.13,0.0,140.6,0.0,5.0,16.0,0.0,0.0,45.51,49.21,45.3,21.86,21.26,0.0,23.03,184.6,14.39,2.0,3.474,-1.0,4.973,8.0,4901
2016-03-31 15:01:00,50.45,52.61,51.5,1113703.0,62.9,59.9,60.0,40.27,43244.0,540.0,96898.0,1070434.0,39.75,-1.0,-1.026,39.76,0.0,274.5,274.2,275.9,0.772,272.6,0.531,272.1,0.842,274.0,0.004,13.58,2.0,3.0,0.0,24.16,50.4,346.9,345.4,0.0,1.289,1.632,1.471,176.0,168.6,0.233,0.0,34.04,23.84,23.94,24.71,24.86,24.2,24.86,-117.5,24.52,24.83,175.1,13.76,19.64,19.72,19.72,16.85,16.73,14.2,12106.0,16803.0,16704.0,17037.0,14408.0,14434.0,11695.0,4.735,6.756,6.785,6.7860000000000005,5.799,5.756,4.885,0.0,344.1,0.0,60.18,0.0,145.3,0.0,5.0,16.0,0.0,0.0,47.77,51.49,47.55,21.86,21.28,0.0,23.02,186.1,32.58,2.0,3.474,-1.0,4.313,6.5,4901
2016-03-31 15:02:00,52.42,54.62,53.51,1113704.0,62.9,59.9,60.0,41.97,43244.0,540.0,96898.0,1070434.0,41.46,-1.0,-0.7319999999999999,41.47,0.0,274.5,274.5,276.1,0.772,272.9,0.531,272.8,0.842,274.0,0.004,13.59,2.0,3.0,0.0,24.15,52.15,346.8,345.0,0.0,1.346,1.7180000000000002,1.531,184.3,174.4,0.2339999999999999,0.0,34.04,23.88,23.93,24.72,24.8,24.16,24.85,-117.4,24.52,24.74,181.3,14.22,20.5,20.62,20.58,17.57,17.37,14.9,12106.0,16803.0,16705.0,17037.0,14408.0,14434.0,11695.0,4.89,7.0520000000000005,7.093,7.078,6.044,5.972,5.124,0.0,343.9,0.0,60.14,0.0,150.5,0.0,5.0,16.0,0.0,0.0,49.8,53.57,49.55,21.83,21.33,0.0,23.07,203.0,28.23,2.0,3.474,-1.0,4.202,6.8,4901
2016-03-31 15:03:00,56.36,58.57,57.43,1113705.0,62.9,59.9,60.0,45.27,43244.0,540.0,96898.0,1070435.0,44.69,-0.2999999999999999,-0.161,44.69,0.0,274.5,274.6,276.2,0.772,273.0,0.531,272.9,0.842,274.0,0.004,13.58,2.0,3.0,0.0,24.14,55.52,343.1,341.9,0.0,1.456,1.873,1.652,200.0,187.2,0.2339999999999999,0.0,34.04,24.12,24.12,24.85,24.91,24.25,25.0,-117.1,24.71,24.87,193.5,15.4,22.43,22.44,22.31,19.11,18.83,16.24,12106.0,16803.0,16705.0,17038.0,14408.0,14434.0,11695.0,5.247999999999999,7.646,7.65,7.604,6.516,6.417999999999999,5.5360000000000005,0.0,340.9,0.0,60.15,0.0,161.9,0.0,5.0,16.0,0.0,0.0,53.67,57.56,53.42,21.79,21.39,0.0,23.34,202.9,22.43,2.0,3.474,-1.0,2.007,4.4,4901
2016-03-31 15:04:00,62.76,65.02,63.9,1113706.0,62.9,59.9,60.0,50.68,43244.0,540.0,96898.0,1070436.0,50.07,1.0,0.7109999999999999,50.08,0.0,274.6,274.7,276.2,0.772,273.0,0.531,272.9,0.842,274.0,0.003,13.45,2.0,1.0,0.0,24.13,60.83,332.2,331.3,0.0,1.662,2.147,1.877,229.0,212.7,0.2339999999999999,0.001,34.04,24.36,24.34,25.16,25.12,24.53,25.18,-117.8,24.89,25.11,217.1,17.76,26.04,25.98,25.79,21.99,21.61,18.79,12106.0,16804.0,16705.0,17038.0,14409.0,14434.0,11695.0,5.8660000000000005,8.599999999999998,8.58,8.519999999999998,7.264999999999999,7.138,6.207000000000001,0.0,330.6,0.0,60.14,0.0,183.2,0.0,5.0,16.0,0.0,0.0,60.11,64.27,59.97,21.9,21.41,0.0,23.51,194.2,21.15,2.0,3.474,-1.0,2.622,4.7,4901
2016-03-31 15:05:00,71.9,74.34999999999998,73.12,1113707.0,62.9,59.9,60.0,58.42,43244.0,540.0,96898.0,1070437.0,57.66,0.999,1.973,57.69,0.0,275.0,274.7,276.2,0.772,273.0,0.531,272.9,0.842,274.0,0.004,13.58,2.0,3.0,0.0,24.13,68.69,327.5,326.8,0.0,1.943,2.503,2.192,265.6,247.5,0.236,0.0,34.04,24.7,24.68,25.56,25.46,24.86,25.5,-116.5,25.13,25.4,249.5,20.74,30.29,30.18,29.97,25.6,25.1,21.82,12106.0,16804.0,16705.0,17038.0,14409.0,14434.0,11695.0,6.77,9.89,9.85,9.78,8.359999999999998,8.189999999999998,7.122000000000001,0.0,326.4,0.0,60.14,0.0,209.7,0.0,5.0,16.0,0.0,0.0,69.27,73.75,69.17,21.98,21.46,0.0,23.82,200.5,45.8,2.0,3.475,-1.0,2.002,5.0,4901
2016-03-31 15:06:00,88.29999999999998,90.7,89.4,1113708.0,62.9,59.9,60.0,72.12999999999998,43244.0,540.0,96898.0,1070438.0,71.07,0.998,4.219,71.2,0.0,275.1,274.8,276.4,0.772,272.9,0.531,272.8,0.842,274.0,0.004,13.58,2.0,3.0,0.0,24.13,83.4,331.1,328.2,0.0,2.4,3.114,2.7,330.5,303.9,0.2369999999999999,0.0,34.04,25.26,25.18,26.11,25.91,25.33,25.98,-116.3,25.53,25.87,302.4,25.5,37.54,37.16,36.85,31.45,30.62,26.86,12106.0,16804.0,16705.0,17038.0,14409.0,14434.0,11695.0,8.34,12.28,12.16,12.05,10.29,10.02,8.79,0.0,327.2,0.0,60.13,0.0,251.9,0.0,5.0,16.0,0.0,0.0,85.59999999999998,90.5,85.5,22.03,21.52,0.0,24.36,228.9,69.26,2.0,3.473,-1.0,1.26,3.3,4901
2016-03-31 15:07:00,93.0,95.4,94.1,1113709.0,62.9,59.9,60.0,76.01,43244.0,540.0,96898.0,1070439.0,74.75,0.998,4.841,74.90999999999998,0.0,274.5,275.0,276.5,0.772,272.5,0.531,272.5,0.842,274.0,0.004,13.59,2.0,3.0,0.0,24.13,87.2,337.9,337.0,0.0,2.478,3.197,2.803,336.7,313.6,0.238,0.0,34.04,25.74,25.66,26.71,26.52,25.82,26.51,-115.5,25.93,26.4,315.7,25.85,37.84,37.82,37.49,32.31,31.63,27.53,12106.0,16804.0,16705.0,17038.0,14409.0,14435.0,11696.0,8.689999999999998,12.71,12.71,12.6,10.86,10.63,9.25,0.0,336.0,0.0,60.15,0.0,258.1,0.0,5.0,16.0,0.0,0.0,90.2,95.2,90.0,22.15,21.55,0.0,24.71,211.6,36.49,2.0,3.475,-1.0,2.2430000000000003,5.0,4901
2016-03-31 15:08:00,91.1,93.5,92.2,1113710.0,62.9,59.9,60.0,74.4,43244.0,540.0,96898.0,1070440.0,73.11,0.998,4.58,73.26,0.0,275.2,274.5,276.1,0.772,272.4,0.531,272.0,0.842,274.0,0.004,13.58,2.0,3.0,0.0,24.14,86.09999999999998,350.3,348.2,0.0,2.404,3.085,2.727,324.1,304.4,0.238,0.0,34.04,26.07,26.02,27.08,26.78,26.11,26.91,-115.2,26.32,26.73,306.6,24.56,35.7,35.82,35.55,30.54,30.02,25.99,12106.0,16804.0,16706.0,17039.0,14409.0,14435.0,11696.0,8.529999999999998,12.4,12.45,12.35,10.61,10.43,9.03,0.0,347.5,0.0,60.14,0.0,245.8,0.0,5.0,16.0,0.0,0.0,88.29999999999998,93.1,88.0,22.17,21.61,0.0,24.97,201.3,17.98,2.0,3.475,-1.0,5.003,8.4,4901
2016-03-31 15:09:00,88.2,90.4,89.29999999999998,1113711.0,62.9,59.9,60.0,71.92,43244.0,540.0,96898.0,1070442.0,70.72,0.998,4.176,70.85,0.0,274.6,274.6,276.2,0.772,272.2,0.531,272.0,0.842,274.0,-0.009,13.29,2.0,1.0,0.0,24.16,83.5,354.0,353.5,0.0,2.332,2.989,2.6460000000000004,313.2,294.6,0.2369999999999999,0.001,34.04,26.07,25.98,27.15,26.87,26.19,26.97,-115.5,26.36,26.86,297.0,23.44,34.01,34.05,33.97,29.14,28.68,24.72,12106.0,16805.0,16706.0,17039.0,14409.0,14435.0,11696.0,8.269999999999998,12.0,12.01,11.99,10.28,10.12,8.72,0.0,352.9,0.0,60.13,0.0,235.8,0.0,5.0,16.0,0.0,0.0,85.4,90.1,85.09999999999998,22.17,21.54,0.0,24.93,177.9,18.43,2.0,3.474,-1.0,5.112,9.0,4901
2016-03-31 15:10:00,80.7,82.9,81.79999999999998,1113713.0,62.9,59.9,60.0,65.64,43244.0,540.0,96898.0,1070443.0,64.64,0.999,3.2,64.72,0.0,274.9,274.5,276.1,0.772,272.4,0.531,272.2,0.842,274.0,0.016,13.29,2.0,1.0,0.0,24.16,77.4,359.4,358.2,0.0,2.148,2.735,2.443,286.7,272.3,0.238,0.001,34.02,26.01,25.89,27.15,26.95,26.19,26.95,-115.2,26.39,26.91,275.0,21.24,30.62,30.76,30.73,26.23,25.95,22.26,12107.0,16805.0,16706.0,17039.0,14410.0,14435.0,11696.0,7.596,10.95,11.0,10.99,9.38,9.28,7.96,0.0,357.7,0.0,60.15,0.0,215.4,0.0,5.0,16.0,0.0,0.0,78.01,82.5,77.67,22.15,21.53,0.0,24.85,192.7,15.51,2.0,3.474,-1.0,5.7,9.6,4901
2016-03-31 15:11:00,75.25,77.43,76.34,1113714.0,62.9,59.9,60.0,61.05,43244.0,540.0,96898.0,1070444.0,60.19,0.999,2.484,60.24,0.0,274.5,274.6,276.2,0.772,272.5,0.531,272.3,0.842,274.0,0.004,13.59,2.0,3.0,0.0,24.18,72.73999999999998,357.3,355.3,0.0,2.002,2.536,2.282,266.2,255.0,0.236,0.0,34.04,25.9,25.75,27.02,26.89,26.06,26.89,-115.9,26.4,26.8,257.8,20.05,28.74,28.85,28.88,24.66,24.41,20.79,12107.0,16805.0,16706.0,17039.0,14410.0,14435.0,11696.0,7.11,10.2,10.23,10.25,8.75,8.66,7.376,0.0,354.7,0.0,60.14,0.0,203.6,0.0,5.0,16.0,0.0,0.0,72.53,76.93,72.26,22.17,21.59,0.0,24.82,207.6,20.23,2.0,3.474,-1.0,3.762,5.9,4901
2016-03-31 15:12:00,77.39,79.70999999999998,78.51,1113715.0,62.9,59.9,60.0,62.89,43244.0,540.0,96899.0,1070445.0,62.04,0.999,2.776,62.1,0.0,274.5,274.5,276.1,0.772,272.3,0.531,272.0,0.842,274.0,0.004,13.58,2.0,3.0,0.0,24.19,74.34,345.5,343.8,0.0,2.051,2.61,2.334,275.1,261.3,0.236,0.0,34.02,25.83,25.75,27.07,26.84,26.04,26.88,-115.6,26.48,26.76,265.8,21.3,30.81,30.9,30.71,26.3,26.01,22.24,12107.0,16805.0,16706.0,17039.0,14410.0,14435.0,11696.0,7.302,10.56,10.59,10.53,9.02,8.92,7.626,0.0,343.0,0.0,60.14,0.0,215.2,0.0,5.0,16.0,0.0,0.0,74.75,79.29999999999998,74.51,22.21,21.62,0.0,24.71,187.4,15.19,2.0,3.474,-1.0,5.272,11.4,4901
2016-03-31 15:13:00,85.59999999999998,88.0,86.7,1113716.0,62.9,59.9,60.0,69.83,43244.0,540.0,96899.0,1070446.0,68.79,0.998,3.871,68.9,0.0,274.7,274.7,276.3,0.772,272.4,0.531,272.4,0.842,274.0,0.004,13.58,2.0,3.0,0.0,24.21,81.29999999999998,340.4,339.3,0.0,2.269,2.9130000000000003,2.571,307.6,287.8,0.2369999999999999,0.0,34.04,25.72,25.71,27.05,26.84,25.99,26.87,-114.8,26.38,26.78,294.1,23.71,34.66,34.95,34.47,29.52,29.09,25.21,12107.0,16805.0,16707.0,17040.0,14410.0,14436.0,11696.0,8.019999999999998,11.72,11.82,11.66,9.98,9.840000000000002,8.519999999999998,0.0,338.2,0.0,60.14,0.0,238.7,0.0,5.0,16.0,0.0,0.0,82.9,87.7,82.7,22.2,21.62,0.0,24.72,202.2,20.35,2.0,3.474,-1.0,4.165,7.2,4901
2016-03-31 15:14:00,90.9,93.3,92.0,1113717.0,62.9,59.9,60.0,74.20999999999998,43244.0,540.0,96899.0,1070447.0,72.95999999999998,0.998,4.547,73.09999999999998,0.0,274.9,274.6,276.2,0.772,272.2,0.531,272.2,0.842,274.0,0.004,13.58,2.0,3.0,0.0,24.22,85.7,340.0,338.6,0.0,2.404,3.1010000000000004,2.724,326.1,303.7,0.238,0.0,34.04,25.98,25.89,27.25,27.0,26.15,27.0,-115.9,26.44,26.88,310.8,24.94,36.55,36.91,36.36,31.25,30.72,26.81,12107.0,16806.0,16707.0,17040.0,14410.0,14436.0,11696.0,8.429999999999998,12.36,12.48,12.29,10.57,10.39,9.06,0.0,338.2,0.0,60.14,0.0,252.1,0.0,5.0,16.0,0.0,0.0,88.09999999999998,92.9,87.79999999999998,22.22,21.63,0.0,24.83,180.9,17.24,2.0,3.474,-1.0,5.462999999999999,8.699999999999998,4901
2016-03-31 15:15:00,86.29999999999998,88.59999999999998,87.4,1113718.0,62.9,59.9,60.0,70.4,43244.0,540.0,96899.0,1070448.0,69.28,0.998,3.915,69.39,0.0,275.1,274.6,276.3,0.772,273.0,0.531,272.9,0.842,274.0,-0.054,13.23,2.0,1.0,0.0,24.22,82.0,347.6,346.3,0.0,2.266,2.898,2.5810000000000004,305.4,288.7,0.2369999999999999,0.001,34.04,25.91,25.87,27.31,27.04,26.2,27.09,-115.0,26.46,27.02,295.6,23.33,33.88,34.26,33.91,29.08,28.77,24.8,12107.0,16806.0,16707.0,17040.0,14410.0,14436.0,11697.0,8.06,11.71,11.84,11.72,10.05,9.94,8.57,0.0,345.6,0.0,60.14,0.0,235.9,0.0,5.0,16.0,0.0,0.0,83.5,88.2,83.29999999999998,22.19,21.63,0.0,24.85,190.0,16.89,2.0,3.474,-1.0,4.26,8.599999999999998,4901
2016-03-31 15:16:00,83.29999999999998,85.5,84.29999999999998,1113719.0,62.9,59.9,60.0,67.82,43244.0,540.0,96899.0,1070449.0,66.88,0.999,3.506,66.98,0.0,274.8,274.6,276.2,0.772,272.8,0.531,272.5,0.842,274.0,0.059,13.23,2.0,1.0,0.0,24.25,79.33,348.6,347.4,0.0,2.186,2.777,2.492,293.8,280.1,0.238,0.002,34.04,25.97,25.88,27.39,27.13,26.3,27.15,-114.6,26.62,27.11,288.3,22.72,32.74,33.06,32.76,28.08,27.86,23.72,12107.0,16806.0,16707.0,17040.0,14411.0,14436.0,11697.0,7.869,11.34,11.45,11.35,9.72,9.65,8.21,0.0,346.4,0.0,60.14,0.0,227.6,0.0,5.0,16.0,0.0,0.0,80.59999999999998,85.2,80.4,22.28,21.65,0.0,24.78,191.2,21.13,2.0,3.474,-1.0,4.422,7.9,4901
2016-03-31 15:17:00,96.1,98.6,97.2,1113721.0,62.9,59.9,60.0,78.62999999999998,43244.0,540.0,96899.0,1070451.0,77.29999999999998,0.998,5.243,77.48,0.0,274.7,274.7,276.3,0.772,272.6,0.531,272.3,0.842,274.0,0.005,13.58,2.0,3.0,0.0,24.27,89.9,336.8,335.4,0.0,2.548,3.295,2.887,347.3,322.5,0.238,0.001,34.09,26.01,25.93,27.52,27.2,26.36,27.24,-115.4,26.69,27.23,331.6,26.61,39.18,39.7,38.95,33.51,32.99,28.85,12107.0,16806.0,16708.0,17040.0,14411.0,14436.0,11697.0,8.9,13.11,13.28,13.03,11.21,11.04,9.65,0.0,334.7,0.0,60.15,0.0,267.0,0.0,5.0,16.0,0.0,0.0,93.3,98.4,93.1,22.26,21.66,0.0,24.92,190.6,12.02,2.0,3.474,-1.0,5.278,7.8,4901
2016-03-31 15:18:00,95.4,97.6,96.4,1113722.0,62.9,59.9,60.0,77.97,43244.0,540.0,96899.0,1070452.0,76.7,0.998,5.122999999999999,76.87999999999998,0.0,274.8,274.9,276.6,0.772,273.0,0.531,273.0,0.842,274.0,0.004,13.59,2.0,3.0,0.0,24.31,89.5,346.3,345.3,0.0,2.525,3.237,2.866,341.1,320.8,0.238,0.0,34.13,26.12,26.08,27.76,27.41,26.5,27.37,-114.2,26.81,27.37,324.2,26.06,37.89,37.98,37.64,32.24,31.79,27.39,12108.0,16807.0,16708.0,17041.0,14411.0,14437.0,11697.0,8.98,13.05,13.08,12.97,11.11,10.95,9.44,0.0,344.6,0.0,60.15,0.0,258.6,0.0,5.0,16.0,0.0,0.0,92.6,97.5,92.3,22.34,21.64,0.0,24.94,180.4,22.58,2.0,3.474,-1.0,4.727,7.4,4901
2016-03-31 15:19:00,86.9,89.09999999999998,87.9,1113723.0,62.9,59.9,60.0,70.85,43244.0,540.0,96899.0,1070453.0,69.79,0.998,3.935,69.9,0.0,275.1,274.7,276.4,0.772,273.0,0.531,273.0,0.842,274.0,0.004,13.59,2.0,3.0,0.0,24.33,83.0,359.2,357.4,0.0,2.309,2.909,2.642,306.0,297.0,0.238,0.0,34.13,26.25,26.2,27.86,27.56,26.63,27.49,-87.9,26.9,27.6,300.3,23.2,32.93,33.3,33.16,28.34,28.23,23.88,12108.0,16807.0,16708.0,17041.0,14411.0,14437.0,11697.0,8.279999999999998,11.74,11.88,11.83,10.11,10.07,8.519999999999998,0.0,356.7,0.0,60.14,0.0,231.2,0.0,5.0,16.0,0.0,0.0,84.2,88.7,83.9,22.48,21.69,0.0,25.11,191.6,21.59,2.0,3.474,-1.0,2.797,4.5,4901
2016-03-31 15:20:00,79.95,82.2,81.09999999999998,1113724.0,62.9,59.9,60.0,65.0,43244.0,540.0,96899.0,1070454.0,64.0,0.999,3.005,64.07,0.0,274.5,274.6,276.2,0.772,272.7,0.531,272.6,0.842,274.0,0.004,13.58,2.0,3.0,0.0,24.35,76.76,358.7,357.7,0.0,2.129,2.656,2.457,279.2,276.5,0.2369999999999999,0.0,34.22,26.46,26.41,27.98,27.72,26.86,27.69,-92.9,27.12,27.82,279.3,21.54,30.15,30.27,30.46,26.04,26.08,21.63,12108.0,16807.0,16708.0,17041.0,14411.0,14437.0,11697.0,7.679999999999999,10.75,10.8,10.86,9.29,9.3,7.712,0.0,356.7,0.0,60.14,0.0,214.1,0.0,5.0,16.0,0.0,0.0,77.18,81.59999999999998,76.89,22.47,21.81,0.0,25.31,210.8,32.21,2.0,3.475,-1.0,2.143,4.5,4901
2016-03-31 15:21:00,69.81,71.95,70.91,1113725.0,62.9,59.9,60.0,56.51,43244.0,540.0,96899.0,1070455.0,55.76,1.0,1.62,55.78,0.0,274.6,274.6,276.2,0.772,273.0,0.531,273.0,0.842,274.0,-0.019,13.38,2.0,3.0,0.0,24.37,68.13,361.1,360.0,0.0,1.874,2.316,2.182,243.4,245.7,0.2349999999999999,0.001,34.23,26.62,26.57,28.02,27.84,26.86,27.81,-114.5,27.29,27.84,248.8,18.84,26.04,26.07,26.38,22.53,22.73,18.53,12108.0,16807.0,16708.0,17041.0,14411.0,14437.0,11697.0,6.765,9.35,9.36,9.48,8.09,8.16,6.655,0.0,359.2,0.0,60.15,0.0,188.7,0.0,5.0,16.0,0.0,0.0,67.12,71.21,66.86,22.47,21.9,0.0,25.44,212.2,21.71,2.0,3.473,-1.0,2.673,5.1,4901
2016-03-31 15:22:00,60.19,62.22,61.24,1113726.0,62.9,59.9,60.0,48.4,43244.0,540.0,96899.0,1070456.0,47.75,0.633,0.3329999999999999,47.75,0.0,274.6,274.4,276.0,0.772,273.0,0.531,273.0,0.842,274.0,0.027,13.58,2.0,3.0,0.0,24.39,59.61,360.8,359.8,0.0,1.6130000000000002,1.982,1.891,208.3,212.9,0.2349999999999999,0.001,34.26,26.24,26.21,27.79,27.62,26.62,27.57,-114.5,27.11,27.63,216.7,16.31,22.35,22.33,22.73,19.37,19.62,15.78,12108.0,16807.0,16708.0,17041.0,14411.0,14437.0,11698.0,5.848,8.019999999999998,8.01,8.15,6.948,7.038,5.6610000000000005,0.0,358.7,0.0,60.15,0.0,165.2,0.0,5.0,16.0,0.0,0.0,57.44,61.23,57.14,22.44,21.7,0.0,24.91,176.9,14.21,2.0,3.473,-1.0,6.087999999999999,9.3,4901
2016-03-31 15:23:00,52.32,54.39,53.37,1113727.0,62.9,59.9,60.0,41.81,43244.0,540.0,96899.0,1070457.0,41.22,-1.0,-0.7879999999999999,41.23,0.0,274.3,274.3,275.9,0.772,272.9,0.531,272.8,0.842,274.0,0.004,13.58,2.0,3.0,0.0,24.42,52.39,357.5,357.3,0.0,1.392,1.7080000000000002,1.639,179.8,184.5,0.2339999999999999,0.0,34.33,25.73,25.77,27.23,27.2,26.27,27.15,-114.9,26.62,27.2,188.9,14.26,19.45,19.39,19.81,16.87,17.11,13.64,12108.0,16807.0,16709.0,17041.0,14412.0,14437.0,11698.0,5.082,6.931,6.909,7.06,6.0120000000000005,6.096,4.86,0.0,356.3,0.0,60.14,0.0,146.6,0.0,5.0,16.0,0.0,0.0,49.57,53.2,49.3,22.42,21.67,0.0,24.64,201.3,21.24,2.0,3.475,-1.0,3.528,6.3,4901
2016-03-31 15:24:00,45.76,47.85,46.81,1113727.0,62.9,59.9,60.0,36.32,43244.0,540.0,96899.0,1070457.0,35.86,-0.999,-1.705,35.9,0.0,274.4,274.2,275.8,0.772,272.9,0.531,272.6,0.842,274.0,0.004,13.59,2.0,3.0,0.0,24.43,47.07,358.4,355.3,0.0,1.215,1.4880000000000002,1.433,156.7,161.6,0.233,0.0,34.38,25.45,25.51,26.85,26.83,25.89,26.82,-114.6,26.43,26.78,166.2,12.6,16.99,16.95,17.38,14.84,14.98,11.87,12108.0,16807.0,16709.0,17042.0,14412.0,14437.0,11698.0,4.47,6.028,6.011,6.164,5.263999999999999,5.312,4.212,0.0,354.7,0.0,60.11,0.0,131.3,0.0,5.0,16.0,0.0,0.0,43.14,46.62,42.89,22.28,21.69,0.0,24.41,211.6,15.29,2.0,3.474,-1.0,4.958,8.699999999999998,4901
2016-03-31 15:25:00,41.73,43.75,42.73,1113728.0,62.9,59.9,60.0,32.92,43244.0,540.0,96899.0,1070458.0,32.61,-0.998,-2.247,32.68,0.0,274.4,274.1,275.7,0.772,272.7,0.531,272.4,0.842,274.0,0.004,13.58,2.0,3.0,0.0,24.45,43.22,351.8,350.3,0.0,1.099,1.347,1.297,142.4,146.5,0.233,0.0,34.42,25.2,25.27,26.43,26.49,25.57,26.52,-115.3,26.2,26.39,151.4,11.63,15.75,15.73,16.07,13.7,13.84,11.0,12108.0,16808.0,16709.0,17042.0,14412.0,14437.0,11698.0,4.067,5.509,5.504,5.622000000000001,4.791,4.842,3.848,0.0,349.8,0.0,60.13,0.0,122.9,0.0,5.0,16.0,0.0,0.0,39.25,42.67,39.04,22.24,21.71,0.0,24.28,204.7,13.61,2.0,3.474,-1.0,3.002,4.6,4901
2016-03-31 15:26:00,41.24,43.29,42.21,1113729.0,62.9,59.9,60.0,32.49,43244.0,540.0,96899.0,1070458.0,32.19,-0.997,-2.309,32.27,0.0,274.0,274.0,275.6,0.772,272.1,0.531,272.1,0.842,274.0,0.004,13.58,2.0,3.0,0.0,24.45,42.54,345.1,344.5,0.0,1.075,1.3259999999999998,1.263,140.9,143.2,0.233,0.0,34.42,25.03,25.11,26.17,26.27,25.36,26.27,-115.6,26.04,26.22,148.1,11.63,15.92,15.91,16.17,13.79,13.89,11.14,12108.0,16808.0,16709.0,17042.0,14412.0,14437.0,11698.0,3.991,5.461,5.457999999999999,5.545,4.73,4.762,3.822,0.0,343.0,0.0,60.16,0.0,123.3,0.0,5.0,16.0,0.0,0.0,38.78,42.22,38.58,22.28,21.68,0.0,24.09,191.4,17.87,2.0,3.474,-1.0,3.14,5.2,4901
2016-03-31 15:27:00,42.63,44.78,43.66,1113729.0,62.9,59.9,60.0,33.73,43244.0,540.0,96899.0,1070459.0,33.42,-0.998,-2.121,33.49,0.0,274.3,274.2,275.8,0.772,272.8,0.531,272.5,0.842,274.0,-0.104,13.23,2.0,1.0,0.0,24.45,43.72,341.5,340.4,0.0,1.114,1.381,1.2990000000000002,147.1,147.6,0.2349999999999999,0.002,34.44,24.77,24.87,25.94,26.06,25.2,26.08,-116.3,25.87,26.03,152.0,12.11,16.78,16.73,16.92,14.44,14.51,11.77,12108.0,16808.0,16709.0,17042.0,14412.0,14437.0,11698.0,4.107,5.691,5.676,5.74,4.899,4.922,3.992,0.0,339.3,0.0,60.19,0.0,128.1,0.0,5.0,16.0,0.0,0.0,40.18,43.69,39.99,22.32,21.67,0.0,23.85,201.2,22.93,2.0,3.474,-1.0,3.282,6.9,4901
2016-03-31 15:28:00,46.64,48.89,47.74,1113730.0,62.9,59.9,60.0,37.13,43244.0,540.0,96899.0,1070459.0,36.73,-0.999,-1.5530000000000002,36.77,0.0,274.5,274.2,275.8,0.772,272.9,0.531,272.5,0.842,274.0,0.109,13.54,2.0,3.0,0.0,24.45,46.94,334.9,334.0,0.0,1.226,1.529,1.422,162.9,161.6,0.233,0.001,34.52,24.74,24.78,25.74,25.94,25.06,25.89,-116.3,25.64,25.93,165.7,13.44,18.82,18.77,18.88,16.12,16.15,13.27,12108.0,16808.0,16709.0,17042.0,14412.0,14438.0,11698.0,4.471,6.26,6.246,6.28,5.363,5.374,4.414,0.0,332.7,0.0,60.14,0.0,140.2,0.0,5.0,16.0,0.0,0.0,44.12,47.77,43.93,22.31,21.7,0.0,23.9,190.4,45.71,2.0,3.475,-1.0,2.7030000000000003,5.1,4901
2016-03-31 15:29:00,50.66,52.89,51.74,1113730.0,62.9,59.9,60.0,40.46,43244.0,540.0,96899.0,1070460.0,39.97,-1.0,-0.998,39.98,0.0,274.3,274.2,275.9,0.772,272.8,0.531,272.2,0.842,274.0,0.004,13.58,2.0,3.0,0.0,24.45,50.37,339.8,338.8,0.0,1.325,1.655,1.537,175.6,174.0,0.2339999999999999,0.0,34.52,24.68,24.71,25.66,25.86,24.99,25.84,-96.5,25.53,25.78,177.9,14.31,20.05,20.09,20.18,17.25,17.27,14.26,12109.0,16808.0,16709.0,17042.0,14412.0,14438.0,11698.0,4.837,6.774,6.789,6.818,5.83,5.836,4.819,0.0,337.9,0.0,60.14,0.0,148.2,0.0,5.0,16.0,0.0,0.0,48.01,51.77,47.79,22.25,21.64,0.0,23.77,191.2,13.5,2.0,3.474,-1.0,4.385,7.599999999999999,4901
2016-03-31 15:30:00,50.93,53.07,51.99,1113731.0,62.9,59.9,60.0,40.68,43244.0,540.0,96899.0,1070461.0,40.18,-1.0,-0.968,40.19,0.0,274.3,274.4,276.0,0.772,273.0,0.531,272.9,0.842,274.0,0.004,13.58,2.0,3.0,0.0,24.45,50.9,349.3,348.3,0.0,1.3330000000000002,1.663,1.548,175.5,174.1,0.2339999999999999,0.0,34.52,24.62,24.64,25.58,25.74,24.96,25.73,-116.4,25.41,25.71,177.6,14.0,19.55,19.62,19.76,16.9,16.91,13.97,12109.0,16808.0,16709.0,17042.0,14412.0,14438.0,11698.0,4.86,6.791,6.815,6.862,5.87,5.872000000000001,4.853,0.0,347.3,0.0,60.14,0.0,145.7,0.0,5.0,16.0,0.0,0.0,48.27,51.95,48.0,22.28,21.62,0.0,23.74,174.4,11.81,2.0,3.475,-1.0,3.775,6.9,4901
2016-03-31 15:31:00,49.56,51.64,50.56,1113732.0,62.9,59.9,60.0,39.49,43244.0,540.0,96899.0,1070461.0,39.03,-1.0,-1.157,39.05,0.0,274.4,274.2,275.8,0.772,272.9,0.531,272.6,0.842,274.0,0.004,13.58,2.0,3.0,0.0,24.45,49.7,350.7,350.0,0.0,1.298,1.62,1.51,170.7,169.5,0.233,0.0,34.53,24.57,24.52,25.44,25.6,24.81,25.6,-95.2,25.23,25.6,173.0,13.54,18.94,18.97,19.1,16.31,16.38,13.5,12109.0,16808.0,16709.0,17042.0,14412.0,14438.0,11698.0,4.722,6.609,6.619,6.663,5.689,5.714,4.709,0.0,348.9,0.0,60.14,0.0,141.7,0.0,5.0,16.0,0.0,0.0,46.94,50.55,46.68,22.23,21.63,0.0,23.65,206.4,15.01,2.0,3.474,-1.0,3.53,6.8,4901
2016-03-31 15:32:00,49.56,51.71,50.6,1113733.0,62.9,59.9,60.0,39.54,43244.0,540.0,96899.0,1070462.0,39.1,-1.0,-1.144,39.12,0.0,274.5,274.3,275.9,0.772,273.0,0.531,272.8,0.842,274.0,0.004,13.59,2.0,3.0,0.0,24.45,49.62,346.7,345.5,0.0,1.298,1.624,1.504,171.5,169.0,0.233,0.0,34.52,24.52,24.5,25.39,25.55,24.8,25.57,-116.7,25.29,25.58,172.8,13.71,19.24,19.3,19.39,16.54,16.53,13.72,12109.0,16808.0,16710.0,17043.0,14412.0,14438.0,11698.0,4.726,6.632000000000001,6.652,6.681,5.699,5.697,4.727,0.0,344.7,0.0,60.14,0.0,143.1,0.0,5.0,16.0,0.0,0.0,46.97,50.64,46.75,22.24,21.65,0.0,23.64,185.9,14.17,2.0,3.474,-1.0,3.198,4.9,4901
2016-03-31 15:33:00,51.07,53.26,52.16,1113733.0,62.9,59.9,60.0,40.83,43244.0,540.0,96899.0,1070463.0,40.35,-1.0,-0.926,40.36,0.0,274.5,274.4,276.0,0.772,273.0,0.531,272.8,0.842,274.0,0.003,13.45,2.0,1.0,0.0,24.45,50.98,346.5,345.0,0.0,1.34,1.682,1.548,177.6,173.8,0.233,0.001,34.52,24.66,24.66,25.44,25.57,24.85,25.56,-116.3,25.34,25.66,176.8,14.12,19.92,19.92,19.97,17.05,17.02,14.15,12109.0,16808.0,16710.0,17043.0,14413.0,14438.0,11698.0,4.865,6.862,6.863,6.881,5.872999999999999,5.863,4.876,0.0,344.5,0.0,60.14,0.0,147.2,0.0,5.0,16.0,0.0,0.0,48.45,52.19,48.23,22.3,21.7,0.0,23.81,174.0,21.13,2.0,3.474,-1.0,2.377,4.3,4901
2016-03-31 15:34:00,51.75,53.88,52.76,1113734.0,62.9,59.9,60.0,41.36,43244.0,540.0,96899.0,1070463.0,40.85,-1.0,-0.839,40.86,0.0,274.4,274.4,276.1,0.772,273.0,0.531,272.8,0.842,274.0,0.005,13.58,2.0,3.0,0.0,24.45,51.62,348.1,346.5,0.0,1.355,1.703,1.5630000000000002,179.8,175.6,0.2339999999999999,0.0,34.52,24.71,24.69,25.47,25.57,24.9,25.57,-116.6,25.24,25.61,178.4,14.25,20.1,20.1,20.16,17.22,17.17,14.28,12109.0,16809.0,16710.0,17043.0,14413.0,14438.0,11698.0,4.928,6.949,6.949,6.972,5.954,5.936,4.938,0.0,345.8,0.0,60.14,0.0,148.3,0.0,5.0,16.0,0.0,0.0,49.06,52.81,48.81,22.32,21.72,0.0,23.83,188.2,44.24,2.0,3.475,-1.0,2.985,4.7,4901
2016-03-31 15:35:00,52.21,54.49,53.31,1113735.0,62.9,59.9,60.0,41.82,43244.0,540.0,96899.0,1070464.0,41.23,-1.0,-0.7709999999999999,41.24,0.0,274.8,274.4,276.0,0.772,273.0,0.531,272.7,0.842,274.0,0.004,13.58,2.0,3.0,0.0,24.45,51.86,347.4,346.4,0.0,1.364,1.714,1.577,181.2,177.3,0.2339999999999999,0.0,34.52,24.8,24.76,25.5,25.63,24.96,25.59,-116.7,25.26,25.55,180.3,14.33,20.27,20.27,20.29,17.33,17.35,14.42,12109.0,16809.0,16710.0,17043.0,14413.0,14438.0,11698.0,4.959,7.013999999999999,7.013999999999999,7.02,5.996,6.002000000000001,4.989,0.0,346.0,0.0,60.13,0.0,149.3,0.0,5.0,16.0,0.0,0.0,49.51,53.29,49.27,22.26,21.75,0.0,23.91,184.4,18.61,2.0,3.475,-1.0,3.253,5.7,4901
2016-03-31 15:36:00,53.85,56.11,54.93,1113735.0,62.9,59.9,60.0,43.19,43244.0,540.0,96899.0,1070465.0,42.62,-1.0,-0.525,42.62,0.0,274.4,274.6,276.2,0.772,273.0,0.531,272.6,0.842,274.0,0.004,13.58,2.0,3.0,0.0,24.45,53.47,345.2,344.1,0.0,1.405,1.768,1.6230000000000002,187.3,182.9,0.2339999999999999,0.0,34.52,24.69,24.69,25.52,25.63,24.94,25.66,-117.2,25.31,25.58,186.1,14.93,21.11,21.15,21.17,18.09,18.04,15.04,12109.0,16809.0,16710.0,17043.0,14413.0,14439.0,11698.0,5.125,7.247,7.257999999999998,7.2639999999999985,6.209,6.191,5.162000000000001,0.0,343.2,0.0,60.15,0.0,155.0,0.0,5.0,16.0,0.0,0.0,51.16,55.02,50.91,22.25,21.69,0.0,23.82,193.0,16.19,2.0,3.474,-1.0,3.668,7.4,4901
2016-03-31 15:37:00,56.65,58.8,57.69,1113736.0,62.9,59.9,60.0,45.51,43244.0,540.0,96899.0,1070466.0,44.94,-0.2999999999999999,-0.103,44.94,0.0,274.7,274.7,276.3,0.772,273.0,0.531,272.9,0.842,274.0,0.004,13.59,2.0,3.0,0.0,24.45,56.15,346.0,343.7,0.0,1.4780000000000002,1.859,1.702,197.6,192.4,0.2339999999999999,0.0,34.52,24.79,24.79,25.47,25.65,24.94,25.66,-116.8,25.39,25.58,195.2,15.74,22.26,22.32,22.33,19.08,18.97,15.88,12109.0,16809.0,16710.0,17043.0,14413.0,14439.0,11699.0,5.405,7.641,7.661,7.663999999999999,6.551,6.513999999999999,5.452000000000001,0.0,343.3,0.0,60.14,0.0,162.3,0.0,5.0,16.0,0.0,0.0,53.95,57.88,53.69,22.25,21.72,0.0,23.86,195.1,21.34,2.0,3.472,-1.0,2.5,5.1,4901
2016-03-31 15:38:00,58.64,60.85,59.72,1113737.0,62.9,59.9,60.0,47.2,43244.0,540.0,96899.0,1070466.0,46.52,1.0,0.192,46.52,0.0,274.7,274.6,276.2,0.772,273.0,0.531,272.7,0.842,274.0,0.021,13.58,2.0,3.0,0.0,24.45,57.88,348.8,347.1,0.0,1.524,1.911,1.753,203.7,199.1,0.2339999999999999,0.0,34.51,24.71,24.77,25.54,25.6,24.91,25.73,-90.2,25.39,25.63,201.5,16.13,22.76,22.83,22.88,19.53,19.45,16.25,12109.0,16809.0,16710.0,17043.0,14413.0,14439.0,11699.0,5.587000000000001,7.885,7.907,7.925,6.767,6.737,5.631,0.0,346.4,0.0,60.18,0.0,165.9,0.0,5.0,16.0,0.0,0.0,55.9,59.86,55.59,22.3,21.72,0.0,23.84,204.3,22.53,2.0,3.474,-1.0,3.372,5.9,4901
2016-03-31 15:39:00,58.88,61.05,59.94,1113738.0,62.9,59.9,60.0,47.38,43244.0,540.0,96899.0,1070467.0,46.75,1.0,0.264,46.75,0.0,274.7,274.6,276.3,0.772,273.0,0.531,272.7,0.842,274.0,-0.0139999999999999,13.36,2.0,3.0,0.0,24.45,58.13,349.7,348.6,0.0,1.527,1.91,1.758,204.2,200.2,0.2339999999999999,0.001,34.42,24.82,24.84,25.57,25.66,24.98,25.72,-116.5,25.48,25.6,202.8,16.16,22.86,22.82,22.88,19.52,19.54,16.23,12109.0,16809.0,16710.0,17043.0,14413.0,14439.0,11699.0,5.622000000000001,7.951,7.937999999999999,7.957999999999998,6.79,6.797999999999999,5.646,0.0,347.9,0.0,60.18,0.0,166.3,0.0,5.0,16.0,0.0,0.0,56.19,60.14,55.85,22.25,21.73,0.0,23.97,199.8,15.37,2.0,3.474,-1.0,3.603,6.0,4901
2016-03-31 15:40:00,59.52,61.65,60.51,1113739.0,62.9,59.9,60.0,47.9,43244.0,540.0,96899.0,1070468.0,47.26,1.0,0.3389999999999999,47.26,0.0,274.9,274.7,276.4,0.772,273.0,0.531,273.0,0.842,274.0,0.004,13.58,2.0,3.0,0.0,24.45,58.7,349.0,347.1,0.0,1.538,1.924,1.774,206.1,202.5,0.2349999999999999,0.0,34.42,24.94,24.92,25.59,25.75,24.99,25.7,-117.0,25.48,25.64,205.3,16.39,23.1,23.11,23.2,19.76,19.75,16.42,12109.0,16809.0,16711.0,17043.0,14413.0,14439.0,11699.0,5.687,8.019999999999998,8.019999999999998,8.05,6.856,6.855,5.699,0.0,347.0,0.0,60.17,0.0,168.2,0.0,5.0,16.0,0.0,0.0,56.77,60.75,56.45,22.25,21.8,0.0,24.04,202.8,29.7,2.0,3.474,-1.0,1.745,3.8,4901
2016-03-31 15:41:00,59.33,61.47,60.36,1113739.0,62.9,59.9,60.0,47.74,43244.0,540.0,96899.0,1070469.0,47.12,1.0,0.3279999999999999,47.12,0.0,274.6,274.6,276.3,0.772,273.0,0.531,272.7,0.842,274.0,0.004,13.59,2.0,3.0,0.0,24.45,58.52,350.0,349.1,0.0,1.53,1.911,1.766,205.2,202.3,0.2349999999999999,0.0,34.42,25.05,25.0,25.66,25.76,25.01,25.77,-116.6,25.51,25.67,205.2,16.24,22.94,23.01,23.0,19.53,19.65,16.34,12109.0,16809.0,16711.0,17044.0,14413.0,14439.0,11699.0,5.664,7.998999999999999,8.019999999999998,8.019999999999998,6.812,6.851,5.697,0.0,348.7,0.0,60.14,0.0,167.2,0.0,5.0,16.0,0.0,0.0,56.63,60.64,56.31,22.23,21.86,0.0,24.18,191.9,24.44,2.0,3.474,-1.0,3.418,6.6,4901
2016-03-31 15:42:00,58.2,60.42,59.31,1113740.0,62.9,59.9,60.0,46.87,43244.0,540.0,96899.0,1070470.0,46.22,1.0,0.1769999999999999,46.22,0.0,275.1,274.6,276.4,0.772,273.0,0.531,273.0,0.842,274.1,0.004,13.58,2.0,3.0,0.0,24.44,57.74,351.9,350.5,0.0,1.499,1.87,1.733,201.1,198.9,0.2349999999999999,0.0,34.42,25.0,24.98,25.58,25.74,24.96,25.72,-116.7,25.42,25.61,201.9,16.01,22.37,22.37,22.54,19.2,19.19,15.87,12110.0,16810.0,16711.0,17044.0,14414.0,14439.0,11699.0,5.601,7.825,7.827,7.886,6.718,6.715,5.551,0.0,349.9,0.0,60.14,0.0,164.1,0.0,5.0,16.0,0.0,0.0,55.51,59.51,55.21,22.24,21.72,0.0,24.03,187.9,17.37,2.0,3.474,-1.0,4.942,9.4,4901
2016-03-31 15:43:00,56.78,58.92,57.82,1113741.0,62.9,59.9,60.0,45.63,43244.0,540.0,96899.0,1070470.0,44.99,0.367,-0.013,44.99,0.0,274.9,274.6,276.3,0.772,273.0,0.531,273.0,0.842,274.0,0.004,13.59,2.0,3.0,0.0,24.44,56.56,353.0,351.2,0.0,1.4580000000000002,1.816,1.685,195.8,193.9,0.2339999999999999,0.0,34.37,24.92,24.9,25.57,25.66,24.9,25.66,-116.5,25.39,25.58,197.0,15.54,21.75,21.79,21.87,18.62,18.66,15.44,12110.0,16810.0,16711.0,17044.0,14414.0,14439.0,11699.0,5.449,7.627999999999998,7.642,7.672,6.532,6.546,5.415,0.0,350.7,0.0,60.15,0.0,160.2,0.0,5.0,16.0,0.0,0.0,54.04,57.98,53.73,22.29,21.74,0.0,23.98,202.0,24.6,2.0,3.474,-1.0,3.782,6.6,4901
2016-03-31 15:44:00,56.13,58.26,57.16,1113742.0,62.9,59.9,60.0,45.06,43244.0,540.0,96899.0,1070471.0,44.44,-0.6999999999999998,-0.089,44.44,0.0,274.9,274.5,276.2,0.772,273.0,0.531,272.7,0.842,274.0,-0.055,13.26,2.0,1.0,0.0,24.43,55.96,350.5,348.9,0.0,1.436,1.788,1.659,193.3,191.5,0.2349999999999999,0.002,34.33,24.77,24.79,25.44,25.57,24.83,25.58,-117.1,25.34,25.58,195.0,15.48,21.7,21.65,21.74,18.54,18.61,15.32,12110.0,16810.0,16711.0,17044.0,14414.0,14439.0,11699.0,5.394,7.561,7.542999999999998,7.576,6.461,6.486000000000001,5.337999999999999,0.0,348.5,0.0,60.14,0.0,159.7,0.0,5.0,16.0,0.0,0.0,53.37,57.33,53.07,22.28,21.75,0.0,23.88,205.1,30.7,2.0,3.474,-1.0,3.572,5.5,4901
2016-03-31 15:45:00,56.97,59.19,58.04,1113743.0,62.9,59.9,60.0,45.8,43244.0,540.0,96899.0,1070472.0,45.17,0.9,0.062,45.17,0.0,274.7,274.7,276.2,0.772,273.0,0.531,272.7,0.842,274.0,0.0609999999999999,13.44,2.0,3.0,0.0,24.42,56.64,347.8,346.5,0.0,1.457,1.812,1.6840000000000002,196.3,194.8,0.2339999999999999,0.001,34.31,24.84,24.84,25.49,25.62,24.9,25.73,-116.5,25.45,25.55,198.5,15.89,22.22,22.15,22.28,19.0,19.07,15.66,12110.0,16810.0,16711.0,17044.0,14414.0,14440.0,11699.0,5.497000000000001,7.687,7.661,7.707,6.574,6.596,5.419,0.0,346.0,0.0,60.15,0.0,162.8,0.0,5.0,16.0,0.0,0.0,54.24,58.25,53.93,22.28,21.81,0.0,24.02,196.2,63.54,2.0,3.474,-1.0,1.408,3.5,4901
2016-03-31 15:46:00,57.78,59.96,58.89,1113743.0,62.9,59.9,60.0,46.44,43244.0,540.0,96899.0,1070473.0,45.76,1.0,0.2,45.76,0.0,274.6,274.3,275.9,0.772,272.2,0.531,272.1,0.842,274.0,0.004,13.58,2.0,3.0,0.0,24.42,57.46,349.9,348.0,0.0,1.474,1.83,1.706,198.4,197.7,0.2339999999999999,0.0,34.25,24.98,24.95,25.57,25.75,25.02,25.79,-116.2,25.48,25.67,201.3,16.03,22.33,22.3,22.47,19.15,19.2,15.77,12110.0,16810.0,16711.0,17044.0,14414.0,14440.0,11700.0,5.569,7.758999999999999,7.748999999999999,7.809,6.654,6.672000000000001,5.48,0.0,347.5,0.0,60.15,0.0,164.3,0.0,5.0,16.0,0.0,0.0,55.02,59.03,54.7,22.33,21.81,0.0,24.07,192.9,33.12,2.0,3.474,-1.0,2.108,5.5,4901
2016-03-31 15:47:00,56.28,58.41,57.32,1113744.0,62.9,59.9,60.0,45.13,43244.0,540.0,96899.0,1070473.0,44.5,0.0,-0.052,44.5,0.0,274.5,274.2,275.8,0.772,272.0,0.531,272.0,0.842,274.0,0.004,13.58,2.0,3.0,0.0,24.42,56.28,353.3,351.6,0.0,1.435,1.775,1.666,192.5,193.3,0.2339999999999999,0.0,34.25,24.87,24.92,25.54,25.71,24.93,25.73,-116.2,25.48,25.67,196.8,15.49,21.44,21.43,21.61,18.45,18.52,15.14,12110.0,16810.0,16711.0,17044.0,14414.0,14440.0,11700.0,5.441,7.53,7.525,7.59,6.48,6.502999999999999,5.319,0.0,351.3,0.0,60.14,0.0,159.3,0.0,5.0,16.0,0.0,0.0,53.52,57.45,53.23,22.33,21.77,0.0,23.96,204.8,16.54,2.0,3.474,-1.0,4.0,6.6,4901
2016-03-31 15:48:00,53.55,55.72,54.63,1113745.0,62.9,59.9,60.0,42.88,43244.0,540.0,96899.0,1070474.0,42.24,-1.0,-0.506,42.24,0.0,274.2,274.3,275.9,0.772,272.1,0.531,272.0,0.842,274.0,0.004,13.59,2.0,3.0,0.0,24.42,53.75,353.5,351.9,0.0,1.3630000000000002,1.683,1.589,182.6,184.4,0.2339999999999999,0.0,34.26,24.79,24.82,25.42,25.6,24.81,25.64,-116.6,25.39,25.61,188.1,14.75,20.3,20.22,20.51,17.51,17.59,14.27,12110.0,16810.0,16711.0,17044.0,14414.0,14440.0,11700.0,5.192,7.147,7.12,7.221,6.164,6.193,5.024,0.0,352.1,0.0,60.18,0.0,152.1,0.0,5.0,16.0,0.0,0.0,50.81,54.6,50.5,22.26,21.73,0.0,23.91,191.5,18.65,2.0,3.474,-1.0,4.188,6.7,4901
2016-03-31 15:49:00,51.61,53.73,52.63,1113746.0,62.9,59.9,60.0,41.22,43244.0,540.0,96899.0,1070475.0,40.68,-1.0,-0.812,40.69,0.0,274.3,274.3,275.9,0.772,272.4,0.531,272.1,0.842,274.0,0.004,13.59,2.0,3.0,0.0,24.42,52.31,353.6,351.0,0.0,1.3130000000000002,1.619,1.534,175.5,178.0,0.2339999999999999,0.0,34.31,24.64,24.66,25.23,25.47,24.72,25.49,-111.7,25.19,25.48,181.9,14.28,19.65,19.64,19.87,16.89,17.04,13.81,12110.0,16810.0,16712.0,17045.0,14414.0,14440.0,11700.0,5.003,6.882000000000001,6.88,6.96,5.917000000000001,5.968,4.837,0.0,350.3,0.0,60.14,0.0,147.9,0.0,5.0,16.0,0.0,0.0,48.94,52.66,48.64,22.3,21.77,0.0,23.76,188.1,20.34,2.0,3.473,-1.0,4.537,7.1,4901
2016-03-31 15:50:00,49.58,51.69,50.6,1113746.0,62.9,59.9,60.0,39.51,43245.0,540.0,96899.0,1070475.0,38.97,-1.0,-1.13,38.99,0.0,274.3,274.1,275.8,0.772,272.3,0.531,272.2,0.842,274.0,0.003,13.47,2.0,1.0,0.0,24.42,50.44,353.6,351.6,0.0,1.263,1.5530000000000002,1.477,168.2,171.2,0.233,0.001,34.3,24.5,24.55,25.15,25.38,24.62,25.37,-117.0,25.1,25.35,175.1,13.72,18.81,18.74,19.01,16.19,16.34,13.16,12110.0,16810.0,16712.0,17045.0,14415.0,14440.0,11700.0,4.814,6.601,6.5760000000000005,6.67,5.68,5.733,4.618,0.0,351.0,0.0,60.14,0.0,142.6,0.0,5.0,16.0,0.0,0.0,46.89,50.51,46.6,22.34,21.75,0.0,23.62,194.2,19.31,2.0,3.474,-1.0,3.768,5.7,4901
2016-03-31 15:51:00,47.13,49.33,48.24,1113747.0,62.9,59.9,60.0,37.5,43245.0,540.0,96899.0,1070476.0,37.06,-0.999,-1.467,37.08,0.0,274.3,274.1,275.7,0.772,272.2,0.531,272.0,0.842,274.0,0.005,13.58,2.0,3.0,0.0,24.42,48.34,353.5,351.3,0.0,1.203,1.479,1.41,160.2,163.4,0.233,0.0,34.3,24.48,24.5,25.09,25.38,24.61,25.38,-91.2,25.1,25.29,167.3,13.08,17.87,17.81,18.1,15.39,15.54,12.48,12110.0,16811.0,16712.0,17045.0,14415.0,14440.0,11700.0,4.589,6.268,6.247999999999999,6.35,5.4,5.45,4.379,0.0,350.8,0.0,60.15,0.0,136.8,0.0,5.0,16.0,0.0,0.0,44.58,48.16,44.34,22.34,21.75,0.0,23.66,207.3,42.4,2.0,3.474,-1.0,1.472,2.8,4901
2016-03-31 15:52:00,44.82,46.92,45.84,1113747.0,62.9,59.9,60.0,35.51,43245.0,540.0,96899.0,1070476.0,35.13,-0.999,-1.803,35.18,0.0,274.1,274.0,275.6,0.772,272.0,0.531,272.0,0.842,274.0,0.004,13.58,2.0,3.0,0.0,24.42,46.14,352.3,350.8,0.0,1.142,1.403,1.341,152.1,155.4,0.233,0.0,34.3,24.42,24.48,25.06,25.34,24.59,25.33,-118.1,25.08,25.34,159.3,12.48,17.0,16.91,17.22,14.67,14.79,11.84,12110.0,16811.0,16712.0,17045.0,14415.0,14440.0,11700.0,4.369,5.9510000000000005,5.92,6.031000000000001,5.1370000000000005,5.179,4.145,0.0,350.2,0.0,60.14,0.0,131.0,0.0,5.0,16.0,0.0,0.0,42.3,45.79,42.06,22.35,21.78,0.0,23.56,188.9,11.68,2.0,3.474,-1.0,2.812,5.1,4901
2016-03-31 15:53:00,42.33,44.38,43.34,1113748.0,62.9,59.9,60.0,33.41,43245.0,540.0,96899.0,1070477.0,33.11,-0.998,-2.154,33.18,0.0,274.5,273.8,275.5,0.772,272.0,0.531,272.0,0.842,274.0,0.004,13.58,2.0,3.0,0.0,24.4,43.91,351.4,351.0,0.0,1.079,1.324,1.269,143.6,147.0,0.233,0.0,34.3,24.23,24.26,24.9,25.2,24.46,25.17,-117.0,24.92,25.22,150.9,11.8,16.03,15.95,16.31,13.85,13.97,11.15,12111.0,16811.0,16712.0,17045.0,14415.0,14440.0,11700.0,4.131,5.613,5.582999999999999,5.71,4.847,4.89,3.902,0.0,350.1,0.0,60.15,0.0,125.0,0.0,5.0,16.0,0.0,0.0,39.87,43.31,39.67,22.39,21.73,0.0,23.38,187.0,26.49,2.0,3.474,-1.0,3.708,6.3,4901
2016-03-31 15:54:00,39.62,41.68,40.63,1113749.0,62.9,59.9,60.0,31.16,43245.0,540.0,96899.0,1070478.0,30.93,-0.997,-2.524,31.03,0.0,274.0,274.1,275.7,0.772,272.5,0.531,272.0,0.842,274.0,0.004,13.58,2.0,3.0,0.0,24.39,41.64,351.9,350.7,0.0,1.012,1.242,1.1909999999999998,134.5,137.9,0.233,0.0,34.33,24.12,24.12,24.72,25.01,24.27,24.92,-117.5,24.71,24.95,141.8,11.04,15.04,14.92,15.21,12.94,13.11,10.42,12111.0,16811.0,16712.0,17045.0,14415.0,14440.0,11700.0,3.861,5.2620000000000005,5.22,5.322,4.526,4.585,3.647,0.0,349.8,0.0,60.15,0.0,118.3,0.0,5.0,16.0,0.0,0.0,37.27,40.62,37.09,22.33,21.78,0.0,23.35,208.3,34.49,2.0,3.473,-1.0,3.455,7.0,4901
2016-03-31 15:55:00,36.86,38.88,37.88,1113749.0,62.9,59.9,60.0,28.85,43245.0,540.0,96899.0,1070478.0,28.68,-0.995,-2.899,28.82,0.0,274.2,274.0,275.6,0.772,272.6,0.531,272.0,0.842,274.0,0.026,13.59,2.0,1.0,0.0,24.39,39.26,351.8,350.6,0.0,0.942,1.157,1.111,125.3,128.3,0.2319999999999999,0.0,34.33,23.96,23.97,24.49,24.8,24.11,24.77,-117.3,24.55,24.77,132.2,10.25,13.96,13.87,14.16,12.03,12.17,9.68,12111.0,16811.0,16712.0,17045.0,14415.0,14441.0,11700.0,3.585,4.881,4.85,4.952,4.205,4.254,3.383,0.0,349.7,0.0,60.14,0.0,111.6,0.0,5.0,16.0,0.0,0.0,34.59,37.89,34.46,22.24,21.76,0.0,23.18,181.9,24.99,2.0,3.474,-1.0,4.585,8.5,4901
2016-03-31 15:56:00,34.42,36.43,35.4,1113750.0,62.9,59.9,60.0,26.81,43245.0,540.0,96899.0,1070478.0,26.67,-0.993,-3.244,26.86,0.0,274.2,274.1,275.7,0.772,273.0,0.531,272.2,0.842,274.0,-0.019,13.28,2.0,1.0,0.0,24.38,37.12,350.1,349.2,0.0,0.879,1.082,1.036,117.0,119.5,0.233,0.001,34.33,23.77,23.78,24.28,24.59,23.93,24.5,-117.9,24.33,24.52,123.4,9.590000000000002,13.09,13.0,13.26,11.27,11.39,9.06,12111.0,16811.0,16712.0,17045.0,14415.0,14441.0,11700.0,3.34,4.558,4.526,4.617,3.925,3.966,3.155,0.0,348.2,0.0,60.15,0.0,106.0,0.0,5.0,16.0,0.0,0.0,32.22,35.46,32.1,22.23,21.75,0.0,23.01,198.8,31.17,2.0,3.474,-1.0,5.052,10.8,4901
2016-03-31 15:57:00,32.49,34.5,33.49,1113750.0,62.9,59.9,60.0,25.18,43245.0,540.0,96899.0,1070479.0,25.1,-0.99,-3.5,25.34,0.0,273.9,273.9,275.5,0.772,272.2,0.531,272.1,0.842,274.0,0.005,13.58,2.0,3.0,0.0,24.36,35.4,349.0,347.7,0.0,0.8299999999999998,1.024,0.975,110.9,112.4,0.2319999999999999,0.0,34.33,23.64,23.64,24.05,24.35,23.71,24.31,-117.7,24.17,24.34,116.3,9.03,12.39,12.35,12.54,10.64,10.74,8.609999999999998,12111.0,16811.0,16713.0,17045.0,14415.0,14441.0,11700.0,3.132,4.296,4.282,4.349,3.689,3.726,2.987,0.0,346.8,0.0,60.14,0.0,101.4,0.0,5.0,16.0,0.0,0.0,30.38,33.61,30.34,22.23,21.77,0.0,22.92,209.9,26.5,2.0,3.473,-1.0,4.87,8.599999999999998,4901
2016-03-31 15:58:00,31.21,33.19,32.18,1113750.0,62.9,59.9,60.0,24.11,43245.0,540.0,96899.0,1070479.0,24.06,-0.988,-3.683,24.34,0.0,274.2,274.1,275.7,0.772,273.0,0.531,272.5,0.842,274.0,0.004,13.58,2.0,3.0,0.0,24.36,34.24,347.6,346.8,0.0,0.795,0.985,0.931,106.9,107.4,0.2319999999999999,0.0,34.34,23.51,23.54,23.87,24.19,23.56,24.11,-92.1,24.09,24.14,111.4,8.689999999999998,11.99,11.9,12.07,10.27,10.35,8.31,12111.0,16811.0,16713.0,17046.0,14415.0,14441.0,11700.0,3.0,4.138999999999999,4.1080000000000005,4.165,3.5460000000000003,3.574,2.87,0.0,345.2,0.0,60.13,0.0,98.5,0.0,5.0,16.0,0.0,0.0,29.11,32.36,29.13,22.22,21.77,0.0,22.83,194.6,19.1,2.0,3.474,-1.0,3.447,7.8,4901
2016-03-31 15:59:00,30.59,32.6,31.63,1113751.0,62.9,59.9,60.0,23.63,43245.0,540.0,96899.0,1070480.0,23.58,-0.988,-3.764,23.87,0.0,274.3,274.1,275.7,0.772,273.0,0.531,272.6,0.842,274.0,0.004,13.58,2.0,3.0,0.0,24.35,33.78,346.9,345.8,0.0,0.775,0.965,0.905,105.3,104.8,0.2319999999999999,0.0,34.41,23.45,23.49,23.69,24.01,23.45,23.99,-118.5,23.96,24.01,108.8,8.51,11.8,11.7,11.86,10.11,10.15,8.199999999999998,12111.0,16812.0,16713.0,17046.0,14415.0,14441.0,11700.0,2.932,4.066,4.032,4.086,3.483,3.495,2.826,0.0,344.5,0.0,60.14,0.0,97.4,0.0,5.0,16.0,0.0,0.0,28.55,31.78,28.58,22.2,21.77,0.0,22.78,193.0,17.08,2.0,3.474,-1.0,3.202,5.4,4901
2016-03-31 16:00:00,29.98,31.95,30.99,1113751.0,62.9,59.9,60.0,23.1,43245.0,540.0,96899.0,1070480.0,23.1,-0.986,-3.852,23.42,0.0,274.2,274.1,275.7,0.772,273.0,0.531,272.7,0.842,274.0,0.004,13.58,2.0,3.0,0.0,24.33,33.14,347.2,345.5,0.0,0.7559999999999998,0.945,0.882,103.6,102.4,0.2319999999999999,0.0,34.36,23.38,23.46,23.61,23.95,23.37,23.9,-118.1,23.82,23.91,106.4,8.29,11.55,11.5,11.62,9.89,9.91,8.099999999999998,12111.0,16812.0,16713.0,17046.0,14415.0,14441.0,11700.0,2.8560000000000003,3.979,3.963,4.002,3.408,3.4160000000000004,2.7910000000000004,0.0,344.6,0.0,60.2,0.0,95.4,0.0,5.0,16.0,0.0,0.0,28.03,31.21,28.04,22.2,21.75,0.0,22.71,178.7,30.41,2.0,3.474,-1.0,3.908,6.9,4901
2016-03-31 16:01:00,29.84,31.82,30.84,1113752.0,62.9,59.9,60.0,22.99,43245.0,540.0,96899.0,1070480.0,22.94,-0.986,-3.879,23.27,0.0,274.2,274.2,275.8,0.772,273.0,0.531,272.7,0.842,274.0,-0.008,13.29,2.0,1.0,0.0,24.32,32.88,345.3,343.6,0.0,0.747,0.937,0.8679999999999999,103.2,101.1,0.231,0.001,34.33,23.22,23.3,23.49,23.81,23.26,23.77,-118.8,23.69,23.78,105.4,8.22,11.56,11.53,11.59,9.85,9.88,8.13,12111.0,16812.0,16713.0,17046.0,14415.0,14441.0,11700.0,2.821,3.966,3.956,3.976,3.38,3.391,2.7910000000000004,0.0,343.1,0.0,60.18,0.0,95.2,0.0,5.0,16.0,0.0,0.0,27.83,31.03,27.85,22.21,21.74,0.0,22.58,183.6,10.38,2.0,3.474,-1.0,5.51,10.0,4901
2016-03-31 16:02:00,31.07,33.16,32.1,1113752.0,62.9,59.9,60.0,24.06,43245.0,540.0,96899.0,1070481.0,23.98,-0.988,-3.7,24.27,0.0,274.5,274.2,275.9,0.772,273.0,0.531,272.8,0.842,274.0,0.0139999999999999,13.29,2.0,1.0,0.0,24.3,33.96,341.1,339.5,0.0,0.777,0.977,0.897,108.0,105.0,0.233,0.001,34.33,23.09,23.14,23.37,23.69,23.15,23.64,-117.1,23.57,23.69,109.3,8.679999999999998,12.25,12.22,12.27,10.43,10.42,8.64,12111.0,16812.0,16713.0,17046.0,14415.0,14441.0,11701.0,2.939,4.148,4.138999999999999,4.157,3.534,3.529,2.926,0.0,338.7,0.0,60.2,0.0,99.6,0.0,5.0,16.0,0.0,0.0,29.01,32.29,29.02,22.2,21.73,0.0,22.45,193.4,19.02,2.0,3.474,-1.0,5.768,8.699999999999998,4901
2016-03-31 16:03:00,33.76,35.94,34.86,1113753.0,62.9,59.9,60.0,26.35,43245.0,540.0,96899.0,1070481.0,26.22,-0.992,-3.313,26.43,0.0,274.4,274.2,275.8,0.772,272.9,0.531,272.4,0.842,274.0,0.004,13.58,2.0,3.0,0.0,24.28,36.16,335.5,333.8,0.0,0.8479999999999999,1.067,0.973,118.5,114.4,0.2319999999999999,0.0,34.33,23.06,23.13,23.26,23.61,23.07,23.57,-117.5,23.46,23.56,118.5,9.58,13.59,13.56,13.56,11.56,11.51,9.62,12111.0,16812.0,16713.0,17046.0,14415.0,14441.0,11701.0,3.192,4.5280000000000005,4.52,4.518,3.852,3.836,3.205,0.0,333.3,0.0,60.21,0.0,107.8,0.0,5.0,16.0,0.0,0.0,31.62,34.99,31.58,22.16,21.73,0.0,22.46,190.3,16.72,2.0,3.474,-1.0,4.643,9.3,4901
2016-03-31 16:04:00,36.76,38.97,37.85,1113753.0,62.9,59.9,60.0,28.88,43245.0,540.0,96899.0,1070482.0,28.67,-0.995,-2.882,28.82,0.0,274.4,274.3,276.0,0.772,273.0,0.531,272.7,0.842,274.0,0.004,13.58,2.0,3.0,0.0,24.25,38.84,337.0,335.1,0.0,0.92,1.157,1.053,128.9,124.4,0.2319999999999999,0.0,34.29,23.14,23.16,23.31,23.65,23.1,23.63,-118.7,23.53,23.61,128.1,10.39,14.74,14.75,14.72,12.57,12.48,10.49,12111.0,16812.0,16713.0,17046.0,14415.0,14441.0,11701.0,3.475,4.929,4.932,4.924,4.203,4.175,3.507,0.0,334.4,0.0,60.22,0.0,115.2,0.0,5.0,16.0,0.0,0.0,34.51,37.94,34.38,22.21,21.74,0.0,22.56,197.6,24.3,2.0,3.474,-1.0,2.65,5.9,4901
2016-03-31 16:05:00,39.43,41.6,40.45,1113754.0,62.9,59.9,60.0,31.08,43245.0,540.0,96899.0,1070482.0,30.77,-0.997,-2.537,30.88,0.0,274.5,274.4,276.0,0.772,273.0,0.531,272.7,0.842,274.0,0.004,13.58,2.0,3.0,0.0,24.23,40.96,339.5,339.0,0.0,0.977,1.23,1.119,137.4,132.6,0.233,0.0,34.23,23.19,23.25,23.36,23.65,23.17,23.6,-97.7,23.56,23.66,136.2,11.01,15.65,15.66,15.6,13.31,13.27,11.15,12111.0,16812.0,16713.0,17046.0,14415.0,14441.0,11701.0,3.719,5.288,5.292999999999999,5.272,4.498,4.4830000000000005,3.769,0.0,337.9,0.0,60.18,0.0,120.7,0.0,5.0,16.0,0.0,0.0,37.01,40.49,36.83,22.19,21.73,0.0,22.57,193.8,23.6,2.0,3.474,-1.0,3.513,7.5,4901
2016-03-31 16:06:00,40.95,43.04,41.91,1113754.0,62.9,59.9,60.0,32.31,43245.0,540.0,96899.0,1070483.0,32.0,-0.997,-2.325,32.09,0.0,274.5,274.3,275.9,0.772,272.9,0.531,272.5,0.842,274.0,0.004,13.58,2.0,3.0,0.0,24.22,42.33,344.3,344.0,0.0,1.011,1.27,1.158,141.7,137.4,0.233,0.0,34.23,23.25,23.3,23.45,23.73,23.23,23.68,-66.1,23.66,23.7,140.9,11.26,15.99,15.95,15.92,13.62,13.59,11.36,12111.0,16812.0,16714.0,17047.0,14415.0,14441.0,11701.0,3.869,5.4910000000000005,5.478,5.4670000000000005,4.678,4.667,3.902,0.0,343.5,0.0,60.14,0.0,122.9,0.0,5.0,16.0,0.0,0.0,38.52,41.98,38.29,22.19,21.7,0.0,22.58,184.8,15.55,2.0,3.474,-1.0,4.4,7.9,4901
2016-03-31 16:07:00,42.08,44.25,43.11,1113755.0,62.9,59.9,60.0,33.29,43245.0,540.0,96899.0,1070483.0,32.97,-0.998,-2.154,33.04,0.0,274.6,274.3,276.0,0.772,273.0,0.531,272.7,0.842,274.0,-0.048,13.23,2.0,1.0,0.0,24.22,43.58,346.0,344.7,0.0,1.042,1.306,1.193,145.6,141.5,0.233,0.001,34.2,23.25,23.27,23.45,23.74,23.26,23.74,-118.9,23.59,23.75,145.1,11.6,16.45,16.45,16.44,13.99,13.99,11.68,12111.0,16812.0,16714.0,17047.0,14416.0,14441.0,11701.0,3.989,5.659,5.656000000000001,5.653,4.81,4.812,4.018,0.0,344.0,0.0,60.17,0.0,126.0,0.0,5.0,16.0,0.0,0.0,39.66,43.15,39.41,22.17,21.68,0.0,22.57,187.5,13.33,2.0,3.474,-1.0,5.382000000000001,8.4,4901
2016-03-31 16:08:00,44.74,46.98,45.82,1113755.0,62.9,59.9,60.0,35.55,43245.0,540.0,96899.0,1070484.0,35.16,-0.999,-1.777,35.2,0.0,274.4,274.4,276.1,0.772,273.0,0.531,272.8,0.842,274.0,0.0529999999999999,13.23,2.0,1.0,0.0,24.19,45.71,343.6,342.4,0.0,1.114,1.39,1.277,154.5,151.2,0.2339999999999999,0.002,34.13,23.3,23.37,23.53,23.79,23.28,23.81,-118.3,23.67,23.75,154.7,12.51,17.63,17.57,17.61,15.01,15.04,12.47,12111.0,16813.0,16714.0,17047.0,14416.0,14441.0,11701.0,4.274,6.025,6.005,6.016,5.129,5.138,4.262,0.0,341.7,0.0,60.15,0.0,133.1,0.0,5.0,16.0,0.0,0.0,42.25,45.85,42.0,22.14,21.7,0.0,22.66,197.3,38.36,2.0,3.475,-1.0,2.02,4.0,4901
2016-03-31 16:09:00,45.99,48.18,47.06,1113756.0,62.9,59.9,60.0,36.57,43245.0,540.0,96899.0,1070485.0,36.13,-0.999,-1.594,36.16,0.0,274.5,274.4,276.0,0.772,273.0,0.531,272.6,0.842,274.0,0.005,13.58,2.0,3.0,0.0,24.19,46.92,348.2,346.8,0.0,1.144,1.423,1.318,157.5,155.6,0.233,0.0,34.05,23.46,23.49,23.65,23.9,23.39,23.96,-97.1,23.8,23.88,158.8,12.7,17.74,17.72,17.82,15.21,15.21,12.58,12111.0,16813.0,16714.0,17047.0,14416.0,14441.0,11701.0,4.399,6.143,6.138,6.172000000000001,5.268,5.269,4.356,0.0,346.3,0.0,60.15,0.0,134.7,0.0,5.0,16.0,0.0,0.0,43.43,47.03,43.17,22.18,21.7,0.0,22.77,200.5,28.1,2.0,3.474,-1.0,2.3080000000000003,4.9,4901
2016-03-31 16:10:00,45.3,47.44,46.32,1113757.0,62.9,59.9,60.0,35.98,43245.0,540.0,96899.0,1070485.0,35.55,-0.999,-1.6669999999999998,35.59,0.0,274.4,274.4,276.1,0.772,272.9,0.531,272.8,0.842,274.0,0.004,13.58,2.0,3.0,0.0,24.16,46.54,351.5,349.3,0.0,1.129,1.401,1.306,154.5,154.0,0.233,0.0,34.04,23.61,23.66,23.73,24.02,23.49,24.02,-119.9,23.93,23.99,157.0,12.47,17.31,17.27,17.43,14.86,14.9,12.24,12112.0,16813.0,16714.0,17047.0,14416.0,14441.0,11701.0,4.35,6.042000000000001,6.027,6.082000000000001,5.186,5.2010000000000005,4.271,0.0,349.0,0.0,60.14,0.0,132.4,0.0,5.0,16.0,0.0,0.0,42.75,46.32,42.44,22.1,21.72,0.0,22.95,203.1,21.86,2.0,3.474,-1.0,2.39,3.8,4901
2016-03-31 16:11:00,43.45,45.52,44.46,1113757.0,62.9,59.9,60.0,34.41,43245.0,540.0,96899.0,1070486.0,34.06,-0.998,-1.918,34.11,0.0,274.5,274.5,276.0,0.772,273.0,0.531,272.8,0.842,274.0,0.004,13.58,2.0,3.0,0.0,24.16,45.07,352.6,351.2,0.0,1.087,1.345,1.263,148.1,148.6,0.233,0.0,34.02,23.67,23.73,23.84,24.13,23.58,24.18,-118.3,23.99,24.1,151.5,11.94,16.51,16.45,16.65,14.19,14.26,11.64,12112.0,16813.0,16714.0,17047.0,14416.0,14441.0,11701.0,4.187,5.789,5.767,5.837999999999999,4.976,5.001,4.08,0.0,350.6,0.0,60.15,0.0,127.7,0.0,5.0,16.0,0.0,0.0,40.98,44.48,40.69,22.16,21.7,0.0,22.94,184.6,25.21,2.0,3.474,-1.0,3.018,4.5,4901
2016-03-31 16:12:00,40.97,43.07,41.99,1113758.0,62.9,59.9,60.0,32.35,43245.0,540.0,96899.0,1070486.0,32.06,-0.998,-2.251,32.13,0.0,274.6,274.3,276.0,0.772,272.9,0.531,272.4,0.842,274.0,0.004,13.58,2.0,3.0,0.0,24.15,43.03,354.1,352.2,0.0,1.03,1.27,1.2,139.7,140.9,0.233,0.0,33.94,23.69,23.75,23.84,24.13,23.6,24.19,-118.5,23.98,24.14,143.9,11.24,15.5,15.47,15.65,13.31,13.43,10.93,12112.0,16813.0,16714.0,17047.0,14416.0,14442.0,11701.0,3.95,5.45,5.439,5.499,4.679,4.722,3.841,0.0,351.5,0.0,60.13,0.0,121.5,0.0,5.0,16.0,0.0,0.0,38.58,42.05,38.32,22.13,21.71,0.0,23.04,212.1,55.47,2.0,3.474,-1.0,2.43,6.1,4901
2016-03-31 16:13:00,37.95,40.09,39.04,1113758.0,62.9,59.9,60.0,29.86,43246.0,540.0,96899.0,1070487.0,29.62,-0.996,-2.6660000000000004,29.74,0.0,274.4,274.5,276.1,0.772,273.0,0.531,272.6,0.842,274.0,-0.031,13.25,2.0,1.0,0.0,24.14,40.44,353.5,352.5,0.0,0.958,1.178,1.12,129.5,131.3,0.2319999999999999,0.001,33.91,23.73,23.77,23.84,24.13,23.58,24.08,-117.7,24.02,24.01,134.4,10.45,14.29,14.24,14.49,12.34,12.41,10.04,12112.0,16813.0,16714.0,17047.0,14416.0,14442.0,11701.0,3.677,5.031000000000001,5.013,5.101,4.345,4.369,3.534,0.0,352.0,0.0,60.15,0.0,114.4,0.0,5.0,16.0,0.0,0.0,35.67,39.07,35.47,22.03,21.71,0.0,23.04,229.7,46.49,2.0,3.474,-1.0,2.228,5.8,4901
2016-03-31 16:14:00,34.94,37.06,36.02,1113759.0,62.9,59.9,60.0,27.35,43246.0,540.0,96899.0,1070487.0,27.15,-0.994,-3.088,27.32,0.0,274.8,274.4,276.0,0.772,273.0,0.531,273.0,0.842,274.0,0.0379999999999999,13.25,2.0,1.0,0.0,24.13,38.05,354.0,351.5,0.0,0.882,1.084,1.032,119.3,121.1,0.233,0.002,33.86,23.59,23.6,23.77,24.06,23.52,24.05,-117.4,23.96,23.94,124.4,9.62,13.17,13.15,13.34,11.34,11.45,9.25,12112.0,16813.0,16715.0,17047.0,14416.0,14442.0,11701.0,3.383,4.63,4.621,4.689,3.985,4.024,3.252,0.0,351.5,0.0,60.15,0.0,107.5,0.0,5.0,16.0,0.0,0.0,32.72,36.07,32.59,22.04,21.66,0.0,22.83,185.8,42.86,2.0,3.474,-1.0,2.73,12.0,4901
2016-03-31 16:15:00,32.44,34.52,33.47,1113759.0,62.9,59.9,60.0,25.21,43246.0,540.0,96899.0,1070488.0,25.09,-0.991,-3.42,25.32,0.0,274.5,274.3,275.9,0.772,272.8,0.531,272.5,0.842,274.0,0.004,13.58,2.0,3.0,0.0,24.12,35.7,351.6,349.5,0.0,0.815,1.002,0.954,110.6,112.2,0.2319999999999999,0.0,33.85,23.38,23.43,23.61,23.93,23.37,23.92,-118.5,23.78,23.84,115.6,8.98,12.28,12.22,12.43,10.59,10.67,8.59,12112.0,16813.0,16715.0,17048.0,14416.0,14442.0,11701.0,3.135,4.287,4.265,4.341,3.697,3.726,2.998,0.0,349.1,0.0,60.14,0.0,101.5,0.0,5.0,16.0,0.0,0.0,30.32,33.63,30.21,22.06,21.63,0.0,22.71,199.4,31.72,2.0,3.474,-1.0,4.282,8.599999999999998,4901
2016-03-31 16:16:00,30.62,32.65,31.6,1113760.0,62.9,59.9,60.0,23.67,43246.0,540.0,96899.0,1070488.0,23.62,-0.988,-3.679,23.9,0.0,274.4,274.3,276.0,0.772,273.0,0.531,272.8,0.842,274.0,0.004,13.58,2.0,3.0,0.0,24.1,34.15,348.3,347.0,0.0,0.767,0.944,0.897,104.5,105.6,0.2319999999999999,0.0,33.8,23.29,23.3,23.45,23.79,23.24,23.76,-97.2,23.64,23.7,109.1,8.519999999999998,11.7,11.64,11.82,10.06,10.15,8.16,12112.0,16814.0,16715.0,17048.0,14416.0,14442.0,11701.0,2.954,4.056,4.033,4.096,3.486,3.518,2.829,0.0,346.6,0.0,60.14,0.0,98.0,0.0,5.0,16.0,0.0,0.0,28.59,31.89,28.53,22.07,21.62,0.0,22.59,191.1,16.56,2.0,3.474,-1.0,4.472,7.2,4901
2016-03-31 16:17:00,29.61,31.62,30.58,1113760.0,62.9,59.9,60.0,22.8,43246.0,540.0,96899.0,1070488.0,22.71,-0.986,-3.815,23.03,0.0,274.7,274.1,275.8,0.772,272.6,0.531,272.3,0.842,274.0,0.004,13.59,2.0,3.0,0.0,24.1,33.13,347.0,346.0,0.0,0.7379999999999999,0.91,0.8609999999999999,101.0,101.4,0.2319999999999999,0.0,33.75,23.11,23.14,23.28,23.61,23.1,23.55,-118.3,23.48,23.53,105.0,8.22,11.31,11.26,11.44,9.73,9.79,7.912,12112.0,16814.0,16715.0,17048.0,14416.0,14442.0,11701.0,2.84,3.906,3.89,3.952,3.359,3.38,2.732,0.0,345.4,0.0,60.18,0.0,95.5,0.0,5.0,16.0,0.0,0.0,27.56,30.83,27.51,22.05,21.61,0.0,22.44,186.9,19.96,2.0,3.474,-1.0,5.788,8.9,4901
2016-03-31 16:18:00,28.83,30.86,29.81,1113761.0,62.9,59.9,60.0,22.17,43246.0,540.0,96899.0,1070489.0,22.14,-0.985,-3.9,22.49,0.0,274.4,274.3,276.0,0.772,273.0,0.531,272.7,0.842,274.0,0.004,13.59,2.0,3.0,0.0,24.08,32.79,347.9,345.3,0.0,0.7199999999999999,0.89,0.839,98.8,98.7,0.231,0.0,33.65,22.95,23.03,23.13,23.47,22.94,23.46,-92.7,23.33,23.41,102.3,8.019999999999998,11.1,11.02,11.14,9.52,9.590000000000002,7.748999999999999,12112.0,16814.0,16715.0,17048.0,14416.0,14442.0,11701.0,2.762,3.822,3.794,3.835,3.277,3.302,2.669,0.0,344.4,0.0,60.17,0.0,94.3,0.0,5.0,16.0,0.0,0.0,26.88,30.17,26.84,22.02,21.58,0.0,22.35,188.0,23.17,2.0,3.474,-1.0,3.887,7.0,4901
2016-03-31 16:19:00,28.19,30.2,29.2,1113761.0,62.9,59.9,60.0,21.63,43246.0,540.0,96899.0,1070489.0,21.65,-0.983,-3.996,22.01,0.0,274.5,274.2,275.8,0.772,272.7,0.531,272.5,0.842,274.0,0.003,13.39,2.0,3.0,0.0,24.07,32.04,345.6,344.9,0.0,0.704,0.872,0.819,96.8,96.5,0.231,0.001,33.69,22.9,22.97,23.05,23.36,22.88,23.34,-61.13,23.27,23.33,100.0,7.83,10.79,10.8,10.96,9.3,9.31,7.606,12112.0,16814.0,16715.0,17048.0,14416.0,14442.0,11702.0,2.696,3.716,3.72,3.773,3.204,3.2060000000000004,2.619,0.0,344.4,0.0,60.15,0.0,92.7,0.0,5.0,16.0,0.0,0.0,26.3,29.57,26.31,22.01,21.58,0.0,22.31,189.7,22.55,2.0,3.475,-1.0,3.013,5.9,4901
2016-03-31 16:20:00,27.54,29.6,28.53,1113761.0,62.9,59.9,60.0,21.1,43246.0,540.0,96899.0,1070489.0,21.11,-0.982,-4.046,21.49,0.0,274.4,274.3,276.0,0.772,272.8,0.531,272.5,0.842,274.0,0.005,13.58,2.0,3.0,0.0,24.05,31.49,346.3,344.5,0.0,0.6859999999999999,0.8519999999999999,0.7979999999999999,94.7,94.1,0.231,0.0,33.62,22.92,22.97,22.97,23.26,22.85,23.29,-89.59999999999998,23.26,23.27,97.5,7.636,10.59,10.56,10.67,9.07,9.12,7.442999999999999,12112.0,16814.0,16715.0,17048.0,14416.0,14442.0,11702.0,2.628,3.643,3.633,3.671,3.122,3.138,2.5610000000000004,0.0,344.1,0.0,60.19,0.0,91.0,0.0,5.0,16.0,0.0,0.0,25.66,28.95,25.68,22.02,21.62,0.0,22.37,206.4,26.18,2.0,3.474,-1.0,1.732,4.1,4901
2016-03-31 16:21:00,26.89,28.8,27.8,1113762.0,62.9,59.9,60.0,20.5,43246.0,540.0,96899.0,1070490.0,20.53,-0.981,-4.102,20.94,0.0,274.6,274.4,276.1,0.772,273.0,0.531,272.9,0.842,274.0,0.004,13.58,2.0,3.0,0.0,24.04,31.24,346.8,344.7,0.0,0.6659999999999999,0.829,0.774,92.5,91.6,0.231,0.0,33.57,22.91,22.96,22.89,23.26,22.78,23.24,2.052,23.19,23.19,94.9,7.44,10.32,10.26,10.39,8.849999999999998,8.88,7.25,12112.0,16814.0,16715.0,17048.0,14416.0,14442.0,11702.0,2.56,3.551,3.531,3.575,3.044,3.057,2.495,0.0,344.1,0.0,60.22,0.0,90.1,0.0,5.0,16.0,0.0,0.0,24.98,28.29,25.0,21.98,21.62,0.0,22.32,193.7,21.45,2.0,3.474,-1.0,3.428,6.4,4901
2016-03-31 16:22:00,26.12,28.09,27.08,1113762.0,62.9,59.9,60.0,19.9,43246.0,540.0,96899.0,1070490.0,19.96,-0.978,-4.245,20.4,0.0,275.1,274.4,276.1,0.772,273.0,0.531,273.0,0.842,274.0,0.004,13.58,2.0,3.0,0.0,24.03,30.45,346.5,345.2,0.0,0.648,0.8079999999999999,0.753,90.2,89.09999999999998,0.231,0.0,33.56,22.77,22.85,22.83,23.18,22.7,23.18,-2.088,23.1,23.14,92.4,7.19,10.02,10.06,10.13,8.57,8.609999999999998,7.106,12112.0,16814.0,16715.0,17048.0,14416.0,14442.0,11702.0,2.474,3.446,3.463,3.484,2.947,2.963,2.445,0.0,344.1,0.0,60.15,0.0,87.9,0.0,5.0,16.0,0.0,0.0,24.3,27.59,24.44,21.96,21.58,0.0,22.25,206.3,16.6,2.0,3.474,-1.0,3.145,6.6,4901
2016-03-31 16:23:00,25.48,27.43,26.45,1113762.0,62.9,59.9,60.0,19.35,43246.0,540.0,96899.0,1070490.0,19.41,-0.976,-4.329,19.89,0.0,274.6,274.5,276.2,0.772,273.0,0.531,272.9,0.842,274.0,0.004,13.58,2.0,3.0,0.0,24.01,29.86,344.8,344.6,0.0,0.632,0.789,0.7329999999999999,88.0,86.7,0.231,0.0,33.46,22.77,22.8,22.75,23.07,22.64,23.08,1.6569999999999998,23.05,23.05,89.9,7.023,9.840000000000002,9.77,9.81,8.38,8.449999999999998,6.908,12112.0,16814.0,16715.0,17048.0,14417.0,14442.0,11702.0,2.415,3.382,3.357,3.373,2.88,2.904,2.375,0.0,343.8,0.0,60.13,0.0,86.59999999999998,0.0,5.0,16.0,0.0,0.0,23.67,26.96,23.84,21.95,21.56,0.0,22.23,191.6,27.9,2.0,3.474,-1.0,2.072,4.7,4901
2016-03-31 16:24:00,24.87,26.88,25.94,1113763.0,62.9,59.9,60.0,18.9,43246.0,540.0,96899.0,1070491.0,18.97,-0.974,-4.374,19.46,0.0,274.9,274.5,276.1,0.772,273.0,0.531,273.0,0.842,274.0,0.005,13.59,2.0,3.0,0.0,23.99,29.44,344.9,343.9,0.0,0.6179999999999999,0.773,0.7159999999999999,86.29999999999998,84.7,0.231,0.0,33.52,22.74,22.79,22.69,23.02,22.58,23.03,23.09,22.98,22.98,87.79999999999998,6.875,9.6,9.58,9.670000000000002,8.22,8.23,6.783,12112.0,16814.0,16715.0,17048.0,14417.0,14442.0,11702.0,2.358,3.293,3.286,3.318,2.819,2.824,2.327,0.0,343.0,0.0,60.15,0.0,85.4,0.0,5.0,16.0,0.0,0.0,23.13,26.46,23.32,21.98,21.56,0.0,22.2,192.8,22.77,2.0,3.475,-1.0,2.98,4.8,4901
2016-03-31 16:25:00,24.63,26.59,25.6,1113763.0,62.9,59.9,60.0,18.65,43246.0,540.0,96899.0,1070491.0,18.7,-0.974,-4.376,19.21,0.0,274.5,274.4,276.1,0.772,273.0,0.531,272.9,0.842,274.0,-0.002,13.23,2.0,1.0,0.0,23.99,29.08,344.5,342.7,0.0,0.6099999999999999,0.765,0.7059999999999998,85.29999999999998,83.29999999999998,0.2319999999999999,0.002,33.45,22.68,22.71,22.64,22.97,22.49,22.95,23.1,22.93,22.95,86.5,6.796,9.52,9.49,9.56,8.14,8.15,6.727,12112.0,16814.0,16715.0,17048.0,14417.0,14442.0,11702.0,2.325,3.255,3.2460000000000004,3.269,2.785,2.787,2.301,0.0,342.1,0.0,60.14,0.0,84.4,0.0,5.0,16.0,0.0,0.0,22.84,26.18,23.01,21.97,21.53,0.0,22.11,197.2,26.33,2.0,3.474,-1.0,2.362,5.6,4901
2016-03-31 16:26:00,24.53,26.46,25.45,1113763.0,62.9,59.9,60.0,18.56,43246.0,540.0,96899.0,1070491.0,18.63,-0.973,-4.388,19.14,0.0,274.8,274.5,276.1,0.772,273.0,0.531,272.8,0.842,274.3,0.0069999999999999,13.59,2.0,3.0,0.0,23.97,29.05,343.4,341.6,0.0,0.6079999999999999,0.764,0.702,85.09999999999998,82.79999999999998,0.231,0.001,33.42,22.61,22.77,22.59,22.88,22.46,22.9,22.99,22.89,22.87,85.9,6.772,9.51,9.48,9.55,8.13,8.13,6.734,12112.0,16814.0,16715.0,17048.0,14417.0,14442.0,11702.0,2.309,3.2430000000000003,3.232,3.255,2.773,2.773,2.296,0.0,341.0,0.0,60.14,0.0,84.59999999999998,0.0,5.0,16.0,0.0,0.0,22.72,26.09,22.92,21.94,21.54,0.0,22.09,216.5,12.0,2.0,3.475,-1.0,3.3080000000000003,6.0,4901
2016-03-31 16:27:00,24.53,26.52,25.41,1113764.0,62.9,59.9,60.0,18.58,43246.0,540.0,96899.0,1070492.0,18.61,-0.973,-4.408,19.13,0.0,274.9,274.7,276.3,0.772,273.0,0.531,273.0,0.842,274.6,0.004,13.58,2.0,3.0,0.0,23.96,29.06,342.5,341.3,0.0,0.6079999999999999,0.764,0.7009999999999998,85.2,82.7,0.231,0.0,33.44,22.6,22.63,22.52,22.88,22.43,22.88,-3.2880000000000003,22.89,22.79,85.59999999999998,6.742000000000001,9.51,9.5,9.54,8.12,8.12,6.756,12113.0,16814.0,16715.0,17048.0,14417.0,14442.0,11702.0,2.296,3.239,3.234,3.25,2.764,2.766,2.301,0.0,340.6,0.0,60.14,0.0,84.79999999999998,0.0,5.0,16.0,0.0,0.0,22.7,26.07,22.89,21.91,21.54,0.0,22.06,194.0,20.84,2.0,3.474,-1.0,3.028,5.4,4901
2016-03-31 16:28:00,24.48,26.51,25.5,1113764.0,62.9,59.9,60.0,18.59,43247.0,540.0,96899.0,1070492.0,18.63,-0.973,-4.41,19.14,0.0,275.1,274.8,276.3,0.772,273.0,0.531,273.0,0.842,274.5,0.004,13.58,2.0,3.0,0.0,23.93,29.17,344.2,341.5,0.0,0.6079999999999999,0.765,0.7009999999999998,85.29999999999998,82.59999999999998,0.231,0.0,33.36,22.55,22.61,22.53,22.78,22.43,22.81,22.89,22.79,22.76,85.5,6.718,9.48,9.54,9.56,8.109999999999998,8.08,6.792999999999999,12113.0,16814.0,16715.0,17048.0,14417.0,14442.0,11702.0,2.29,3.23,3.252,3.26,2.763,2.755,2.316,0.0,340.9,0.0,60.13,0.0,84.79999999999998,0.0,5.0,16.0,0.0,0.0,22.74,26.07,22.95,21.92,21.53,0.0,22.0,184.4,20.37,2.0,3.474,-1.0,3.4130000000000003,6.5,4901
2016-03-31 16:29:00,24.67,26.72,25.77,1113765.0,62.9,59.9,60.0,18.77,43247.0,540.0,96899.0,1070492.0,18.81,-0.974,-4.386,19.32,0.0,275.0,274.8,276.3,0.772,273.0,0.531,273.0,0.842,274.5,0.004,13.58,2.0,3.0,0.0,23.92,29.37,342.4,339.9,0.0,0.6139999999999999,0.773,0.7059999999999998,86.2,83.2,0.231,0.0,33.31,22.52,22.52,22.52,22.78,22.35,22.78,22.89,22.79,22.69,86.09999999999998,6.788,9.62,9.63,9.66,8.21,8.199999999999998,6.868,12113.0,16814.0,16715.0,17048.0,14417.0,14443.0,11702.0,2.31,3.274,3.276,3.286,2.794,2.79,2.337,0.0,340.3,0.0,60.14,0.0,85.79999999999998,0.0,5.0,16.0,0.0,0.0,22.92,26.27,23.14,21.91,21.52,0.0,21.97,192.1,15.91,2.0,3.474,-1.0,2.81,4.1,4901
2016-03-31 16:30:00,25.31,27.33,26.37,1113765.0,62.9,59.9,60.0,19.28,43247.0,540.0,96899.0,1070493.0,19.28,-0.977,-4.237,19.74,0.0,275.0,274.7,276.3,0.772,273.0,0.531,273.0,0.842,274.4,0.006,13.58,2.0,3.0,0.0,23.9,29.86,341.1,338.8,0.0,0.627,0.7909999999999999,0.7209999999999999,88.4,85.0,0.231,0.0,33.36,22.52,22.52,22.48,22.76,22.32,22.78,22.89,22.72,22.69,88.0,7.004,9.93,9.920000000000002,9.94,8.48,8.449999999999998,7.089,12113.0,16814.0,16715.0,17048.0,14417.0,14443.0,11702.0,2.371,3.362,3.359,3.365,2.87,2.859,2.399,0.0,338.5,0.0,60.23,0.0,87.59999999999998,0.0,5.0,16.0,0.0,0.0,23.44,26.86,23.61,21.93,21.52,0.0,21.95,184.0,13.33,2.0,3.474,-1.0,2.905,5.4,4901
2016-03-31 16:31:00,26.38,28.46,27.41,1113765.0,62.9,59.9,60.0,20.2,43247.0,540.0,96899.0,1070493.0,20.19,-0.98,-4.128,20.61,0.0,275.1,274.8,276.4,0.772,273.0,0.531,273.0,0.842,275.0,0.002,13.36,2.0,3.0,0.0,23.88,30.85,339.0,337.4,0.0,0.654,0.8249999999999998,0.75,92.4,88.7,0.231,0.001,33.38,22.49,22.52,22.47,22.72,22.37,22.7,22.8,22.69,22.69,91.7,7.347,10.44,10.43,10.44,8.91,8.87,7.451,12113.0,16814.0,16715.0,17048.0,14417.0,14443.0,11702.0,2.4730000000000003,3.514,3.51,3.513,2.999,2.985,2.508,0.0,336.7,0.0,60.2,0.0,91.0,0.0,5.0,16.0,0.0,0.0,24.47,27.91,24.6,21.92,21.52,0.0,21.94,203.2,18.46,2.0,3.474,-1.0,3.752,6.4,4901
2016-03-31 16:32:00,27.92,30.04,28.95,1113766.0,62.9,59.9,60.0,21.47,43247.0,540.0,96899.0,1070493.0,21.43,-0.983,-4.02,21.81,0.0,274.8,274.6,276.3,0.772,273.0,0.531,273.0,0.842,274.3,0.004,13.58,2.0,3.0,0.0,23.87,32.09,338.0,337.2,0.0,0.692,0.872,0.7929999999999999,97.7,93.9,0.231,0.001,33.36,22.54,22.5,22.52,22.72,22.37,22.73,22.8,22.69,22.69,96.9,7.815,11.07,11.08,11.09,9.48,9.41,7.917,12113.0,16814.0,16715.0,17048.0,14417.0,14443.0,11702.0,2.6210000000000004,3.712,3.716,3.72,3.178,3.155,2.655,0.0,335.4,0.0,60.13,0.0,95.0,0.0,5.0,16.0,0.0,0.0,25.94,29.35,26.06,21.94,21.54,0.0,21.97,189.9,11.43,2.0,3.474,-1.0,4.1080000000000005,7.4,4901
2016-03-31 16:33:00,29.62,31.75,30.67,1113766.0,62.9,59.9,60.0,22.91,43247.0,540.0,96899.0,1070494.0,22.82,-0.986,-3.807,23.14,0.0,274.9,274.7,276.4,0.772,273.0,0.531,273.0,0.842,274.8,0.004,13.58,2.0,3.0,0.0,23.86,33.43,338.5,335.9,0.0,0.7359999999999999,0.924,0.8429999999999999,103.4,99.8,0.231,0.0,33.36,22.5,22.5,22.58,22.75,22.41,22.76,22.85,22.69,22.69,102.8,8.3,11.78,11.78,11.76,10.05,10.02,8.41,12113.0,16814.0,16716.0,17049.0,14417.0,14443.0,11702.0,2.785,3.952,3.951,3.944,3.37,3.362,2.82,0.0,335.4,0.0,60.14,0.0,98.8,0.0,5.0,16.0,0.0,0.0,27.54,30.96,27.62,21.92,21.55,0.0,21.99,200.4,13.08,2.0,3.474,-1.0,4.23,7.5,4901
2016-03-31 16:34:00,31.14,33.25,32.13,1113766.0,62.9,59.9,60.0,24.14,43247.0,540.0,96899.0,1070494.0,24.01,-0.989,-3.619,24.29,0.0,274.6,274.6,276.2,0.772,273.0,0.531,273.0,0.842,274.1,0.004,13.58,2.0,3.0,0.0,23.84,34.63,339.6,338.6,0.0,0.773,0.967,0.887,107.9,104.9,0.2319999999999999,0.0,33.38,22.6,22.6,22.6,22.78,22.5,22.82,22.89,22.79,22.76,107.9,8.699999999999998,12.23,12.23,12.3,10.5,10.44,8.72,12113.0,16814.0,16716.0,17049.0,14417.0,14443.0,11702.0,2.939,4.132,4.131,4.155,3.549,3.529,2.947,0.0,337.9,0.0,60.13,0.0,102.0,0.0,5.0,16.0,0.0,0.0,28.98,32.38,29.0,21.94,21.56,0.0,22.04,191.0,21.08,2.0,3.474,-1.0,3.278,5.3,4901
2016-03-31 16:35:00,31.66,33.76,32.65,1113767.0,62.9,59.9,60.0,24.58,43247.0,540.0,96899.0,1070495.0,24.49,-0.989,-3.579,24.75,0.0,274.9,274.6,276.2,0.772,273.0,0.531,273.0,0.842,274.6,0.004,13.58,2.0,3.0,0.0,23.83,34.99,342.9,342.7,0.0,0.787,0.982,0.906,109.2,107.1,0.2319999999999999,0.0,33.46,22.65,22.68,22.65,22.86,22.55,22.88,22.93,22.82,22.81,110.1,8.779999999999998,12.28,12.3,12.37,10.55,10.53,8.76,12113.0,16815.0,16716.0,17049.0,14417.0,14443.0,11702.0,3.004,4.203,4.211,4.2330000000000005,3.613,3.603,2.999,0.0,342.3,0.0,60.14,0.0,102.0,0.0,5.0,16.0,0.0,0.0,29.54,32.91,29.54,21.95,21.55,0.0,22.12,187.8,19.31,2.0,3.474,-1.0,2.83,4.9,4901
2016-03-31 16:36:00,31.48,33.55,32.47,1113767.0,62.9,59.9,60.0,24.42,43247.0,540.0,96899.0,1070495.0,24.31,-0.989,-3.618,24.58,0.0,274.8,274.5,276.1,0.772,273.0,0.531,273.0,0.842,274.1,-0.016,13.47,2.0,1.0,0.0,23.81,34.79,347.0,346.5,0.0,0.782,0.972,0.905,108.1,106.8,0.231,0.001,33.47,22.73,22.71,22.73,22.88,22.57,22.95,23.01,22.9,22.89,109.7,8.66,12.11,12.08,12.15,10.38,10.41,8.59,12113.0,16815.0,16716.0,17049.0,14417.0,14443.0,11703.0,2.988,4.178,4.168,4.1930000000000005,3.5810000000000004,3.594,2.964,0.0,345.1,0.0,60.14,0.0,100.3,0.0,5.0,16.0,0.0,0.0,29.36,32.66,29.35,21.94,21.55,0.0,22.18,192.8,29.72,2.0,3.474,-1.0,2.047,3.9,4901
2016-03-31 16:37:00,30.91,32.94,31.89,1113768.0,62.9,59.9,60.0,23.93,43247.0,540.0,96899.0,1070495.0,23.82,-0.988,-3.708,24.11,0.0,274.7,274.5,276.1,0.772,273.0,0.531,273.0,0.842,274.1,0.024,13.53,2.0,3.0,0.0,23.8,34.27,348.0,346.2,0.0,0.767,0.953,0.89,105.9,104.9,0.2319999999999999,0.001,33.5,22.79,22.79,22.79,22.99,22.68,23.0,23.09,22.98,22.95,108.0,8.5,11.85,11.84,11.94,10.16,10.21,8.4,12113.0,16815.0,16716.0,17049.0,14417.0,14443.0,11703.0,2.937,4.094,4.091,4.123,3.51,3.526,2.901,0.0,345.5,0.0,60.13,0.0,98.5,0.0,5.0,16.0,0.0,0.0,28.8,32.07,28.8,21.95,21.55,0.0,22.24,180.2,32.58,2.0,3.474,-1.0,1.598,4.1,4901
2016-03-31 16:38:00,30.36,32.43,31.39,1113768.0,62.9,59.9,60.0,23.5,43247.0,540.0,96899.0,1070496.0,23.43,-0.987,-3.784,23.73,0.0,274.8,274.4,276.1,0.772,273.0,0.531,273.0,0.842,274.4,0.004,13.58,2.0,3.0,0.0,23.78,33.95,346.8,345.7,0.0,0.754,0.935,0.8759999999999998,104.1,103.4,0.2319999999999999,0.0,33.57,22.79,22.77,22.79,23.09,22.68,23.01,23.12,22.98,22.98,106.5,8.41,11.68,11.65,11.77,10.03,10.07,8.25,12113.0,16815.0,16716.0,17049.0,14417.0,14443.0,11703.0,2.899,4.026,4.015,4.056,3.458,3.471,2.845,0.0,344.7,0.0,60.15,0.0,97.9,0.0,5.0,16.0,0.0,0.0,28.33,31.61,28.35,21.96,21.56,0.0,22.27,182.0,21.68,2.0,3.475,-1.0,3.523,5.4,4901
2016-03-31 16:39:00,30.1,32.08,31.07,1113769.0,62.9,59.9,60.0,23.24,43247.0,540.0,96899.0,1070496.0,23.22,-0.987,-3.844,23.53,0.0,274.9,274.6,276.2,0.772,273.0,0.531,273.0,0.842,274.8,0.004,13.58,2.0,3.0,0.0,23.78,33.63,347.1,346.0,0.0,0.7490000000000001,0.927,0.8690000000000001,103.1,102.6,0.2319999999999999,0.0,33.57,22.8,22.83,22.79,23.09,22.68,23.08,-24.03,22.98,22.98,105.7,8.37,11.61,11.54,11.66,9.98,10.02,8.16,12113.0,16815.0,16716.0,17049.0,14417.0,14443.0,11703.0,2.883,3.999,3.973,4.017,3.4360000000000004,3.45,2.812,0.0,344.4,0.0,60.15,0.0,96.9,0.0,5.0,16.0,0.0,0.0,28.1,31.33,28.1,21.96,21.59,0.0,22.26,189.4,27.65,2.0,3.474,-1.0,3.497,7.3,4901
2016-03-31 16:40:00,29.93,31.95,30.93,1113769.0,62.9,59.9,60.0,23.12,43247.0,540.0,96899.0,1070497.0,23.08,-0.986,-3.874,23.4,0.0,274.9,274.7,276.3,0.772,273.0,0.531,273.0,0.842,274.8,0.004,13.58,2.0,3.0,0.0,23.76,33.35,346.9,345.5,0.0,0.7440000000000001,0.921,0.8659999999999999,102.4,102.2,0.231,0.0,33.62,22.77,22.77,22.79,23.02,22.69,23.1,14.76,22.98,22.98,105.3,8.33,11.58,11.48,11.6,9.9,10.0,8.109999999999998,12113.0,16815.0,16716.0,17049.0,14418.0,14443.0,11703.0,2.865,3.982,3.948,3.99,3.407,3.44,2.79,0.0,344.1,0.0,60.14,0.0,96.1,0.0,5.0,16.0,0.0,0.0,27.93,31.16,27.97,21.99,21.57,0.0,22.22,181.0,12.16,2.0,3.474,-1.0,4.277,6.4,4901
2016-03-31 16:41:00,29.54,31.53,30.51,1113769.0,62.9,59.9,60.0,22.77,43247.0,540.0,96899.0,1070497.0,22.72,-0.985,-3.934,23.06,0.0,274.8,274.6,276.2,0.772,273.0,0.531,273.0,0.842,274.6,0.004,13.58,2.0,3.0,0.0,23.75,32.76,346.2,345.9,0.0,0.7349999999999999,0.906,0.8559999999999999,100.7,100.9,0.2319999999999999,0.0,33.65,22.77,22.84,22.79,23.04,22.69,23.03,1.692,22.98,22.98,104.1,8.17,11.31,11.32,11.42,9.7,9.78,7.981,12113.0,16815.0,16717.0,17049.0,14418.0,14443.0,11703.0,2.82,3.902,3.905,3.939,3.346,3.3760000000000003,2.753,0.0,345.0,0.0,60.15,0.0,94.7,0.0,5.0,16.0,0.0,0.0,27.53,30.72,27.56,22.0,21.61,0.0,22.22,196.1,21.83,2.0,3.474,-1.0,3.9,6.8,4901
2016-03-31 16:42:00,28.56,30.57,29.53,1113770.0,62.9,59.9,60.0,21.96,43247.0,540.0,96899.0,1070497.0,21.96,-0.983,-4.054,22.33,0.0,274.8,274.5,276.2,0.772,273.0,0.531,273.0,0.842,274.8,0.004,13.5,2.0,1.0,0.0,23.75,32.05,348.1,346.1,0.0,0.7129999999999999,0.8759999999999998,0.832,97.3,98.0,0.231,0.001,33.67,22.76,22.79,22.76,23.06,22.68,23.0,23.1,22.96,22.96,101.2,7.945,10.92,10.85,11.03,9.4,9.47,7.641,12113.0,16815.0,16717.0,17050.0,14418.0,14443.0,11703.0,2.747,3.775,3.751,3.811,3.249,3.274,2.641,0.0,345.7,0.0,60.19,0.0,92.1,0.0,5.0,16.0,0.0,0.0,26.65,29.84,26.67,21.98,21.62,0.0,22.18,175.2,23.43,2.0,3.474,-1.0,3.595,5.4,4901
2016-03-31 16:43:00,27.09,29.0,28.02,1113770.0,62.9,59.9,60.0,20.7,43248.0,540.0,96899.0,1070498.0,20.74,-0.98,-4.252,21.17,0.0,274.7,274.8,276.5,0.772,273.0,0.531,273.0,0.842,275.0,0.004,13.58,2.0,3.0,0.0,23.74,30.9,349.3,347.0,0.0,0.677,0.8309999999999998,0.792,92.2,93.1,0.231,0.0,33.67,22.71,22.82,22.69,23.03,22.6,23.0,23.12,22.89,22.92,96.4,7.536,10.29,10.23,10.45,8.91,8.939999999999998,7.193,12113.0,16815.0,16717.0,17050.0,14418.0,14443.0,11703.0,2.609,3.5610000000000004,3.54,3.617,3.084,3.096,2.49,0.0,346.2,0.0,60.15,0.0,88.5,0.0,5.0,16.0,0.0,0.0,25.26,28.39,25.29,22.02,21.6,0.0,22.16,191.2,21.23,2.0,,-1.0,3.665,22.2,4901
2016-03-31 16:44:00,25.27,27.17,26.15,1113771.0,62.9,59.9,60.0,19.16,43248.0,540.0,96899.0,1070498.0,19.23,-0.974,-4.49,19.75,0.0,274.9,274.8,276.4,0.772,273.0,0.531,273.0,0.842,275.0,0.004,13.58,2.0,3.0,0.0,23.72,29.24,349.3,347.2,0.0,0.634,0.777,0.7429999999999999,86.0,87.0,0.231,0.0,33.67,22.68,22.81,22.68,22.97,22.6,22.91,9.02,22.89,22.89,90.3,7.004,9.57,9.52,9.69,8.25,8.32,6.689,12114.0,16815.0,16717.0,17050.0,14418.0,14443.0,11703.0,2.426,3.313,3.298,3.358,2.858,2.883,2.317,0.0,346.4,0.0,60.17,0.0,83.7,0.0,5.0,16.0,0.0,0.0,23.55,26.62,23.64,22.02,21.64,0.0,22.18,176.2,15.65,2.0,3.474,-1.0,3.13,5.0,4901
2016-03-31 16:45:00,23.54,25.3,24.37,1113771.0,62.9,59.9,60.0,17.65,43248.0,540.0,96899.0,1070498.0,17.74,-0.967,-4.705,18.36,0.0,274.8,274.5,276.1,0.772,273.0,0.531,273.0,0.842,274.6,0.004,13.58,2.0,3.0,0.0,23.72,27.69,348.6,346.3,0.0,0.5899999999999999,0.7249999999999999,0.692,79.94,80.79999999999998,0.231,0.0,33.67,22.66,22.7,22.6,22.97,22.6,22.86,22.57,22.85,22.85,84.0,6.506,8.89,8.82,9.0,7.66,7.732999999999999,6.191,12114.0,16815.0,16717.0,17050.0,14418.0,14443.0,11703.0,2.249,3.072,3.048,3.111,2.648,2.673,2.14,0.0,345.7,0.0,60.14,0.0,79.42,0.0,5.0,16.0,0.0,0.0,21.9,24.96,22.04,22.04,21.63,0.0,22.12,186.0,21.66,2.0,3.474,-1.0,4.192,8.9,4901
2016-03-31 16:46:00,21.89,23.73,22.77,1113771.0,62.9,59.9,60.0,16.31,43248.0,540.0,96899.0,1070498.0,16.43,-0.958,-4.915,17.15,0.0,274.9,274.6,276.2,0.772,273.0,0.531,273.0,0.842,274.9,0.004,13.58,2.0,3.0,0.0,23.71,26.33,347.5,345.9,0.0,0.552,0.679,0.647,74.62999999999998,75.25,0.231,0.0,33.67,22.57,22.6,22.53,22.88,22.5,22.73,-3.094,22.76,22.76,78.44,6.053,8.29,8.21,8.37,7.126,7.211,5.763999999999999,12114.0,16815.0,16717.0,17050.0,14418.0,14444.0,11703.0,2.089,2.861,2.835,2.889,2.459,2.489,1.989,0.0,345.1,0.0,60.14,0.0,75.78,0.0,5.0,16.0,0.0,0.0,20.4,23.49,20.65,22.03,21.67,0.0,22.03,198.7,14.13,2.0,3.474,-1.0,5.897,11.2,4901
2016-03-31 16:47:00,20.51,22.37,21.42,1113771.0,62.9,59.9,60.0,15.17,43248.0,540.0,96899.0,1070499.0,15.35,-0.949,-5.094,16.18,0.0,275.0,274.6,276.3,0.772,273.0,0.531,273.0,0.842,274.9,-0.013,13.5,2.0,1.0,0.0,23.7,25.2,346.3,345.0,0.0,0.521,0.642,0.6099999999999999,70.21,70.52,0.23,0.001,33.67,22.44,22.53,22.44,22.8,22.41,22.68,1.472,22.68,22.64,73.65999999999998,5.676,7.8039999999999985,7.761,7.875,6.691,6.781000000000001,5.445,12114.0,16815.0,16717.0,17050.0,14418.0,14444.0,11703.0,1.951,2.6830000000000003,2.668,2.707,2.3,2.331,1.872,0.0,343.8,0.0,60.15,0.0,72.76999999999998,0.0,5.0,16.0,0.0,0.0,19.2,22.3,19.54,22.03,21.68,0.0,21.96,193.0,13.27,2.0,3.474,-1.0,5.412000000000001,7.5,4901
2016-03-31 16:48:00,19.54,21.33,20.48,1113772.0,62.9,59.9,60.0,14.36,43248.0,540.0,96899.0,1070499.0,14.53,-0.941,-5.223,15.44,0.0,274.7,274.8,276.4,0.772,273.0,0.531,273.0,0.842,274.9,0.022,13.5,2.0,3.0,0.0,23.69,24.37,344.4,343.3,0.0,0.496,0.6129999999999999,0.5799999999999998,66.86,66.86,0.23,0.001,33.67,22.39,22.46,22.34,22.69,22.31,22.62,-24.73,22.6,22.6,69.91,5.406000000000001,7.417999999999998,7.382,7.507999999999998,6.376,6.432,5.181,12114.0,16815.0,16717.0,17050.0,14418.0,14444.0,11703.0,1.853,2.542,2.53,2.573,2.185,2.204,1.775,0.0,342.7,0.0,60.18,0.0,70.76,0.0,5.0,16.0,0.0,0.0,18.29,21.38,18.68,22.02,21.67,0.0,21.9,178.8,26.17,2.0,3.474,-1.0,3.652,6.3,4901
2016-03-31 16:49:00,18.76,20.62,19.76,1113772.0,62.9,59.9,60.0,13.74,43248.0,540.0,96899.0,1070499.0,13.97,-0.935,-5.281000000000001,14.94,0.0,275.1,274.7,276.3,0.772,273.0,0.531,273.0,0.842,274.9,0.004,13.62,2.0,3.0,0.0,23.68,23.68,343.1,341.5,0.0,0.4779999999999999,0.5929999999999999,0.5589999999999999,64.62,64.26,0.23,0.0,33.67,22.29,22.4,22.25,22.6,22.23,22.58,22.64,22.52,22.5,67.24,5.214,7.21,7.1610000000000005,7.271,6.166,6.237,5.029,12114.0,16815.0,16717.0,17050.0,14418.0,14444.0,11703.0,1.778,2.459,2.442,2.479,2.102,2.127,1.715,0.0,341.0,0.0,60.21,0.0,69.04,0.0,5.0,16.0,0.0,0.0,17.65,20.8,18.12,22.02,21.67,0.0,21.85,183.3,11.45,2.0,3.475,-1.0,5.148,8.9,4901
2016-03-31 16:50:00,18.42,20.24,19.27,1113772.0,62.9,59.9,60.0,13.39,43248.0,540.0,96899.0,1070499.0,13.59,-0.93,-5.358,14.6,0.0,275.0,274.7,276.3,0.772,273.0,0.531,273.0,0.842,275.0,0.004,13.62,2.0,3.0,0.0,23.67,23.15,342.3,340.9,0.0,0.466,0.5799999999999998,0.545,63.1,62.44,0.23,0.0,33.65,22.24,22.34,22.18,22.57,22.2,22.48,-3.297,22.45,22.42,65.3,5.105,7.039,6.986000000000001,7.114,6.045,6.0760000000000005,4.905,12114.0,16815.0,16717.0,17050.0,14418.0,14444.0,11703.0,1.735,2.393,2.375,2.419,2.055,2.065,1.668,0.0,340.0,0.0,60.15,0.0,67.63,0.0,5.0,16.0,0.0,0.0,17.24,20.37,17.76,22.01,21.68,0.0,21.8,199.0,15.75,2.0,3.474,-1.0,6.035,8.8,4901
2016-03-31 16:51:00,17.92,19.85,19.01,1113773.0,62.9,59.9,60.0,13.08,43248.0,540.0,96899.0,1070500.0,13.29,-0.927,-5.388999999999999,14.34,0.0,275.0,274.7,276.4,0.772,273.0,0.531,273.0,0.842,275.0,0.004,13.62,2.0,3.0,0.0,23.64,22.92,340.6,339.2,0.0,0.4579999999999999,0.57,0.534,61.97,60.99,0.23,0.0,33.57,22.22,22.25,22.1,22.44,22.12,22.42,0.965,22.41,22.34,63.75,4.992,6.935,6.899,6.979,5.934,5.972,4.86,12114.0,16815.0,16717.0,17050.0,14418.0,14444.0,11703.0,1.689,2.347,2.335,2.362,2.008,2.021,1.645,0.0,338.5,0.0,60.15,0.0,67.29,0.0,5.0,16.0,0.0,0.0,16.91,20.06,17.46,21.98,21.63,0.0,21.75,192.5,21.45,2.0,3.474,-1.0,3.943,5.8,4901
2016-03-31 16:52:00,17.74,19.57,18.56,1113773.0,62.9,59.9,60.0,12.83,43248.0,540.0,96899.0,1070500.0,13.06,-0.923,-5.43,14.14,0.0,275.3,274.7,276.4,0.772,273.0,0.531,273.0,0.842,275.0,0.004,13.62,2.0,3.0,0.0,23.64,22.84,339.7,338.4,0.0,0.45,0.562,0.525,61.11,59.84,0.23,0.0,33.57,22.13,22.23,22.04,22.39,22.04,22.37,-20.59,22.31,22.29,62.5,4.91,6.829,6.8020000000000005,6.872999999999999,5.851,5.869,4.796,12114.0,16815.0,16717.0,17050.0,14418.0,14444.0,11703.0,1.6569999999999998,2.305,2.295,2.319,1.975,1.981,1.619,0.0,337.5,0.0,60.14,0.0,67.24,0.0,5.0,16.0,0.0,0.0,16.64,19.79,17.24,21.94,21.61,0.0,21.72,189.4,18.58,2.0,3.474,-1.0,2.895,4.4,4901
2016-03-31 16:53:00,17.52,19.21,18.32,1113773.0,62.9,59.9,60.0,12.61,43248.0,540.0,96899.0,1070500.0,12.9,-0.921,-5.45,14.01,0.0,274.9,274.9,276.5,0.772,273.0,0.531,273.0,0.842,275.0,0.003,13.39,2.0,3.0,0.0,23.63,22.81,339.4,336.9,0.0,0.444,0.557,0.517,60.54,59.04,0.23,0.001,33.52,22.14,22.2,22.0,22.34,22.02,22.28,-3.584,22.26,22.21,61.61,4.859,6.799,6.768,6.8260000000000005,5.808,5.829,4.777,12114.0,16815.0,16717.0,17050.0,14418.0,14444.0,11703.0,1.635,2.2880000000000003,2.278,2.298,1.955,1.962,1.608,0.0,336.6,0.0,60.14,0.0,67.2,0.0,5.0,16.0,0.0,0.0,16.48,19.63,17.09,21.99,21.63,0.0,21.68,193.9,16.74,2.0,3.474,-1.0,5.045,7.5,4901
2016-03-31 16:54:00,17.64,19.15,18.29,1113773.0,62.9,59.9,60.0,12.62,43248.0,540.0,96899.0,1070500.0,12.87,-0.921,-5.461,13.98,0.0,275.0,274.9,276.5,0.772,273.0,0.531,273.0,0.842,275.0,0.005,13.62,2.0,3.0,0.0,23.61,22.7,337.8,336.3,0.0,0.442,0.556,0.515,60.52,58.68,0.23,0.0,33.47,22.07,22.19,21.93,22.31,21.97,22.2,-3.254,22.21,22.21,61.3,4.847,6.79,6.774,6.832000000000001,5.808,5.812,4.792,12114.0,16815.0,16717.0,17050.0,14418.0,14444.0,11703.0,1.626,2.278,2.272,2.292,1.948,1.95,1.608,0.0,335.5,0.0,60.14,0.0,67.21,0.0,5.0,16.0,0.0,0.0,16.42,19.6,17.05,21.98,21.67,0.0,21.66,183.1,13.5,2.0,3.474,-1.0,5.453,8.5,4901
2016-03-31 16:55:00,17.61,19.21,18.33,1113774.0,62.9,59.9,60.0,12.64,43249.0,540.0,96899.0,1070501.0,12.95,-0.923,-5.386,14.02,0.0,275.2,275.0,276.6,0.772,273.1,0.531,273.0,0.842,275.0,0.004,13.62,2.0,3.0,0.0,23.61,22.64,336.8,335.0,0.0,0.445,0.56,0.516,61.0,58.95,0.23,0.0,33.44,22.02,22.1,21.93,22.23,21.93,22.17,0.921,22.21,22.14,61.4,4.885,6.855,6.845,6.893,5.863,5.858,4.851,12114.0,16815.0,16717.0,17050.0,14418.0,14444.0,11703.0,1.633,2.292,2.289,2.305,1.961,1.959,1.622,0.0,334.4,0.0,60.23,0.0,67.24,0.0,5.0,16.0,0.0,0.0,16.48,19.72,17.07,21.97,21.67,0.0,21.64,190.3,11.22,2.0,3.474,-1.0,4.328,8.599999999999998,4901
2016-03-31 16:56:00,17.79,19.73,18.65,1113774.0,62.9,59.9,60.0,12.91,43249.0,540.0,96899.0,1070501.0,13.08,-0.925,-5.371,14.14,0.0,275.0,274.9,276.6,0.772,273.0,0.531,273.0,0.842,275.0,0.004,13.62,2.0,3.0,0.0,23.58,22.57,335.3,333.7,0.0,0.449,0.564,0.52,61.64,59.36,0.23,0.0,33.38,22.02,22.09,21.83,22.19,21.93,22.1,-3.615,22.15,22.12,61.79,4.931,6.929,6.933,6.9670000000000005,5.931,5.917999999999999,4.925,12114.0,16815.0,16717.0,17050.0,14418.0,14444.0,11703.0,1.643,2.309,2.311,2.322,1.977,1.972,1.642,0.0,333.3,0.0,60.18,0.0,67.34,0.0,5.0,16.0,0.0,0.0,16.63,19.87,17.21,21.97,21.66,0.0,21.63,198.7,16.06,2.0,3.474,-1.0,4.42,6.2,4901
2016-03-31 16:57:00,17.79,19.76,18.95,1113774.0,62.9,59.9,60.0,13.01,43249.0,540.0,96899.0,1070501.0,13.15,-0.926,-5.355,14.19,0.0,275.2,274.9,276.5,0.772,273.0,0.531,273.0,0.842,275.0,0.004,13.62,2.0,3.0,0.0,23.58,22.69,336.3,334.5,0.0,0.451,0.566,0.522,61.94,59.61,0.23,0.0,33.36,22.04,22.11,21.83,22.2,21.91,22.1,-3.853,22.12,22.12,61.91,4.95,6.965,6.94,6.988,5.962999999999999,5.941,4.937,12114.0,16815.0,16717.0,17050.0,14419.0,14444.0,11703.0,1.652,2.325,2.316,2.332,1.99,1.983,1.648,0.0,333.8,0.0,60.15,0.0,67.47,0.0,5.0,16.0,0.0,0.0,16.71,19.91,17.29,21.97,21.65,0.0,21.61,195.8,14.06,2.0,3.474,-1.0,4.345,8.0,4901
2016-03-31 16:58:00,17.78,19.67,18.7,1113774.0,62.9,59.9,60.0,12.91,43249.0,540.0,96899.0,1070501.0,13.09,-0.925,-5.363,14.14,0.0,274.8,275.0,276.6,0.772,273.0,0.531,273.0,0.842,275.0,0.005,13.37,2.0,3.0,0.0,23.56,22.72,337.6,335.3,0.0,0.4479999999999999,0.564,0.517,61.72,59.29,0.2289999999999999,0.0,33.33,22.01,22.11,21.83,22.18,21.83,22.1,-3.947,22.12,22.08,61.61,4.907,6.909,6.916,6.947,5.916,5.89,4.927,12114.0,16815.0,16717.0,17050.0,14419.0,14444.0,11703.0,1.643,2.312,2.315,2.325,1.98,1.971,1.649,0.0,334.7,0.0,60.14,0.0,67.3,0.0,5.0,16.0,0.0,0.0,16.65,19.87,17.21,21.96,21.62,0.0,21.6,191.0,12.47,2.0,3.474,-1.0,2.94,4.4,4901
2016-03-31 16:59:00,17.58,19.29,18.33,1113775.0,62.9,59.9,60.0,12.66,43249.0,540.0,96899.0,1070501.0,12.94,-0.923,-5.381,14.01,0.0,275.2,275.2,276.7,0.772,273.5,0.531,273.3,0.842,275.0,0.003,13.37,2.0,3.0,0.0,23.55,22.67,337.2,336.7,0.0,0.441,0.556,0.51,61.15,58.6,0.23,0.001,33.28,22.09,22.11,21.82,22.12,21.83,22.09,0.499,22.08,22.02,60.9,4.849,6.837999999999999,6.81,6.843,5.855,5.824,4.857,12114.0,16815.0,16717.0,17050.0,14419.0,14444.0,11703.0,1.626,2.293,2.2840000000000003,2.295,1.964,1.953,1.629,0.0,335.4,0.0,60.18,0.0,67.24,0.0,5.0,16.0,0.0,0.0,16.45,19.7,17.06,21.95,21.63,0.0,21.59,185.0,25.7,2.0,3.474,-1.0,3.327,5.1,4901
2016-03-31 17:00:00,17.23,19.19,18.29,1113775.0,62.9,59.9,60.0,12.54,43249.0,540.0,96899.0,1070502.0,12.82,-0.922,-5.381,13.9,0.0,275.3,275.3,276.9,0.772,274.0,0.531,273.8,0.842,275.0,0.004,13.62,2.0,3.0,0.0,23.53,22.74,338.3,336.5,0.0,0.436,0.55,0.503,60.69,57.99,0.23,0.0,33.22,22.03,22.11,21.77,22.12,21.83,22.1,-21.01,22.02,22.04,60.31,4.782,6.763999999999999,6.75,6.781000000000001,5.783,5.757999999999999,4.824,12114.0,16815.0,16717.0,17050.0,14419.0,14444.0,11703.0,1.605,2.27,2.266,2.276,1.941,1.933,1.619,0.0,335.7,0.0,60.22,0.0,67.22,0.0,5.0,16.0,0.0,0.0,16.3,19.55,16.91,21.97,21.59,0.0,21.56,174.9,12.91,2.0,3.474,-1.0,3.335,5.3,4901
2016-03-31 17:01:00,17.31,19.2,18.29,1113775.0,62.9,59.9,60.0,12.57,43249.0,540.0,96899.0,1070502.0,12.82,-0.922,-5.379,13.9,0.0,275.6,275.3,276.9,0.772,274.0,0.531,273.9,0.842,275.0,0.004,13.62,2.0,3.0,0.0,23.52,22.67,337.2,335.9,0.0,0.435,0.5489999999999999,0.502,60.76,57.9,0.23,0.0,33.18,21.94,22.06,21.73,22.1,21.83,22.09,-21.06,22.02,22.02,60.22,4.79,6.7860000000000005,6.788,6.8,5.801,5.768,4.851,12114.0,16815.0,16717.0,17050.0,14419.0,14444.0,11703.0,1.604,2.273,2.273,2.278,1.943,1.932,1.625,0.0,334.9,0.0,60.22,0.0,67.23,0.0,5.0,16.0,0.0,0.0,16.3,19.56,16.91,21.96,21.6,0.0,21.55,194.4,18.28,2.0,3.474,-1.0,4.315,7.2,4901
2016-03-31 17:02:00,17.66,19.38,18.51,1113775.0,62.9,59.9,60.0,12.79,43249.0,540.0,96899.0,1070502.0,12.99,-0.924,-5.371,14.06,0.0,275.9,275.7,277.2,0.772,274.0,0.531,274.0,0.842,275.6,0.004,13.62,2.0,3.0,0.0,23.52,22.67,336.7,335.0,0.0,0.439,0.555,0.505,61.54,58.53,0.23,0.0,33.18,21.98,22.06,21.73,22.09,21.83,22.02,-51.33,22.02,22.02,60.86,4.852,6.894,6.888999999999999,6.898,5.882000000000001,5.855,4.929,12114.0,16815.0,16717.0,17050.0,14419.0,14444.0,11703.0,1.622,2.3040000000000003,2.303,2.306,1.966,1.957,1.648,0.0,334.2,0.0,60.21,0.0,67.33,0.0,5.0,16.0,0.0,0.0,16.47,19.73,17.07,21.96,21.68,0.0,21.57,186.9,15.04,2.0,3.474,-1.0,4.413,8.599999999999998,4901
2016-03-31 17:03:00,17.9,19.87,18.99,1113776.0,62.9,59.9,60.0,13.12,43249.0,540.0,96899.0,1070502.0,13.3,-0.929,-5.315,14.32,0.0,276.0,275.6,277.2,0.772,274.0,0.531,274.0,0.842,275.2,0.004,13.62,2.0,3.0,0.0,23.5,22.99,335.4,333.9,0.0,0.449,0.567,0.515,62.92,59.82,0.23,0.0,33.09,21.99,22.11,21.73,22.1,21.83,21.99,-3.847,22.02,22.0,62.15,4.979,7.073,7.072,7.079,6.041,6.007000000000001,5.062,12114.0,16815.0,16717.0,17050.0,14419.0,14445.0,11703.0,1.658,2.355,2.355,2.357,2.012,2.0,1.686,0.0,333.0,0.0,60.21,0.0,68.56,0.0,5.0,16.0,0.0,0.0,16.8,20.09,17.37,21.99,21.7,0.0,21.58,196.0,15.36,2.0,3.474,-1.0,5.08,8.3,4901
2016-03-31 17:04:00,18.48,20.33,19.38,1113776.0,62.9,59.9,60.0,13.54,43249.0,540.0,96899.0,1070502.0,13.67,-0.933,-5.257000000000001,14.64,0.0,276.2,275.8,277.4,0.772,274.0,0.531,274.0,0.842,276.0,-0.002,13.25,2.0,1.0,0.0,23.5,23.72,335.2,333.6,0.0,0.46,0.5799999999999998,0.527,64.42,61.39,0.231,0.002,33.09,22.09,22.11,21.73,22.12,21.83,22.07,8.099999999999998,22.02,22.04,63.72,5.1160000000000005,7.257,7.257999999999998,7.271,6.203,6.166,5.191,12114.0,16815.0,16717.0,17050.0,14419.0,14445.0,11703.0,1.702,2.415,2.415,2.419,2.064,2.052,1.727,0.0,332.8,0.0,60.21,0.0,70.78,0.0,5.0,16.0,0.0,0.0,17.14,20.49,17.72,21.99,21.69,0.0,21.59,195.2,14.0,2.0,3.474,-1.0,3.92,6.1,4901
2016-03-31 17:05:00,18.64,20.55,19.7,1113776.0,62.9,59.9,60.0,13.73,43249.0,540.0,96899.0,1070503.0,13.97,-0.937,-5.187,14.9,0.0,276.0,275.7,277.3,0.772,274.0,0.531,274.0,0.842,275.6,0.009,13.62,2.0,3.0,0.0,23.47,23.86,335.5,333.9,0.0,0.4679999999999999,0.5889999999999999,0.537,65.62,62.72,0.23,0.001,33.01,22.09,22.11,21.73,22.1,21.83,22.07,22.13,22.02,22.06,65.06,5.228,7.399,7.397999999999999,7.407,6.328,6.297999999999999,5.288,12114.0,16815.0,16717.0,17050.0,14419.0,14445.0,11703.0,1.742,2.465,2.464,2.467,2.108,2.0980000000000003,1.761,0.0,333.1,0.0,60.21,0.0,71.13,0.0,5.0,16.0,0.0,0.0,17.46,20.83,18.0,21.97,21.68,0.0,21.6,192.0,10.96,2.0,3.474,-1.0,4.325,6.0,4901
2016-03-31 17:06:00,18.93,20.71,19.77,1113776.0,62.9,59.9,60.0,13.88,43250.0,540.0,96899.0,1070503.0,14.1,-0.939,-5.16,15.02,0.0,275.9,276.0,277.5,0.772,274.0,0.531,274.0,0.842,275.7,0.004,13.62,2.0,3.0,0.0,23.47,23.94,336.6,335.0,0.0,0.472,0.592,0.542,66.0,63.41,0.23,0.0,32.99,22.11,22.11,21.73,22.12,21.83,22.01,-25.03,22.02,22.09,65.71,5.267,7.432,7.427,7.455,6.361000000000001,6.34,5.305,12114.0,16815.0,16717.0,17050.0,14419.0,14445.0,11703.0,1.76,2.484,2.482,2.491,2.126,2.119,1.773,0.0,334.2,0.0,60.22,0.0,71.13,0.0,5.0,16.0,0.0,0.0,17.61,20.93,18.12,21.98,21.69,0.0,21.61,192.1,14.41,2.0,3.474,-1.0,4.48,7.7,4901
2016-03-31 17:07:00,18.92,20.75,19.83,1113777.0,62.9,59.9,60.0,13.89,43250.0,540.0,96899.0,1070503.0,14.06,-0.939,-5.151,14.97,0.0,275.7,275.7,277.3,0.772,274.0,0.531,274.0,0.842,275.3,0.004,13.62,2.0,3.0,0.0,23.46,24.06,338.3,336.7,0.0,0.4689999999999999,0.587,0.54,65.65,63.35,0.23,0.0,32.99,22.11,22.11,21.75,22.12,21.83,22.07,-15.35,22.02,22.07,65.64,5.239,7.378999999999999,7.364,7.397,6.317,6.305,5.254,12114.0,16815.0,16717.0,17050.0,14419.0,14445.0,11703.0,1.759,2.478,2.4730000000000003,2.484,2.121,2.117,1.764,0.0,335.8,0.0,60.21,0.0,71.12,0.0,5.0,16.0,0.0,0.0,17.57,20.91,18.07,21.98,21.65,0.0,21.61,177.6,31.75,2.0,3.474,-1.0,2.475,4.6,4901
2016-03-31 17:08:00,18.56,20.46,19.65,1113777.0,62.9,59.9,60.0,13.66,43250.0,540.0,96899.0,1070503.0,13.81,-0.936,-5.189,14.75,0.0,275.9,275.7,277.2,0.772,274.0,0.531,274.0,0.842,275.4,0.004,13.62,2.0,3.0,0.0,23.44,24.02,339.6,338.0,0.0,0.4589999999999999,0.573,0.53,64.38,62.48,0.23,0.0,32.91,22.11,22.11,21.75,22.1,21.83,22.0,-94.4,22.02,22.09,64.79,5.15,7.217,7.2010000000000005,7.245,6.183,6.188,5.135,12114.0,16815.0,16717.0,17050.0,14419.0,14445.0,11703.0,1.736,2.4330000000000003,2.427,2.442,2.084,2.086,1.731,0.0,337.1,0.0,60.22,0.0,70.72,0.0,5.0,16.0,0.0,0.0,17.34,20.63,17.82,21.99,21.65,0.0,21.61,189.9,15.29,2.0,3.474,-1.0,2.937,6.1,4901
2016-03-31 17:09:00,17.9,19.72,18.9,1113777.0,62.9,59.9,60.0,13.06,43250.0,540.0,96899.0,1070504.0,13.27,-0.929,-5.275,14.28,0.0,276.0,275.7,277.2,0.772,274.0,0.531,274.0,0.842,275.6,0.004,13.62,2.0,3.0,0.0,23.44,23.21,341.7,340.0,0.0,0.442,0.55,0.512,62.0,60.53,0.23,0.0,32.89,22.11,22.11,21.73,22.1,21.83,22.0,0.8609999999999999,22.02,22.13,62.85,4.945,6.899,6.877000000000001,6.946000000000001,5.917000000000001,5.934,4.897,12114.0,16815.0,16717.0,17050.0,14419.0,14445.0,11703.0,1.6780000000000002,2.341,2.333,2.357,2.008,2.013,1.661,0.0,339.3,0.0,60.22,0.0,67.93,0.0,5.0,16.0,0.0,0.0,16.77,20.04,17.29,21.98,21.67,0.0,21.61,186.1,16.64,2.0,3.474,-1.0,5.228,8.4,4901
2016-03-31 17:10:00,16.81,18.6,17.85,1113777.0,62.9,59.9,60.0,12.16,43250.0,540.0,96899.0,1070504.0,12.41,-0.916,-5.414,13.54,0.0,275.7,275.9,277.4,0.772,274.0,0.531,274.0,0.842,275.7,0.0,13.5,2.0,1.0,0.0,23.42,22.64,343.8,342.1,0.0,0.417,0.516,0.4839999999999999,58.43,57.18,0.23,0.001,32.88,22.11,22.11,21.73,22.1,21.83,22.02,-72.98999999999998,22.02,22.11,59.64,4.632,6.4270000000000005,6.402,6.482,5.523,5.545,4.553,12114.0,16815.0,16717.0,17050.0,14419.0,14445.0,11703.0,1.582,2.194,2.186,2.213,1.886,1.893,1.554,0.0,341.5,0.0,60.21,0.0,65.86,0.0,5.0,16.0,0.0,0.0,15.86,19.06,16.46,21.99,21.68,0.0,21.61,196.4,14.26,2.0,3.474,-1.0,3.878,7.1,4901
2016-03-31 17:11:00,15.56,17.19,16.52,1113778.0,62.9,59.9,60.0,11.04,43250.0,540.0,96899.0,1070504.0,11.34,-0.897,-5.587999999999999,12.64,0.0,276.2,275.6,277.1,0.772,274.0,0.531,274.0,0.842,275.4,0.004,13.62,2.0,3.0,0.0,23.41,21.53,345.4,343.1,0.0,0.384,0.4749999999999999,0.4479999999999999,53.8,52.98,0.23,0.0,32.8,22.06,22.11,21.73,22.05,21.81,22.0,-68.59,22.02,22.03,55.47,4.259,5.895,5.885,5.932,5.053,5.102,4.178,12114.0,16815.0,16717.0,17050.0,14419.0,14445.0,11703.0,1.457,2.017,2.013,2.029,1.729,1.745,1.429,0.0,342.2,0.0,60.17,0.0,62.34,0.0,5.0,16.0,0.0,0.0,14.78,17.89,15.44,21.97,21.66,0.0,21.59,185.3,23.11,2.0,3.474,-1.0,3.293,6.3,4901
2016-03-31 17:12:00,14.2,15.9,15.22,1113778.0,62.9,59.9,60.0,9.93,43250.0,540.0,96899.0,1070504.0,10.3,-0.873,-5.757999999999999,11.8,0.0,276.0,275.7,277.2,0.772,274.0,0.531,274.0,0.842,275.4,0.004,13.62,2.0,3.0,0.0,23.41,20.36,343.2,342.3,0.0,0.3499999999999999,0.433,0.4099999999999999,49.35,48.6,0.23,0.0,32.8,22.01,22.03,21.65,22.02,21.73,21.99,-72.42,21.93,22.01,51.23,3.912,5.406000000000001,5.375,5.457000000000001,4.646,4.688,3.812,12114.0,16815.0,16717.0,17050.0,14419.0,14445.0,11703.0,1.3330000000000002,1.842,1.832,1.86,1.5830000000000002,1.598,1.2990000000000002,0.0,340.8,0.0,60.18,0.0,59.32,0.0,5.0,16.0,0.0,0.0,13.75,16.85,14.51,21.99,21.66,0.0,21.55,195.9,21.16,2.0,3.474,-1.0,3.95,7.1,4901
2016-03-31 17:13:00,13.26,14.82,14.18,1113778.0,62.9,59.9,60.0,9.05,43250.0,540.0,96899.0,1070504.0,9.47,-0.849,-5.896,11.16,0.0,275.7,275.4,276.9,0.772,274.0,0.531,274.0,0.842,275.0,0.004,13.62,2.0,3.0,0.0,23.4,19.36,340.2,339.1,0.0,0.3229999999999999,0.4,0.379,45.74,44.97,0.23,0.0,32.75,22.01,22.01,21.64,21.99,21.72,21.97,0.647,21.93,22.0,47.65,3.653,5.059,5.035,5.095,4.335,4.387,3.565,12114.0,16815.0,16717.0,17050.0,14419.0,14445.0,11703.0,1.235,1.711,1.703,1.723,1.466,1.484,1.206,0.0,338.2,0.0,60.15,0.0,56.92,0.0,5.0,16.0,0.0,0.0,12.93,16.05,13.83,21.98,21.68,0.0,21.53,191.2,12.13,2.0,3.474,-1.0,3.125,4.6,4901
2016-03-31 17:14:00,12.44,13.97,13.37,1113778.0,62.9,59.9,60.0,8.37,43250.0,540.0,96899.0,1070505.0,8.82,-0.827,-6.0,10.66,0.0,275.7,275.6,277.1,0.772,274.0,0.531,274.0,0.842,275.3,0.004,13.62,2.0,3.0,0.0,23.38,18.79,338.9,337.5,0.0,0.3019999999999999,0.374,0.3539999999999999,42.93,42.05,0.23,0.0,32.7,21.95,21.96,21.59,21.93,21.67,21.89,-41.9,21.88,21.93,44.79,3.437,4.754,4.711,4.779,4.083,4.125,3.337,12114.0,16815.0,16717.0,17050.0,14419.0,14445.0,11703.0,1.156,1.599,1.584,1.607,1.3730000000000002,1.3869999999999998,1.122,0.0,336.3,0.0,60.13,0.0,55.44,0.0,5.0,16.0,0.0,0.0,12.31,15.43,13.3,21.97,21.66,0.0,21.49,193.4,17.56,2.0,3.474,-1.0,2.758,4.6,4901
2016-03-31 17:15:00,11.61,13.22,12.47,1113778.0,62.9,59.9,60.0,7.67,43250.0,540.0,96899.0,1070505.0,8.21,-0.8029999999999999,-6.095,10.23,0.0,275.7,275.4,277.0,0.772,274.0,0.531,273.9,0.842,275.1,-0.008,13.3,2.0,1.0,0.0,23.38,17.97,336.7,335.2,0.0,0.2819999999999999,0.351,0.331,40.39,39.35,0.2289999999999999,0.001,32.7,21.92,21.92,21.52,21.88,21.64,21.86,-29.99,21.83,21.9,42.05,3.242,4.499,4.441,4.517,3.856,3.891,3.147,12114.0,16815.0,16717.0,17050.0,14419.0,14445.0,11703.0,1.084,1.504,1.485,1.511,1.289,1.301,1.052,0.0,334.4,0.0,60.14,0.0,53.39,0.0,5.0,16.0,0.0,0.0,11.74,14.88,12.81,21.97,21.65,0.0,21.45,189.1,16.33,2.0,3.474,-1.0,2.805,5.2,4901
2016-03-31 17:16:00,11.44,12.52,12.43,1113779.0,62.9,59.9,60.0,7.416,43250.0,540.0,96899.0,1070505.0,7.827,-0.7879999999999999,-6.119,9.94,0.0,275.5,275.3,276.9,0.772,273.9,0.531,273.8,0.842,275.0,0.0139999999999999,13.29,2.0,1.0,0.0,23.36,17.29,334.6,334.2,0.0,0.2689999999999999,0.336,0.315,38.83,37.56,0.231,0.001,32.64,21.84,21.84,21.45,21.83,21.56,21.78,-56.82,21.78,21.82,40.27,3.111,4.317,4.294,4.354,3.706,3.729,3.039,12114.0,16815.0,16717.0,17050.0,14419.0,14445.0,11703.0,1.034,1.435,1.4269999999999998,1.4469999999999998,1.232,1.24,1.01,0.0,332.5,0.0,60.17,0.0,51.68,0.0,5.0,16.0,0.0,0.0,11.36,14.54,12.49,21.96,21.61,0.0,21.4,190.8,28.07,2.0,3.474,-1.0,3.345,7.2,4901
2016-03-31 17:17:00,11.36,12.52,12.03,1113779.0,62.9,59.9,60.0,7.28,43251.0,540.0,96899.0,1070505.0,7.684,-0.7809999999999999,-6.142,9.840000000000002,0.0,275.3,275.3,276.8,0.772,273.8,0.531,273.3,0.842,275.0,0.005,13.62,2.0,3.0,0.0,23.35,17.26,334.2,331.3,0.0,0.264,0.33,0.309,38.19,36.85,0.2289999999999999,0.0,32.61,21.82,21.82,21.45,21.83,21.54,21.75,17.59,21.73,21.81,39.55,3.072,4.27,4.257,4.3,3.664,3.685,3.015,12114.0,16815.0,16717.0,17050.0,14419.0,14445.0,11703.0,1.016,1.411,1.4069999999999998,1.421,1.211,1.218,0.997,0.0,330.6,0.0,60.14,0.0,51.65,0.0,5.0,16.0,0.0,0.0,11.24,14.4,12.39,21.93,21.64,0.0,21.38,178.2,19.68,2.0,3.474,-1.0,2.987,6.2,4901
2016-03-31 17:18:00,10.61,12.46,11.36,1113779.0,62.9,59.9,60.0,6.881,43251.0,540.0,96899.0,1070505.0,7.452,-0.7709999999999999,-6.156000000000001,9.670000000000002,0.0,275.8,275.3,276.9,0.772,274.0,0.531,273.7,0.842,275.0,0.004,13.62,2.0,3.0,0.0,23.35,17.16,332.7,330.3,0.0,0.256,0.321,0.2999999999999999,37.2,35.82,0.2289999999999999,0.0,32.61,21.74,21.78,21.36,21.73,21.46,21.67,-46.12,21.68,21.74,38.5,2.994,4.157,4.142,4.186,3.567,3.585,2.935,12114.0,16815.0,16717.0,17050.0,14419.0,14445.0,11703.0,0.989,1.3730000000000002,1.368,1.382,1.178,1.1840000000000002,0.969,0.0,330.2,0.0,60.17,0.0,51.59,0.0,5.0,16.0,0.0,0.0,11.01,14.21,12.21,21.97,21.62,0.0,21.33,201.2,14.7,2.0,3.475,-1.0,3.055,4.8,4901
2016-03-31 17:19:00,10.31,11.67,11.32,1113779.0,62.9,59.9,60.0,6.562,43251.0,540.0,96899.0,1070505.0,7.154,-0.755,-6.211,9.47,0.0,275.9,275.2,276.7,0.772,274.0,0.531,274.0,0.842,275.0,0.004,13.62,2.0,3.0,0.0,23.33,17.1,332.6,331.5,0.0,0.246,0.309,0.2889999999999999,35.96,34.54,0.2289999999999999,0.0,32.61,21.73,21.73,21.3,21.67,21.45,21.63,0.276,21.64,21.67,37.19,2.892,4.018,3.983,4.038,3.45,3.464,2.825,12114.0,16815.0,16717.0,17050.0,14419.0,14445.0,11703.0,0.955,1.328,1.3159999999999998,1.334,1.14,1.145,0.933,0.0,330.4,0.0,60.12,0.0,51.41,0.0,5.0,16.0,0.0,0.0,10.77,13.95,11.99,21.91,21.59,0.0,21.28,191.4,16.46,2.0,3.474,-1.0,2.05,4.4,4901
2016-03-31 17:20:00,10.27,11.44,11.32,1113779.0,62.9,59.9,60.0,6.482,43251.0,540.0,96899.0,1070505.0,6.899,-0.7419999999999999,-6.225,9.29,0.0,275.4,275.4,276.8,0.772,274.0,0.531,273.9,0.842,275.0,0.004,13.62,2.0,3.0,0.0,23.32,16.74,332.7,331.1,0.0,0.238,0.2989999999999999,0.2789999999999999,34.92,33.4,0.2289999999999999,0.0,32.54,21.66,21.69,21.25,21.61,21.36,21.57,-51.7,21.57,21.6,36.05,2.802,3.89,3.847,3.904,3.349,3.352,2.729,12114.0,16815.0,16717.0,17050.0,14419.0,14445.0,11703.0,0.925,1.285,1.27,1.289,1.106,1.107,0.901,0.0,330.3,0.0,60.13,0.0,50.34,0.0,5.0,16.0,0.0,0.0,10.55,13.72,11.79,21.91,21.55,0.0,21.22,186.8,22.45,2.0,3.474,-1.0,2.535,3.9,4901
2016-03-31 17:21:00,10.27,11.44,11.25,1113779.0,62.9,59.9,60.0,6.462000000000001,43251.0,540.0,96899.0,1070505.0,6.817,-0.7379999999999999,-6.228,9.23,0.0,275.4,275.5,276.9,0.772,274.0,0.531,274.0,0.842,275.0,-0.036,13.24,2.0,1.0,0.0,23.32,16.53,331.2,329.5,0.0,0.2349999999999999,0.296,0.276,34.56,33.0,0.2289999999999999,0.001,32.51,21.63,21.63,21.19,21.62,21.35,21.55,-51.99,21.54,21.55,35.56,2.773,3.844,3.831,3.896,3.324,3.305,2.721,12114.0,16815.0,16717.0,17050.0,14419.0,14445.0,11703.0,0.913,1.266,1.261,1.283,1.094,1.088,0.8959999999999999,0.0,329.2,0.0,60.15,0.0,49.92,0.0,5.0,16.0,0.0,0.0,10.46,13.67,11.72,21.9,21.63,0.0,21.24,191.5,20.62,2.0,3.474,-1.0,4.187,8.099999999999998,4901
2016-03-31 17:22:00,10.27,11.44,11.32,1113779.0,62.9,59.9,60.0,6.484,43251.0,540.0,96899.0,1070505.0,6.855,-0.7409999999999999,-6.21,9.25,0.0,275.5,275.5,277.0,0.772,274.0,0.531,274.0,0.842,275.0,0.017,13.19,2.0,1.0,0.0,23.29,16.73,329.8,327.3,0.0,0.236,0.2969999999999999,0.276,34.78,33.03,0.2339999999999999,0.004,32.51,21.63,21.63,21.17,21.54,21.35,21.5,-30.8,21.54,21.55,35.63,2.792,3.899,3.888,3.927,3.3480000000000003,3.352,2.762,12114.0,16815.0,16717.0,17050.0,14419.0,14445.0,11703.0,0.913,1.276,1.272,1.285,1.095,1.097,0.903,0.0,327.1,0.0,60.19,0.0,50.72,0.0,5.0,16.0,0.0,0.0,10.47,13.7,11.74,21.93,21.68,0.0,21.24,198.9,15.95,2.0,3.474,-1.0,5.493,8.199999999999998,4901
2016-03-31 17:23:00,10.27,11.44,11.32,1113780.0,62.9,59.9,60.0,6.487,43251.0,540.0,96899.0,1070506.0,6.898,-0.7440000000000001,-6.192,9.27,0.0,275.7,275.5,276.9,0.772,274.0,0.531,274.0,0.842,275.0,0.0289999999999999,13.6,2.0,3.0,0.0,23.29,16.77,328.8,327.8,0.0,0.2389999999999999,0.2989999999999999,0.2769999999999999,35.03,33.22,0.2289999999999999,0.001,32.47,21.63,21.63,21.16,21.54,21.35,21.47,-120.9,21.52,21.55,35.79,2.797,3.908,3.921,3.951,3.3560000000000003,3.358,2.787,12114.0,16815.0,16717.0,17050.0,14419.0,14445.0,11703.0,0.915,1.278,1.2819999999999998,1.2919999999999998,1.098,1.098,0.912,0.0,327.1,0.0,60.15,0.0,51.0,0.0,5.0,16.0,0.0,0.0,10.49,13.71,11.76,21.94,21.68,0.0,21.23,182.3,13.77,2.0,3.474,-1.0,3.178,5.6,4901
2016-03-31 17:24:00,10.27,11.44,11.32,1113780.0,62.9,59.9,60.0,6.486000000000001,43251.0,540.0,96899.0,1070506.0,6.914,-0.7440000000000001,-6.21,9.29,0.0,275.7,275.5,276.9,0.772,274.0,0.531,274.0,0.842,275.0,0.005,13.62,2.0,3.0,0.0,23.29,16.83,328.6,327.0,0.0,0.2389999999999999,0.2989999999999999,0.2769999999999999,35.05,33.28,0.2289999999999999,0.001,32.46,21.62,21.63,21.14,21.51,21.29,21.43,-99.6,21.45,21.55,35.8,2.822,3.936,3.906,3.958,3.385,3.381,2.779,12114.0,16815.0,16717.0,17050.0,14419.0,14445.0,11703.0,0.92,1.284,1.274,1.291,1.104,1.103,0.907,0.0,326.2,0.0,60.14,0.0,51.21,0.0,5.0,16.0,0.0,0.0,10.5,13.77,11.8,21.92,21.63,0.0,21.2,191.7,16.35,2.0,3.474,-1.0,2.307,5.1,4901
2016-03-31 17:25:00,10.27,11.44,11.3,1113780.0,62.9,59.9,60.0,6.473,43251.0,540.0,96899.0,1070506.0,6.864,-0.7429999999999999,-6.185,9.24,0.0,275.6,275.3,276.7,0.772,274.0,0.531,273.9,0.842,275.0,0.004,13.62,2.0,3.0,0.0,23.27,16.74,329.7,327.4,0.0,0.236,0.2969999999999999,0.275,34.78,33.08,0.2289999999999999,0.0,32.41,21.57,21.63,21.06,21.45,21.25,21.42,-57.49,21.45,21.45,35.56,2.799,3.906,3.891,3.93,3.358,3.358,2.765,12114.0,16815.0,16717.0,17050.0,14419.0,14445.0,11703.0,0.915,1.277,1.272,1.285,1.098,1.098,0.904,0.0,326.9,0.0,60.14,0.0,50.78,0.0,5.0,16.0,0.0,0.0,10.48,13.7,11.76,21.88,21.61,0.0,21.19,184.3,23.13,2.0,3.474,-1.0,3.532,7.4,4901
2016-03-31 17:26:00,10.22,11.44,10.57,1113780.0,62.9,59.9,60.0,6.255,43252.0,540.0,96899.0,1070506.0,6.698,-0.7340000000000001,-6.19,9.12,0.0,275.5,275.6,277.0,0.772,274.0,0.531,274.0,0.842,275.0,0.004,13.62,2.0,3.0,0.0,23.27,16.25,330.0,327.6,0.0,0.231,0.2899999999999999,0.27,34.0,32.45,0.2289999999999999,0.0,32.41,21.61,21.63,21.06,21.45,21.25,21.4,-94.4,21.45,21.45,34.85,2.733,3.801,3.794,3.838,3.273,3.274,2.699,12114.0,16815.0,16717.0,17050.0,14419.0,14445.0,11703.0,0.895,1.245,1.243,1.257,1.072,1.072,0.884,0.0,327.6,0.0,60.2,0.0,49.24,0.0,5.0,16.0,0.0,0.0,10.28,13.57,11.6,21.91,21.68,0.0,21.19,195.0,15.96,2.0,3.474,-1.0,3.722,6.9,4901
2016-03-31 17:27:00,9.71,10.88,10.16,1113780.0,62.9,59.9,60.0,5.843,43252.0,540.0,96899.0,1070506.0,6.42,-0.7159999999999999,-6.252000000000001,8.96,0.0,275.7,275.6,277.0,0.772,274.0,0.531,274.0,0.842,275.0,0.004,13.62,2.0,3.0,0.0,23.26,15.82,330.2,328.9,0.0,0.223,0.2789999999999999,0.26,32.84,31.28,0.2289999999999999,0.0,32.39,21.53,21.63,21.06,21.45,21.25,21.41,-116.1,21.45,21.44,33.67,2.633,3.66,3.653,3.688,3.147,3.155,2.5980000000000003,12114.0,16815.0,16717.0,17050.0,14419.0,14445.0,11703.0,0.8640000000000001,1.202,1.199,1.211,1.033,1.036,0.8529999999999999,0.0,328.4,0.0,60.14,0.0,47.9,0.0,5.0,16.0,0.0,0.0,10.09,13.32,11.44,21.94,21.65,0.0,21.18,181.4,15.59,2.0,3.474,-1.0,4.213,5.5,4901
2016-03-31 17:28:00,8.51,9.73,9.65,1113780.0,62.9,59.9,60.0,5.176,43252.0,540.0,96899.0,1070506.0,5.772,-0.66,-6.405,8.75,0.0,275.6,275.5,276.9,0.772,274.0,0.531,274.0,0.842,275.0,-0.1009999999999999,13.21,2.0,1.0,0.0,23.24,15.01,334.1,332.5,0.0,0.214,0.268,0.25,31.46,29.96,0.23,0.002,32.39,21.53,21.53,21.06,21.45,21.25,21.39,-52.0,21.45,21.44,32.32,2.309,3.201,3.192,3.254,2.75,2.769,2.283,12114.0,16815.0,16717.0,17050.0,14419.0,14445.0,11703.0,0.76,1.053,1.05,1.071,0.904,0.911,0.7509999999999998,0.0,332.6,0.0,60.15,0.0,45.31,0.0,4.933,16.0,0.0,0.0,9.89,12.96,11.22,21.9,21.62,0.0,21.17,190.3,16.86,2.0,3.474,-1.0,3.317,5.6,4901
2016-03-31 17:29:00,4.228,4.575,4.532,1113780.0,62.9,59.9,60.0,2.307,43252.0,540.0,96899.0,1070506.0,2.516,-0.3049999999999999,-7.683,8.599999999999998,0.0,275.7,275.3,276.7,0.772,274.0,0.531,274.0,0.842,275.0,0.106,13.21,2.0,1.0,0.0,23.24,7.987,369.0,367.1,0.0,0.2039999999999999,0.256,0.2389999999999999,30.05,28.56,0.231,0.003,32.32,21.53,21.53,21.06,21.43,21.21,21.37,-0.449,21.43,21.37,30.9,1.073,1.414,1.4340000000000002,1.589,1.231,1.273,1.096,12114.0,16815.0,16717.0,17050.0,14419.0,14445.0,11703.0,0.377,0.4939999999999999,0.502,0.56,0.4309999999999999,0.447,0.386,0.0,366.5,0.0,60.14,0.0,22.69,0.0,4.517,16.0,0.0,0.0,10.21,11.84,11.01,21.87,21.61,0.0,21.14,182.5,20.96,2.0,3.474,-1.0,3.03,5.0,4901
2016-03-31 17:30:00,3.756,4.52,4.505,1113780.0,62.9,59.9,60.0,2.154,43252.0,540.0,96899.0,1070506.0,2.347,-0.2899999999999999,-7.727,8.529999999999998,0.0,275.3,275.6,277.0,0.772,274.0,0.531,274.0,0.842,275.0,0.005,13.62,2.0,3.0,0.0,23.23,7.891,367.4,366.1,0.0,0.191,0.2399999999999999,0.225,28.39,26.89,0.2289999999999999,0.001,32.32,21.53,21.5,20.98,21.35,21.19,21.27,-48.8,21.35,21.36,29.21,1.03,1.348,1.335,1.493,1.186,1.216,1.034,12114.0,16815.0,16717.0,17050.0,14419.0,14445.0,11703.0,0.3609999999999999,0.4699999999999999,0.466,0.525,0.4139999999999999,0.4259999999999999,0.3629999999999999,0.0,365.5,0.0,60.14,0.0,22.53,0.0,4.517,16.0,0.0,0.0,10.16,11.71,10.95,21.87,21.57,0.0,21.12,191.7,21.58,2.0,3.474,-1.0,2.528,4.5,4901
2016-03-31 17:31:00,4.21,4.783,4.794,1113780.0,62.9,59.9,60.0,2.251,43252.0,540.0,96899.0,1070506.0,2.474,-0.312,-7.592,8.37,0.0,275.8,275.5,276.9,0.772,274.0,0.531,274.0,0.842,275.1,0.004,13.62,2.0,3.0,0.0,23.21,8.699999999999998,364.9,363.1,0.0,0.178,0.225,0.2099999999999999,26.73,25.15,0.2289999999999999,0.0,32.27,21.52,21.53,20.97,21.35,21.16,21.27,-44.21,21.35,21.32,27.52,1.127,1.494,1.5219999999999998,1.659,1.3159999999999998,1.331,1.144,12114.0,16815.0,16717.0,17050.0,14419.0,14445.0,11703.0,0.395,0.522,0.532,0.5829999999999999,0.46,0.466,0.402,0.0,361.8,0.0,60.22,0.0,24.79,0.0,4.6,16.0,0.0,0.0,9.9,11.62,10.88,21.85,21.56,0.0,21.09,187.2,9.840000000000002,2.0,3.474,-1.0,3.832,6.4,4901
2016-03-31 17:32:00,4.691,4.909,5.003,1113781.0,62.9,59.9,60.0,2.293,43252.0,540.0,96899.0,1070506.0,2.638,-0.335,-7.456,8.25,0.0,275.6,275.6,277.0,0.772,274.0,0.531,274.0,0.842,275.0,0.004,13.62,2.0,3.0,0.0,23.21,9.41,360.9,359.1,0.0,0.1689999999999999,0.215,0.2,25.59,23.89,0.2289999999999999,0.0,32.22,21.44,21.45,20.93,21.34,21.11,21.25,-47.44,21.3,21.3,26.27,1.14,1.545,1.544,1.66,1.344,1.372,1.161,12114.0,16815.0,16717.0,17050.0,14419.0,14445.0,11703.0,0.396,0.535,0.536,0.5779999999999998,0.466,0.477,0.4039999999999999,0.0,358.6,0.0,60.18,0.0,27.0,0.0,4.65,16.0,0.0,0.0,9.64,11.56,10.74,21.87,21.56,0.0,21.06,184.3,19.53,2.0,3.475,-1.0,2.927,4.8,4901
2016-03-31 17:33:00,4.691,4.773,4.869,1113781.0,62.9,59.9,60.0,2.214,43252.0,540.0,96899.0,1070506.0,2.595,-0.3329999999999999,-7.457,8.23,0.0,275.8,275.5,277.0,0.772,274.0,0.531,274.0,0.842,275.0,0.004,13.62,2.0,3.0,0.0,23.19,9.3,360.2,358.8,0.0,0.166,0.2119999999999999,0.196,25.26,23.4,0.2289999999999999,0.0,32.22,21.44,21.44,20.88,21.25,21.06,21.26,-121.4,21.25,21.26,25.84,1.118,1.503,1.547,1.654,1.321,1.325,1.164,12114.0,16815.0,16717.0,17050.0,14419.0,14445.0,11703.0,0.3879999999999999,0.519,0.535,0.5749999999999998,0.457,0.4589999999999999,0.4039999999999999,0.0,358.0,0.0,60.13,0.0,26.76,0.0,4.65,16.0,0.0,0.0,9.6,11.54,10.74,21.85,21.58,0.0,21.05,191.9,10.56,2.0,3.474,-1.0,3.217,4.9,4901
2016-03-31 17:34:00,4.691,4.936,4.95,1113781.0,62.9,59.9,60.0,2.282,43252.0,540.0,96899.0,1070506.0,2.65,-0.3389999999999999,-7.434,8.23,0.0,275.6,275.5,277.0,0.772,274.0,0.531,274.0,0.842,275.0,0.008,13.39,2.0,1.0,0.0,23.18,9.45,360.5,358.7,0.0,0.168,0.214,0.196,25.66,23.68,0.228,0.0,32.22,21.36,21.42,20.87,21.25,21.06,21.19,-53.44,21.24,21.23,26.08,1.139,1.541,1.569,1.689,1.356,1.351,1.182,12114.0,16815.0,16717.0,17050.0,14419.0,14445.0,11703.0,0.395,0.5329999999999999,0.5429999999999999,0.587,0.4689999999999999,0.4679999999999999,0.411,0.0,358.0,0.0,60.17,0.0,27.18,0.0,4.65,16.0,0.0,0.0,9.6,11.57,10.75,21.83,21.59,0.0,21.02,191.9,13.37,2.0,3.474,-1.0,2.922,4.7,4901
2016-03-31 17:35:00,4.089,4.635,4.675,1113781.0,62.9,59.9,60.0,2.19,43253.0,540.0,96899.0,1070506.0,2.35,-0.2979999999999999,-7.62,8.359999999999998,0.0,275.9,275.5,277.0,0.772,274.0,0.531,274.0,0.842,275.0,0.0,13.39,2.0,1.0,0.0,23.18,8.4,363.8,362.6,0.0,0.173,0.22,0.2019999999999999,26.46,24.49,0.2289999999999999,0.001,32.22,21.34,21.39,20.87,21.25,21.06,21.19,-75.81999999999998,21.22,21.2,26.89,0.965,1.3,1.3259999999999998,1.431,1.133,1.154,1.028,12114.0,16815.0,16717.0,17050.0,14419.0,14445.0,11703.0,0.336,0.451,0.46,0.5,0.3939999999999999,0.401,0.3589999999999999,0.0,362.5,0.0,60.2,0.0,24.15,0.0,4.533,16.0,0.0,0.0,9.86,11.58,10.84,21.85,21.6,0.0,21.01,193.1,13.1,2.0,3.474,-1.0,3.582,5.2,4901
2016-03-31 17:36:00,3.784,4.356,4.344,1113781.0,62.9,59.9,60.0,2.073,43253.0,540.0,96899.0,1070506.0,2.224,-0.28,-7.722,8.46,0.0,275.8,275.7,277.1,0.772,274.0,0.531,274.0,0.842,275.0,0.004,13.62,2.0,3.0,0.0,23.16,7.747,366.4,365.3,0.0,0.1799999999999999,0.2269999999999999,0.2099999999999999,27.35,25.41,0.2289999999999999,0.0,32.16,21.34,21.34,20.85,21.21,21.06,21.17,-50.07,21.17,21.17,27.85,0.963,1.293,1.3119999999999998,1.452,1.128,1.151,1.026,12114.0,16815.0,16717.0,17050.0,14419.0,14445.0,11703.0,0.336,0.449,0.457,0.509,0.3929999999999999,0.401,0.3599999999999999,0.0,364.5,0.0,60.21,0.0,22.19,0.0,4.517,16.0,0.0,0.0,10.03,11.63,10.89,21.83,21.57,0.0,21.0,189.1,24.71,2.0,3.474,-1.0,2.4730000000000003,4.4,4901
2016-03-31 17:37:00,3.756,4.384,4.424,1113781.0,62.9,59.9,60.0,2.095,43253.0,540.0,96899.0,1070507.0,2.269,-0.2849999999999999,-7.7029999999999985,8.46,0.0,275.8,275.6,277.0,0.772,274.0,0.531,274.0,0.842,275.0,0.004,13.62,2.0,3.0,0.0,23.15,7.802,366.9,365.4,0.0,0.183,0.2289999999999999,0.2129999999999999,27.67,25.92,0.2289999999999999,0.0,32.12,21.34,21.34,20.77,21.17,21.05,21.14,-47.35,21.16,21.17,28.3,1.031,1.356,1.389,1.541,1.209,1.223,1.079,12114.0,16815.0,16717.0,17050.0,14419.0,14445.0,11703.0,0.3609999999999999,0.4729999999999999,0.4849999999999999,0.542,0.4229999999999999,0.4279999999999999,0.379,0.0,364.5,0.0,60.23,0.0,22.31,0.0,4.533,16.0,0.0,0.0,10.06,11.68,10.91,21.84,21.54,0.0,20.98,184.2,18.44,2.0,3.474,-1.0,3.233,5.5,4901
2016-03-31 17:38:00,4.691,5.4,5.379,1113781.0,62.9,59.9,60.0,2.54,43253.0,540.0,96899.0,1070507.0,2.813,-0.3539999999999999,-7.421,8.31,0.0,275.7,275.6,277.0,0.772,274.0,0.531,274.0,0.842,275.0,0.004,13.62,2.0,3.0,0.0,23.15,9.72,363.0,361.7,0.0,0.1789999999999999,0.225,0.2099999999999999,27.0,25.46,0.2289999999999999,0.0,32.12,21.34,21.34,20.77,21.16,21.04,21.14,-55.39,21.16,21.17,27.85,1.182,1.6030000000000002,1.628,1.756,1.382,1.423,1.231,12114.0,16815.0,16717.0,17050.0,14419.0,14445.0,11703.0,0.4139999999999999,0.5589999999999999,0.568,0.6159999999999999,0.4829999999999999,0.497,0.432,0.0,360.6,0.0,60.18,0.0,27.69,0.0,4.65,16.0,0.0,0.0,9.74,11.67,10.79,21.8,21.55,0.0,20.99,192.4,10.3,2.0,3.474,-1.0,3.588,5.8,4901
2016-03-31 17:39:00,4.691,5.018,5.057,1113781.0,62.9,59.9,60.0,2.34,43253.0,540.0,96899.0,1070507.0,2.648,-0.3389999999999999,-7.433,8.23,0.0,275.8,275.6,277.0,0.772,274.0,0.531,274.0,0.842,275.0,0.004,13.62,2.0,3.0,0.0,23.13,9.48,361.8,359.9,0.0,0.1689999999999999,0.2129999999999999,0.1989999999999999,25.52,24.15,0.2289999999999999,0.0,32.12,21.34,21.34,20.77,21.16,20.97,21.12,-52.72,21.13,21.17,26.51,1.165,1.54,1.536,1.6780000000000002,1.361,1.376,1.155,12114.0,16815.0,16717.0,17050.0,14419.0,14445.0,11703.0,0.406,0.534,0.5329999999999999,0.5849999999999999,0.4729999999999999,0.4789999999999999,0.4029999999999999,0.0,359.0,0.0,60.15,0.0,27.1,0.0,4.667,16.0,0.0,0.0,9.62,11.57,10.74,21.78,21.51,0.0,20.95,195.7,15.11,2.0,3.475,-1.0,2.022,3.6,4901
2016-03-31 17:40:00,4.378,4.691,4.655,1113781.0,62.9,59.9,60.0,2.045,43253.0,540.0,96899.0,1070507.0,2.366,-0.31,-7.472,8.12,0.0,275.8,275.6,277.1,0.772,274.0,0.531,274.0,0.842,275.0,0.003,13.5,2.0,1.0,0.0,23.12,9.12,359.8,358.1,0.0,0.155,0.195,0.184,23.44,22.18,0.228,0.001,32.11,21.28,21.34,20.68,21.08,20.97,21.07,-26.74,21.06,21.12,24.51,1.079,1.426,1.418,1.5319999999999998,1.244,1.278,1.06,12114.0,16815.0,16717.0,17050.0,14419.0,14445.0,11703.0,0.373,0.492,0.4889999999999999,0.531,0.4289999999999999,0.442,0.367,0.0,357.1,0.0,60.14,0.0,26.25,0.0,4.65,16.0,0.0,0.0,9.45,11.4,10.71,21.74,21.48,0.0,20.93,197.9,11.48,2.0,3.474,-1.0,2.62,3.9,4901
2016-03-31 17:41:00,3.46,4.535,4.501,1113781.0,62.9,59.9,60.0,1.7480000000000002,43253.0,540.0,96899.0,1070507.0,1.945,-0.26,-7.588999999999999,8.05,0.0,276.1,275.5,277.0,0.772,274.0,0.531,274.0,0.842,275.2,0.005,13.62,2.0,3.0,0.0,23.12,8.57,357.9,356.8,0.0,0.138,0.1749999999999999,0.165,21.1,19.92,0.2289999999999999,0.0,32.11,21.32,21.34,20.68,21.06,20.97,21.06,-26.48,21.06,21.07,22.19,0.894,1.155,1.164,1.287,1.026,1.044,0.878,12114.0,16815.0,16717.0,17050.0,14419.0,14445.0,11703.0,0.308,0.397,0.4,0.445,0.3529999999999999,0.3589999999999999,0.3029999999999999,0.0,356.5,0.0,60.13,0.0,24.86,0.0,4.617,16.0,0.0,0.0,9.38,11.24,10.71,21.78,21.56,0.0,20.96,199.7,10.59,2.0,3.475,-1.0,4.207,6.8,4901
2016-03-31 17:42:00,2.653,2.674,2.728,1113781.0,62.9,59.9,60.0,0.8299999999999998,43253.0,540.0,96899.0,1070507.0,1.289,-0.178,-7.855,8.13,0.0,275.7,275.5,277.0,0.772,274.0,0.531,274.0,0.842,275.0,0.004,13.62,2.0,3.0,0.0,23.1,6.457999999999999,360.2,358.5,0.0,0.122,0.155,0.1469999999999999,18.75,17.51,0.228,0.0,32.11,21.31,21.34,20.68,21.06,20.97,21.07,-0.4259999999999999,21.06,21.07,19.78,0.689,0.875,0.873,0.999,0.7809999999999999,0.807,0.675,12114.0,16815.0,16717.0,17050.0,14419.0,14445.0,11703.0,0.236,0.2979999999999999,0.2979999999999999,0.3429999999999999,0.267,0.276,0.2319999999999999,0.0,357.6,0.0,60.14,0.0,18.81,0.0,4.5,16.0,0.0,0.0,9.58,11.16,10.8,21.8,21.63,0.0,20.97,193.9,17.39,2.0,3.474,-1.0,3.932,7.3,4901
2016-03-31 17:43:00,2.653,2.639,2.624,1113781.0,62.9,59.9,60.0,0.7929999999999999,43254.0,540.0,96899.0,1070507.0,1.073,-0.1489999999999999,-7.929999999999999,8.13,0.0,276.0,275.4,276.9,0.772,274.0,0.531,274.0,0.842,275.0,0.004,13.62,2.0,3.0,0.0,23.1,6.336,357.2,356.3,0.0,0.108,0.136,0.129,16.51,15.17,0.228,0.0,32.04,21.31,21.34,20.68,21.06,20.93,21.0,-29.69,21.06,21.07,17.44,0.6039999999999999,0.782,0.787,0.887,0.689,0.719,0.6079999999999999,12114.0,16815.0,16717.0,17050.0,14419.0,14445.0,11703.0,0.206,0.265,0.267,0.3029999999999999,0.2339999999999999,0.245,0.2069999999999999,0.0,355.1,0.0,60.16,0.0,18.61,0.0,4.517,16.0,0.0,0.0,9.57,11.11,10.83,21.85,21.61,0.0,20.95,187.3,12.32,2.0,3.474,-1.0,3.732,5.7,4901
2016-03-31 17:44:00,2.739,2.724,2.709,1113781.0,62.9,59.9,60.0,0.819,43254.0,540.0,96899.0,1070507.0,0.931,-0.131,-7.904,8.05,0.0,275.9,275.7,277.1,0.772,274.0,0.531,274.0,0.842,275.0,0.004,13.62,2.0,3.0,0.0,23.07,6.485,354.8,352.7,0.0,0.095,0.121,0.114,14.69,13.23,0.228,0.0,32.03,21.26,21.31,20.68,21.06,20.89,20.97,-56.29,21.06,21.07,15.5,0.5939999999999999,0.77,0.7609999999999999,0.8509999999999999,0.6859999999999999,0.6999999999999998,0.5859999999999999,12114.0,16815.0,16717.0,17050.0,14419.0,14445.0,11703.0,0.2019999999999999,0.26,0.257,0.2889999999999999,0.233,0.2369999999999999,0.1989999999999999,0.0,351.7,0.0,60.19,0.0,19.1,0.0,4.55,16.0,0.0,0.0,9.46,11.04,10.83,21.84,21.61,0.0,20.94,199.4,13.39,2.0,3.473,-1.0,3.555,5.6,4901
2016-03-31 17:45:00,3.338,3.32,3.302,1113781.0,62.9,59.9,60.0,0.998,43254.0,540.0,96899.0,1070507.0,1.014,-0.1419999999999999,-7.713999999999999,7.848,0.0,275.7,275.6,277.0,0.772,274.0,0.531,274.0,0.842,275.0,0.027,13.62,2.0,1.0,0.0,23.07,7.615,349.0,348.4,0.0,0.0869999999999999,0.111,0.104,13.59,11.96,0.228,0.0,32.03,21.23,21.25,20.61,21.03,20.87,20.94,-5.048,21.0,20.99,14.25,0.6039999999999999,0.814,0.821,0.894,0.7079999999999999,0.7249999999999999,0.622,12114.0,16815.0,16717.0,17050.0,14419.0,14445.0,11703.0,0.203,0.273,0.276,0.3019999999999999,0.238,0.2439999999999999,0.2099999999999999,0.0,346.9,0.0,60.16,0.0,22.58,0.0,4.65,16.0,0.0,0.0,9.08,10.9,10.76,21.84,21.57,0.0,20.89,188.4,14.77,2.0,3.473,-1.0,2.838,3.5,4901
2016-03-31 17:46:00,3.338,3.32,3.302,1113781.0,62.9,59.9,60.0,0.995,43254.0,540.0,96899.0,1070507.0,0.93,-0.131,-7.703999999999998,7.819,0.0,275.6,275.5,276.9,0.772,274.0,0.531,274.0,0.842,275.0,-0.021,13.3,2.0,1.0,0.0,23.07,7.333999999999999,347.1,345.6,0.0,0.081,0.105,0.0969999999999999,12.99,11.21,0.2289999999999999,0.001,32.03,21.15,21.18,20.58,20.95,20.77,20.86,-5.058,20.97,20.94,13.48,0.566,0.775,0.78,0.842,0.674,0.688,0.5959999999999999,12114.0,16815.0,16717.0,17050.0,14419.0,14445.0,11703.0,0.1889999999999999,0.258,0.26,0.2819999999999999,0.225,0.23,0.2,0.0,345.2,0.0,60.13,0.0,21.9,0.0,4.667,16.0,0.0,0.0,9.01,10.9,10.77,21.79,21.52,0.0,20.83,170.4,30.77,2.0,3.474,-1.0,2.022,4.7,4901
2016-03-31 17:47:00,3.338,3.32,3.302,1113781.0,62.9,59.9,60.0,0.996,43254.0,540.0,96899.0,1070507.0,0.888,-0.126,-7.697,7.803,0.0,275.5,275.5,277.0,0.772,274.0,0.531,274.0,0.842,275.0,0.005,13.62,2.0,3.0,0.0,23.06,7.169,346.5,344.8,0.0,0.0769999999999999,0.1009999999999999,0.093,12.72,10.72,0.228,0.0,32.03,21.15,21.15,20.52,20.92,20.77,20.91,-12.87,20.97,20.88,13.0,0.557,0.772,0.7759999999999999,0.832,0.6679999999999999,0.6759999999999999,0.592,12114.0,16815.0,16717.0,17050.0,14419.0,14445.0,11703.0,0.185,0.256,0.258,0.278,0.222,0.225,0.198,0.0,344.1,0.0,60.19,0.0,21.45,0.0,4.65,16.0,0.0,0.0,8.99,10.88,10.74,21.77,21.54,0.0,20.84,171.7,14.54,2.0,3.475,-1.0,3.05,5.2,4901
2016-03-31 17:48:00,3.1660000000000004,3.149,3.132,1113781.0,62.9,59.9,60.0,0.945,43254.0,540.0,96899.0,1070507.0,0.8469999999999999,-0.12,-7.7639999999999985,7.869,0.0,275.7,275.5,276.9,0.772,274.0,0.531,274.0,0.842,275.0,0.004,13.62,2.0,3.0,0.0,23.04,6.814,347.0,345.5,0.0,0.0769999999999999,0.103,0.093,12.88,10.77,0.228,0.0,32.01,21.15,21.15,20.49,20.87,20.76,20.89,-26.3,20.93,20.88,13.1,0.5,0.6999999999999998,0.697,0.763,0.6099999999999999,0.6099999999999999,0.546,12114.0,16815.0,16717.0,17050.0,14419.0,14445.0,11703.0,0.166,0.233,0.2319999999999999,0.255,0.203,0.203,0.183,0.0,346.0,0.0,60.17,0.0,20.46,0.0,4.6,16.0,0.0,0.0,9.14,10.89,10.79,21.8,21.57,0.0,20.84,193.2,11.03,2.0,3.474,-1.0,3.918,8.5,4901
2016-03-31 17:49:00,2.653,2.639,2.624,1113781.0,62.9,59.9,60.0,0.789,43254.0,540.0,96899.0,1070507.0,0.7079999999999999,-0.1009999999999999,-7.96,8.06,0.0,275.5,275.3,276.9,0.772,274.0,0.531,274.0,0.842,275.0,0.004,13.62,2.0,3.0,0.0,23.04,5.824,351.7,350.5,0.0,0.0819999999999999,0.107,0.096,13.35,11.22,0.228,0.0,31.93,21.15,21.15,20.49,20.87,20.77,20.89,20.78,20.9,20.88,13.49,0.4479999999999999,0.629,0.637,0.7029999999999998,0.551,0.55,0.51,12114.0,16815.0,16717.0,17050.0,14419.0,14445.0,11703.0,0.1499999999999999,0.2099999999999999,0.2129999999999999,0.236,0.184,0.184,0.1719999999999999,0.0,350.0,0.0,60.15,0.0,17.42,0.0,4.517,16.0,0.0,0.0,9.45,10.98,10.88,21.84,21.57,0.0,20.82,192.1,20.5,2.0,3.474,-1.0,3.095,5.4,4901
2016-03-31 17:50:00,2.311,2.639,2.624,1113781.0,62.9,59.9,60.0,0.691,43255.0,540.0,96899.0,1070507.0,0.7399999999999999,-0.106,-7.961,8.07,0.0,275.4,275.3,276.8,0.772,274.0,0.531,273.8,0.842,275.0,0.004,13.62,2.0,3.0,0.0,23.02,5.922000000000001,352.6,350.9,0.0,0.083,0.11,0.099,13.65,11.47,0.228,0.0,31.93,21.15,21.15,20.49,20.87,20.71,20.82,-7.727,20.88,20.88,13.75,0.4539999999999999,0.647,0.6559999999999999,0.712,0.571,0.565,0.528,12114.0,16815.0,16717.0,17050.0,14419.0,14445.0,11703.0,0.152,0.216,0.2189999999999999,0.2389999999999999,0.191,0.1889999999999999,0.178,0.0,350.2,0.0,60.14,0.0,17.65,0.0,4.517,16.0,0.0,0.0,9.48,10.99,10.89,21.82,21.59,0.0,20.84,192.3,11.31,2.0,3.474,-1.0,3.5,7.2,4901
2016-03-31 17:51:00,2.91,2.979,2.963,1113781.0,62.9,59.9,60.0,0.8649999999999999,43255.0,540.0,96899.0,1070507.0,0.8679999999999999,-0.122,-7.841,7.956,0.0,275.4,275.3,276.8,0.772,274.0,0.531,273.9,0.842,275.0,-0.0069999999999999,13.3,2.0,1.0,0.0,23.01,6.602,350.7,349.3,0.0,0.083,0.1119999999999999,0.1,13.75,11.47,0.228,0.001,31.93,21.07,21.15,20.47,20.87,20.68,20.81,20.76,20.87,20.82,13.82,0.535,0.764,0.7929999999999999,0.8349999999999999,0.6579999999999999,0.662,0.6189999999999999,12114.0,16815.0,16717.0,17050.0,14419.0,14445.0,11703.0,0.1799999999999999,0.257,0.267,0.2819999999999999,0.221,0.223,0.2089999999999999,0.0,348.2,0.0,60.13,0.0,19.64,0.0,4.6,16.0,0.0,0.0,9.3,10.95,10.87,21.78,21.51,0.0,20.8,182.5,16.65,2.0,3.474,-1.0,2.635,4.2,4901
2016-03-31 17:52:00,3.338,3.32,3.302,1113782.0,62.9,59.9,60.0,0.99,43255.0,540.0,96899.0,1070507.0,1.012,-0.1419999999999999,-7.712999999999998,7.845,0.0,275.6,275.2,276.7,0.772,274.0,0.531,273.9,0.842,275.0,0.0139999999999999,13.3,2.0,1.0,0.0,23.01,7.373999999999999,348.0,346.9,0.0,0.084,0.113,0.1,13.81,11.52,0.23,0.001,31.93,21.05,21.1,20.39,20.77,20.68,20.81,20.73,20.87,20.78,13.89,0.5809999999999998,0.8349999999999999,0.842,0.878,0.7199999999999999,0.7209999999999999,0.662,12114.0,16815.0,16717.0,17050.0,14419.0,14445.0,11703.0,0.195,0.28,0.2819999999999999,0.2949999999999999,0.241,0.2419999999999999,0.223,0.0,346.4,0.0,60.14,0.0,21.98,0.0,4.65,16.0,0.0,0.0,9.08,10.91,10.76,21.78,21.51,0.0,20.75,174.5,22.24,2.0,3.474,-1.0,2.617,4.2,4901
2016-03-31 17:53:00,3.252,3.234,3.217,1113782.0,62.9,59.9,60.0,0.967,43255.0,540.0,96899.0,1070507.0,1.042,-0.1469999999999999,-7.713999999999999,7.859,0.0,275.6,275.4,276.9,0.772,274.0,0.531,274.0,0.842,275.0,0.005,13.62,2.0,3.0,0.0,22.99,7.333999999999999,349.1,347.4,0.0,0.0869999999999999,0.1159999999999999,0.103,14.25,11.91,0.228,0.0,31.85,21.05,21.05,20.39,20.77,20.61,20.78,-0.752,20.79,20.78,14.26,0.5749999999999998,0.8349999999999999,0.8549999999999999,0.908,0.7199999999999999,0.7259999999999999,0.6629999999999999,12114.0,16815.0,16717.0,17050.0,14419.0,14445.0,11703.0,0.193,0.2789999999999999,0.286,0.3049999999999999,0.241,0.2429999999999999,0.223,0.0,347.1,0.0,60.13,0.0,21.83,0.0,4.633,16.0,0.0,0.0,9.090000000000002,10.93,10.75,21.8,21.5,0.0,20.74,188.9,18.64,2.0,3.475,-1.0,2.298,3.8,4901
2016-03-31 17:54:00,3.252,3.234,3.217,1113782.0,62.9,59.9,60.0,0.97,43255.0,540.0,96899.0,1070507.0,1.18,-0.165,-7.668999999999999,7.846,0.0,275.7,275.4,276.9,0.772,274.0,0.531,274.0,0.842,275.0,0.004,13.62,2.0,3.0,0.0,22.98,7.689,350.4,348.3,0.0,0.0909999999999999,0.121,0.108,14.92,12.52,0.228,0.0,31.83,21.0,21.05,20.33,20.71,20.58,20.78,-43.32,20.79,20.71,14.89,0.628,0.916,0.923,0.977,0.779,0.784,0.714,12114.0,16815.0,16717.0,17050.0,14419.0,14445.0,11703.0,0.211,0.307,0.31,0.3289999999999999,0.261,0.263,0.241,0.0,347.1,0.0,60.13,0.0,22.73,0.0,4.65,16.0,0.0,0.0,9.1,10.93,10.73,21.73,21.48,0.0,20.72,194.6,17.68,2.0,3.474,-1.0,2.412,4.4,4901
2016-03-31 17:55:00,2.824,2.809,2.794,1113782.0,62.9,59.9,60.0,0.839,43255.0,540.0,96899.0,1070507.0,1.096,-0.154,-7.775,7.9529999999999985,0.0,275.6,275.3,276.8,0.772,274.0,0.531,274.0,0.842,275.0,0.004,13.62,2.0,3.0,0.0,22.97,6.829,355.1,352.5,0.0,0.096,0.128,0.114,15.59,13.24,0.228,0.0,31.83,20.99,21.05,20.33,20.77,20.61,20.69,-31.5,20.77,20.72,15.55,0.5589999999999999,0.805,0.804,0.8629999999999999,0.689,0.69,0.639,12114.0,16815.0,16717.0,17050.0,14419.0,14445.0,11703.0,0.188,0.271,0.271,0.2919999999999999,0.2319999999999999,0.2319999999999999,0.217,0.0,351.2,0.0,60.16,0.0,20.03,0.0,4.567,16.0,0.0,0.0,9.28,11.0,10.76,21.75,21.53,0.0,20.73,203.0,18.12,2.0,3.474,-1.0,3.457,6.2,4901
2016-03-31 17:56:00,2.567,2.5540000000000003,2.54,1113782.0,62.9,59.9,60.0,0.762,43255.0,540.0,96899.0,1070507.0,0.986,-0.14,-7.891,8.06,0.0,275.7,275.2,276.7,0.772,274.0,0.531,273.6,0.842,275.0,0.004,13.62,2.0,3.0,0.0,22.95,6.247999999999999,356.7,355.3,0.0,0.1,0.133,0.1169999999999999,16.0,13.66,0.228,0.0,31.83,21.05,21.07,20.37,20.77,20.68,20.75,-48.33,20.81,20.78,15.96,0.535,0.764,0.774,0.839,0.662,0.66,0.623,12114.0,16815.0,16717.0,17050.0,14419.0,14445.0,11703.0,0.181,0.258,0.261,0.2849999999999999,0.223,0.223,0.2119999999999999,0.0,353.7,0.0,60.22,0.0,18.37,0.0,4.517,16.0,0.0,0.0,9.49,11.04,10.83,21.73,21.53,0.0,20.74,199.6,15.38,2.0,3.474,-1.0,2.908,3.9,4901
2016-03-31 17:57:00,3.236,2.779,3.095,1113782.0,62.9,59.9,60.0,1.122,43255.0,540.0,96899.0,1070507.0,1.008,-0.1419999999999999,-7.892,8.07,0.0,275.8,275.3,276.8,0.772,274.0,0.531,274.0,0.842,275.0,-0.003,13.41,2.0,3.0,0.0,22.95,6.223,356.2,355.7,0.0,0.103,0.134,0.12,16.14,13.77,0.228,0.0,31.83,21.04,21.05,20.34,20.77,20.63,20.76,-51.62,20.77,20.72,16.08,0.539,0.775,0.779,0.8399999999999999,0.665,0.67,0.624,12114.0,16815.0,16717.0,17050.0,14419.0,14445.0,11703.0,0.182,0.261,0.263,0.286,0.225,0.226,0.2119999999999999,0.0,353.9,0.0,60.23,0.0,18.35,0.0,4.517,16.0,0.0,0.0,9.51,11.04,10.83,21.73,21.53,0.0,20.72,177.7,16.2,2.0,3.474,-1.0,3.002,5.1,4901
2016-03-31 17:58:00,3.314,3.27,3.302,1113782.0,62.9,59.9,60.0,1.02,43256.0,540.0,96899.0,1070507.0,1.244,-0.173,-7.705,7.91,0.0,275.7,275.4,276.7,0.772,274.0,0.531,274.0,0.842,275.0,0.011,13.62,2.0,3.0,0.0,22.95,7.57,352.8,351.5,0.0,0.103,0.135,0.122,16.16,13.82,0.228,0.0,31.82,21.0,21.05,20.31,20.76,20.6,20.74,-51.84,20.82,20.7,16.12,0.685,0.97,0.975,1.032,0.8379999999999999,0.8329999999999999,0.752,12114.0,16815.0,16717.0,17050.0,14419.0,14445.0,11703.0,0.2319999999999999,0.3289999999999999,0.331,0.352,0.2839999999999999,0.283,0.256,0.0,350.4,0.0,60.19,0.0,22.24,0.0,4.633,16.0,0.0,0.0,9.22,10.99,10.75,21.74,21.55,0.0,20.73,177.0,11.71,2.0,3.474,-1.0,2.66,3.9,4901
2016-03-31 17:59:00,3.252,3.27,3.321,1113782.0,62.9,59.9,60.0,1.008,43256.0,540.0,96899.0,1070507.0,1.223,-0.173,-7.687,7.882999999999998,0.0,275.9,275.3,276.7,0.772,274.0,0.531,274.0,0.842,275.0,0.004,13.62,2.0,3.0,0.0,22.93,7.525,351.7,350.6,0.0,0.1009999999999999,0.131,0.118,15.66,13.51,0.228,0.0,31.82,21.04,21.05,20.37,20.77,20.68,20.72,-48.26,20.87,20.76,15.78,0.649,0.916,0.928,0.99,0.794,0.7909999999999999,0.719,12114.0,16815.0,16717.0,17050.0,14419.0,14445.0,11703.0,0.2189999999999999,0.309,0.313,0.335,0.268,0.267,0.2439999999999999,0.0,349.6,0.0,60.22,0.0,22.2,0.0,4.633,16.0,0.0,0.0,9.16,10.97,10.72,21.77,21.54,0.0,20.73,178.8,15.27,2.0,3.474,-1.0,2.9530000000000003,4.9,4901
2016-03-31 18:00:00,3.4,3.425,3.3360000000000003,1113782.0,62.9,59.9,60.0,1.054,43256.0,540.0,96899.0,1070507.0,1.248,-0.1739999999999999,-7.651,7.847,0.0,275.9,275.6,277.0,0.772,274.0,0.531,274.0,0.842,275.0,0.004,13.62,2.0,3.0,0.0,22.92,7.706,351.3,349.3,0.0,0.1,0.13,0.1159999999999999,15.33,13.25,0.2289999999999999,0.0,31.74,20.97,21.05,20.29,20.77,20.6,20.78,-99.8,20.79,20.68,15.6,0.67,0.936,0.936,1.0,0.813,0.813,0.7209999999999999,12114.0,16815.0,16717.0,17050.0,14419.0,14445.0,11703.0,0.226,0.315,0.315,0.3379999999999999,0.2739999999999999,0.2739999999999999,0.2439999999999999,0.0,348.5,0.0,60.22,0.0,22.72,0.0,4.65,16.0,0.0,0.0,9.02,10.94,10.71,21.76,21.53,0.0,20.72,188.3,18.36,2.0,3.474,-1.0,3.1830000000000003,5.5,4901
2016-03-31 18:01:00,3.338,3.32,3.302,1113782.0,62.9,59.9,60.03,0.997,43256.0,540.0,96899.0,1070507.0,1.211,-0.17,-7.661,7.847,0.0,275.7,275.6,277.1,0.772,274.0,0.531,274.0,0.842,275.1,0.004,13.62,2.0,3.0,0.0,22.92,7.652999999999999,350.7,348.9,0.0,0.096,0.126,0.1159999999999999,15.07,13.18,0.228,0.0,31.74,21.05,21.05,20.36,20.77,20.68,20.76,-100.3,20.84,20.72,15.41,0.6629999999999999,0.918,0.919,0.985,0.7979999999999999,0.8029999999999999,0.7059999999999998,12114.0,16815.0,16717.0,17050.0,14419.0,14445.0,11703.0,0.223,0.308,0.309,0.332,0.268,0.27,0.238,0.0,347.9,0.0,60.22,0.0,22.62,0.0,4.65,16.0,0.0,0.0,9.08,10.96,10.7,21.84,21.58,0.0,20.75,190.0,20.71,2.0,3.474,-1.0,3.573,5.2,4901
2016-03-31 18:02:00,2.739,2.724,2.709,1113782.0,62.9,59.9,60.03,0.819,43256.0,540.0,96899.0,1070507.0,0.8519999999999999,-0.121,-7.918999999999999,8.05,0.0,275.9,275.8,277.2,0.772,274.0,0.531,274.0,0.842,275.5,0.004,13.62,2.0,3.0,0.0,22.9,6.051,354.6,352.8,0.0,0.093,0.121,0.111,14.47,12.57,0.228,0.0,31.74,21.05,21.05,20.33,20.77,20.68,20.76,-101.2,20.81,20.72,14.86,0.499,0.677,0.685,0.759,0.5939999999999999,0.6019999999999999,0.542,12114.0,16815.0,16717.0,17050.0,14419.0,14445.0,11703.0,0.168,0.228,0.23,0.257,0.2,0.203,0.184,0.0,351.9,0.0,60.22,0.0,17.86,0.0,4.533,16.0,0.0,0.0,9.420000000000002,11.01,10.86,21.78,21.54,0.0,20.74,185.4,19.33,2.0,3.474,-1.0,2.557,3.9,4901
2016-03-31 18:03:00,2.653,2.639,2.624,1113782.0,62.9,59.9,60.0,0.7929999999999999,43256.0,540.0,96899.0,1070507.0,0.7559999999999998,-0.108,-7.977,8.09,0.0,276.3,275.6,277.2,0.772,274.0,0.531,274.0,0.842,275.8,0.004,13.59,2.0,3.0,0.0,22.9,5.671,353.8,352.4,0.0,0.088,0.114,0.105,13.66,11.9,0.228,0.0,31.72,20.99,21.05,20.29,20.76,20.6,20.74,-100.5,20.77,20.68,14.15,0.481,0.655,0.659,0.7319999999999999,0.568,0.5809999999999998,0.516,12114.0,16815.0,16717.0,17050.0,14419.0,14445.0,11703.0,0.162,0.22,0.221,0.247,0.191,0.195,0.1739999999999999,0.0,351.4,0.0,60.22,0.0,16.8,0.0,4.517,16.0,0.0,0.0,9.47,11.02,10.87,21.75,21.53,0.0,20.71,188.6,14.16,2.0,3.474,-1.0,2.697,4.8,4901
2016-03-31 18:04:00,2.653,2.639,2.624,1113782.0,62.9,59.9,60.0,0.7929999999999999,43256.0,540.0,96899.0,1070507.0,0.6679999999999999,-0.0969999999999999,-7.97,8.06,0.0,276.0,275.7,277.2,0.772,274.0,0.531,274.0,0.842,275.5,0.004,13.62,2.0,3.0,0.0,22.9,5.575,352.3,350.8,0.0,0.081,0.105,0.098,12.72,10.97,0.228,0.0,31.67,20.96,21.02,20.29,20.69,20.58,20.67,-82.4,20.79,20.68,13.2,0.457,0.6149999999999999,0.6059999999999999,0.6779999999999999,0.542,0.5529999999999999,0.477,12114.0,16815.0,16717.0,17050.0,14419.0,14445.0,11703.0,0.153,0.206,0.203,0.228,0.182,0.185,0.161,0.0,350.0,0.0,60.22,0.0,16.58,0.0,4.517,16.0,0.0,0.0,9.45,10.99,10.86,21.77,21.55,0.0,20.71,180.9,16.8,2.0,3.474,-1.0,3.545,5.6,4901
2016-03-31 18:05:00,2.225,3.234,3.217,1113782.0,62.9,59.9,60.0,0.6859999999999999,43256.0,540.0,96899.0,1070507.0,0.702,-0.099,-7.817999999999999,7.889999999999999,0.0,276.0,276.0,277.4,0.772,274.0,0.531,274.0,0.842,275.8,0.004,13.62,2.0,3.0,0.0,22.88,6.755,346.3,345.6,0.0,0.072,0.094,0.0869999999999999,11.37,9.7,0.228,0.0,31.64,20.96,20.96,20.29,20.68,20.58,20.69,-53.03,20.79,20.68,11.91,0.502,0.6809999999999999,0.6779999999999999,0.7419999999999999,0.5949999999999999,0.6079999999999999,0.514,12114.0,16815.0,16717.0,17050.0,14419.0,14445.0,11703.0,0.168,0.2269999999999999,0.226,0.249,0.1989999999999999,0.2039999999999999,0.1719999999999999,0.0,344.6,0.0,60.14,0.0,20.22,0.0,4.633,16.0,0.0,0.0,9.15,10.88,10.85,21.78,21.52,0.0,20.69,176.8,11.61,2.0,3.474,-1.0,3.423,6.1,4901
2016-03-31 18:06:00,0.5989999999999999,2.298,1.862,1113782.0,62.9,59.9,60.0,0.181,43257.0,540.0,96899.0,1070507.0,0.519,-0.0749999999999999,-7.797,7.84,0.0,276.2,275.8,277.3,0.772,274.0,0.531,274.0,0.842,276.0,0.004,13.62,2.0,3.0,0.0,22.87,6.781000000000001,342.9,342.6,0.0,0.0609999999999999,0.08,0.0749999999999999,9.81,8.189999999999998,0.228,0.0,31.64,20.96,20.96,20.29,20.68,20.58,20.68,-96.1,20.75,20.68,10.37,0.442,0.5929999999999999,0.5849999999999999,0.64,0.519,0.531,0.444,12114.0,16815.0,16717.0,17050.0,14419.0,14445.0,11703.0,0.1469999999999999,0.196,0.193,0.2129999999999999,0.1719999999999999,0.176,0.1469999999999999,0.0,341.4,0.0,60.15,0.0,20.47,0.0,4.65,16.0,0.0,0.0,9.02,10.81,10.86,21.75,21.51,0.0,20.66,178.0,12.73,2.0,3.474,-1.0,3.847,7.2,4901
2016-03-31 18:07:00,0.0859999999999999,0.085,0.0,1113782.0,62.9,59.9,60.0,0.002,43257.0,540.0,96899.0,1070507.0,0.2999999999999999,-0.044,-7.807,7.826,0.0,276.0,275.8,277.3,0.772,274.0,0.531,274.0,0.842,275.6,0.004,13.62,2.0,3.0,0.0,22.87,6.344,340.7,338.4,0.0,0.049,0.065,0.062,8.189999999999998,6.5920000000000005,0.228,0.0,31.64,20.96,20.96,20.29,20.68,20.58,20.69,-95.6,20.77,20.64,8.73,0.357,0.4789999999999999,0.477,0.529,0.4239999999999999,0.433,0.367,12114.0,16815.0,16717.0,17050.0,14419.0,14445.0,11703.0,0.1169999999999999,0.156,0.156,0.1739999999999999,0.139,0.1419999999999999,0.12,0.0,337.7,0.0,60.18,0.0,19.24,0.0,4.65,16.0,0.0,0.0,8.98,10.77,10.92,21.79,21.59,0.0,20.69,187.0,14.09,2.0,3.474,-1.0,2.908,5.5,4901
2016-03-31 18:08:00,0.0859999999999999,0.0,0.0,1113782.0,62.9,59.9,60.0,0.0,43257.0,540.0,96899.0,1070507.0,0.094,-0.016,-7.837999999999998,7.8439999999999985,0.0,276.1,275.8,277.2,0.772,274.0,0.531,274.0,0.842,275.4,0.002,13.5,2.0,1.0,0.0,22.86,5.9510000000000005,335.7,334.7,0.0,0.0379999999999999,0.052,0.049,6.659,5.071000000000001,0.228,0.001,31.56,20.96,20.96,20.29,20.68,20.58,20.71,-96.0,20.76,20.68,7.155,0.286,0.376,0.377,0.417,0.3329999999999999,0.341,0.2899999999999999,12114.0,16815.0,16717.0,17050.0,14419.0,14445.0,11703.0,0.093,0.121,0.122,0.135,0.108,0.11,0.094,0.0,333.9,0.0,60.19,0.0,18.36,0.0,4.65,16.0,0.0,0.0,9.0,10.77,10.96,21.81,21.56,0.0,20.67,183.9,21.28,2.0,3.474,-1.0,3.805,5.7,4901
2016-03-31 18:09:00,0.0,0.0,0.0,1113782.0,62.9,59.9,60.0,0.0,43257.0,540.0,96899.0,1070507.0,-0.103,0.011,-8.12,8.12,0.0,276.0,275.9,277.3,0.772,274.0,0.531,274.0,0.842,275.8,0.0069999999999999,13.62,2.0,3.0,0.0,22.84,4.699,336.9,334.3,0.0,0.0299999999999999,0.0409999999999999,0.039,5.443,3.735,0.228,0.0,31.55,20.96,20.96,20.29,20.68,20.58,20.62,-121.8,20.83,20.67,5.856,0.183,0.246,0.246,0.288,0.215,0.228,0.201,12114.0,16815.0,16717.0,17050.0,14419.0,14445.0,11703.0,0.059,0.078,0.078,0.093,0.069,0.0729999999999999,0.065,0.0,333.8,0.0,60.18,0.0,14.56,0.0,4.517,16.0,0.0,0.0,9.49,10.89,11.1,21.83,21.6,0.0,20.71,183.6,14.6,2.0,3.474,-1.0,4.255,7.0,4901
2016-03-31 18:10:00,0.0,0.0,0.0,1113782.0,62.9,59.9,60.0,0.0,43257.0,540.0,96899.0,1070507.0,-0.166,0.019,-8.16,8.16,0.0,276.2,275.8,277.2,0.772,274.0,0.531,274.0,0.842,275.5,0.004,13.62,2.0,3.0,0.0,22.84,4.586,330.9,329.9,0.0,0.024,0.034,0.031,4.564,2.8160000000000003,0.228,0.0,31.55,20.96,20.96,20.29,20.68,20.58,20.69,-96.2,20.79,20.68,4.921,0.165,0.2119999999999999,0.208,0.2429999999999999,0.1989999999999999,0.196,0.1739999999999999,12114.0,16815.0,16717.0,17050.0,14419.0,14445.0,11703.0,0.052,0.067,0.065,0.0769999999999999,0.063,0.062,0.055,0.0,329.3,0.0,60.13,0.0,14.57,0.0,4.517,16.0,0.0,0.0,9.56,10.9,11.12,21.85,21.62,0.0,20.72,181.2,14.44,2.0,3.474,-1.0,3.138,5.6,4901
2016-03-31 18:11:00,0.0,0.0,0.0,1113782.0,62.9,59.9,60.0,0.0,43257.0,540.0,96899.0,1070507.0,-0.2099999999999999,0.025,-8.14,8.15,0.0,275.9,275.7,277.1,0.772,274.0,0.531,274.0,0.842,275.0,0.004,13.62,2.0,3.0,0.0,22.84,4.583,329.5,327.8,0.0,0.021,0.0289999999999999,0.027,4.062,2.238,0.228,0.0,31.55,20.96,20.96,20.28,20.68,20.58,20.69,-95.7,20.71,20.68,4.372,0.1469999999999999,0.2,0.2039999999999999,0.23,0.178,0.181,0.168,12114.0,16815.0,16717.0,17050.0,14419.0,14445.0,11703.0,0.0459999999999999,0.063,0.064,0.0729999999999999,0.0559999999999999,0.057,0.0529999999999999,0.0,326.9,0.0,60.14,0.0,14.57,0.0,4.517,16.0,0.0,0.0,9.58,10.93,11.14,21.84,21.58,0.0,20.69,190.2,13.87,2.0,3.474,-1.0,2.403,4.4,4901
2016-03-31 18:12:00,0.0,0.0,0.0,1113782.0,62.9,59.9,60.0,0.0,43257.0,540.0,96899.0,1070507.0,-0.218,0.027,-7.99,7.9929999999999986,0.0,275.9,275.7,277.0,0.772,274.0,0.531,274.0,0.842,275.0,0.004,13.62,2.0,3.0,0.0,22.84,5.577000000000001,324.1,322.3,0.0,0.019,0.027,0.023,3.862,2.002,0.228,0.0,31.45,20.96,20.96,20.26,20.68,20.58,20.59,-72.83,20.74,20.67,4.117,0.161,0.225,0.22,0.246,0.196,0.2,0.185,12114.0,16815.0,16717.0,17050.0,14419.0,14445.0,11703.0,0.05,0.07,0.068,0.0769999999999999,0.0609999999999999,0.062,0.0579999999999999,0.0,321.7,0.0,60.15,0.0,17.85,0.0,4.633,16.0,0.0,0.0,9.26,10.8,11.1,21.86,21.65,0.0,20.71,185.7,12.2,2.0,3.474,-1.0,4.338,6.6,4901
2016-03-31 18:13:00,0.0,0.0,0.0,1113782.0,62.9,59.9,60.0,0.0,43258.0,540.0,96899.0,1070507.0,-0.2289999999999999,0.0289999999999999,-7.951,7.955,0.0,275.9,275.7,277.0,0.772,274.0,0.531,274.0,0.842,275.0,0.0069999999999999,13.62,2.0,3.0,0.0,22.82,5.573,323.7,322.1,0.0,0.019,0.027,0.023,3.792,1.862,0.228,0.0,31.45,20.83,20.96,20.28,20.68,20.5,20.64,-69.71,20.77,20.68,4.0,0.158,0.223,0.228,0.248,0.2049999999999999,0.1969999999999999,0.186,12114.0,16815.0,16717.0,17050.0,14419.0,14445.0,11703.0,0.049,0.069,0.0709999999999999,0.0769999999999999,0.064,0.0609999999999999,0.0579999999999999,0.0,321.3,0.0,60.2,0.0,17.86,0.0,4.633,16.0,0.0,0.0,9.22,10.78,11.07,21.88,21.67,0.0,20.74,188.7,16.64,2.0,3.474,-1.0,3.79,6.8,4901
2016-03-31 18:14:00,0.0,0.0,0.0,1113782.0,62.9,59.9,60.0,0.0,43258.0,540.0,96899.0,1070507.0,-0.223,0.0279999999999999,-7.911,7.915,0.0,275.8,275.7,277.0,0.772,274.0,0.531,274.0,0.842,275.0,-0.001,13.3,2.0,1.0,0.0,22.81,5.7170000000000005,323.2,321.5,0.0,0.017,0.027,0.023,3.796,1.852,0.2289999999999999,0.001,31.45,20.68,20.94,20.28,20.65,20.37,20.59,-48.25,20.74,20.6,3.929,0.159,0.2289999999999999,0.2369999999999999,0.249,0.201,0.201,0.193,12114.0,16815.0,16717.0,17050.0,14419.0,14445.0,11703.0,0.049,0.0709999999999999,0.074,0.078,0.062,0.062,0.0599999999999999,0.0,320.9,0.0,60.21,0.0,18.33,0.0,4.65,16.0,0.0,0.0,9.13,10.73,11.07,21.84,21.62,0.0,20.72,178.6,15.95,2.0,3.475,-1.0,3.615,5.9,4901
2016-03-31 18:15:00,0.0,0.0,0.0,1113782.0,62.9,59.9,60.0,0.0,43258.0,540.0,96899.0,1070507.0,-0.215,0.027,-7.931,7.934,0.0,276.0,275.6,276.9,0.772,274.0,0.531,274.0,0.842,275.0,0.006,13.62,2.0,3.0,0.0,22.81,5.747999999999999,324.4,321.5,0.0,0.017,0.026,0.023,3.873,1.858,0.228,0.0,31.45,20.67,20.85,20.17,20.51,20.23,20.42,-122.2,20.55,20.36,4.033,0.166,0.248,0.253,0.255,0.2049999999999999,0.2129999999999999,0.203,12114.0,16815.0,16717.0,17050.0,14419.0,14445.0,11703.0,0.0509999999999999,0.0769999999999999,0.079,0.08,0.064,0.066,0.063,0.0,321.1,0.0,60.14,0.0,18.33,0.0,4.65,16.0,0.0,0.0,9.170000000000002,10.77,11.07,21.81,21.62,0.0,20.6,195.7,10.59,2.0,3.474,-1.0,4.035,6.5,4901
2016-03-31 18:16:00,0.0,0.0,0.0,1113782.0,62.9,59.9,60.0,0.0,43258.0,540.0,96899.0,1070507.0,-0.2189999999999999,0.027,-8.09,8.09,0.0,276.0,275.7,277.0,0.772,274.0,0.531,274.0,0.842,275.0,0.004,13.62,2.0,3.0,0.0,22.79,4.708,328.2,327.3,0.0,0.017,0.023,0.023,3.958,2.066,0.228,0.0,31.45,20.61,20.57,20.01,20.19,20.07,20.17,-53.01,20.41,20.12,4.126,0.129,0.193,0.1969999999999999,0.215,0.166,0.168,0.17,12114.0,16815.0,16717.0,17050.0,14419.0,14445.0,11703.0,0.04,0.0599999999999999,0.062,0.068,0.052,0.052,0.054,0.0,326.8,0.0,60.19,0.0,15.04,0.0,4.533,16.0,0.0,0.0,9.45,10.86,11.1,21.78,21.59,0.0,20.34,187.4,15.29,2.0,3.474,-1.0,3.862,5.9,4901
2016-03-31 18:17:00,0.0,0.0,0.0,1113782.0,62.9,59.9,60.0,0.0,43258.0,540.0,96899.0,1070507.0,-0.206,0.025,-8.14,8.15,0.0,275.9,275.6,277.0,0.772,274.0,0.531,274.0,0.842,275.0,0.004,13.62,2.0,3.0,0.0,22.78,4.575,330.0,328.6,0.0,0.017,0.023,0.023,4.125,2.143,0.228,0.0,31.45,20.49,20.49,19.83,19.84,19.96,20.03,-122.7,20.24,20.01,4.263999999999999,0.136,0.192,0.1969999999999999,0.221,0.181,0.168,0.173,12114.0,16815.0,16717.0,17050.0,14419.0,14445.0,11703.0,0.042,0.0599999999999999,0.0609999999999999,0.07,0.057,0.0529999999999999,0.055,0.0,327.9,0.0,60.15,0.0,14.57,0.0,4.517,16.0,0.0,0.0,9.55,10.91,11.12,21.79,21.58,0.0,20.18,189.5,10.89,2.0,3.475,-1.0,3.605,5.5,4901
2016-03-31 18:18:00,0.0,0.0,0.0,1113782.0,62.9,59.9,60.0,0.0,43258.0,540.0,96899.0,1070507.0,-0.186,0.022,-8.099999999999998,8.099999999999998,0.0,275.8,275.7,277.1,0.772,274.0,0.531,274.0,0.842,275.0,0.004,13.62,2.0,3.0,0.0,22.77,4.862,329.0,328.2,0.0,0.0149999999999999,0.023,0.023,4.313,2.34,0.228,0.0,31.37,20.48,20.49,19.72,19.72,20.01,19.93,-75.42,20.12,19.93,4.467,0.153,0.223,0.222,0.2439999999999999,0.203,0.196,0.193,12114.0,16815.0,16717.0,17050.0,14419.0,14445.0,11703.0,0.048,0.07,0.069,0.0769999999999999,0.064,0.062,0.0609999999999999,0.0,327.0,0.0,60.2,0.0,15.51,0.0,4.55,16.0,0.0,0.0,9.49,10.88,11.13,21.75,21.53,0.0,20.12,177.5,14.64,2.0,3.473,-1.0,2.592,3.8,4901
2016-03-31 18:19:00,0.0,0.0,0.0,1113782.0,62.9,59.9,60.0,0.0,43258.0,540.0,96899.0,1070507.0,-0.168,0.02,-7.942999999999999,7.945,0.0,275.9,275.7,277.2,0.772,274.0,0.531,274.0,0.842,275.2,0.004,13.62,2.0,3.0,0.0,22.75,5.78,326.8,326.1,0.0,0.013,0.023,0.023,4.377,2.375,0.228,0.0,31.35,20.48,20.53,19.62,19.77,20.01,19.91,-96.9,20.07,19.92,4.538,0.1769999999999999,0.261,0.265,0.283,0.2239999999999999,0.226,0.218,12114.0,16815.0,16717.0,17050.0,14419.0,14445.0,11703.0,0.055,0.0819999999999999,0.083,0.089,0.07,0.0709999999999999,0.069,0.0,324.8,0.0,60.15,0.0,18.33,0.0,4.65,16.0,0.0,0.0,9.15,10.79,11.1,21.71,21.5,0.0,20.16,194.2,19.28,2.0,3.475,-1.0,2.295,4.1,4901
2016-03-31 18:20:00,0.0,0.0,0.0,1113782.0,62.9,59.9,60.0,0.0,43258.0,540.0,96899.0,1070507.0,-0.185,0.023,-7.946,7.947999999999999,0.0,275.7,275.5,277.0,0.772,274.0,0.531,274.0,0.842,275.0,0.004,13.36,2.0,3.0,0.0,22.73,5.626,326.9,325.3,0.0,0.011,0.021,0.022,4.149,2.282,0.228,0.001,31.32,20.33,20.51,19.62,19.8,19.92,19.83,-59.53,20.06,19.88,4.414,0.1639999999999999,0.238,0.2429999999999999,0.265,0.22,0.2129999999999999,0.2039999999999999,12114.0,16815.0,16717.0,17050.0,14419.0,14445.0,11703.0,0.0509999999999999,0.0749999999999999,0.0759999999999999,0.083,0.069,0.067,0.064,0.0,324.8,0.0,60.15,0.0,17.86,0.0,4.633,16.0,0.0,0.0,9.16,10.79,11.1,21.69,21.5,0.0,20.22,186.0,20.64,2.0,3.474,-1.0,2.52,3.7,4901
2016-03-31 18:21:00,0.0,0.0,0.0,1113782.0,62.9,59.9,60.0,0.0,43259.0,540.0,96899.0,1070507.0,-0.208,0.026,-7.9529999999999985,7.956,0.0,275.7,275.5,276.9,0.772,274.0,0.531,274.0,0.842,275.0,0.004,13.62,2.0,3.0,0.0,22.73,5.446000000000001,325.8,325.1,0.0,0.01,0.018,0.019,3.994,2.083,0.228,0.0,31.34,20.25,20.48,19.6,19.78,19.83,19.8,-1.629,20.13,19.83,4.219,0.156,0.2239999999999999,0.2239999999999999,0.2429999999999999,0.198,0.1989999999999999,0.1889999999999999,12114.0,16815.0,16717.0,17050.0,14419.0,14445.0,11703.0,0.049,0.07,0.07,0.0759999999999999,0.062,0.062,0.059,0.0,324.2,0.0,60.19,0.0,17.39,0.0,4.617,16.0,0.0,0.0,9.21,10.79,11.08,21.65,21.5,0.0,20.21,186.4,13.56,2.0,3.473,-1.0,2.337,3.7,4901
2016-03-31 18:22:00,0.0,0.0,0.0,1113782.0,62.9,59.9,60.0,0.0,43259.0,540.0,96899.0,1070507.0,-0.225,0.0279999999999999,-7.888,7.892,0.0,275.6,275.5,277.0,0.772,274.0,0.531,274.0,0.842,275.0,0.004,13.62,2.0,3.0,0.0,22.72,5.737,324.3,322.9,0.0,0.01,0.017,0.017,3.727,1.865,0.228,0.0,31.29,20.29,20.49,19.62,19.81,19.81,19.82,-101.2,20.19,19.92,4.077,0.156,0.221,0.221,0.247,0.2019999999999999,0.1969999999999999,0.186,12114.0,16815.0,16717.0,17050.0,14419.0,14445.0,11703.0,0.048,0.068,0.069,0.0769999999999999,0.063,0.0609999999999999,0.0579999999999999,0.0,322.1,0.0,60.19,0.0,18.33,0.0,4.65,16.0,0.0,0.0,9.13,10.76,11.07,21.65,21.51,0.0,20.19,190.4,11.08,2.0,3.474,-1.0,2.87,3.9,4901
2016-03-31 18:23:00,0.0,0.0,0.0,1113782.0,62.9,59.9,60.0,0.0,43259.0,540.0,96899.0,1070507.0,-0.253,0.031,-8.099999999999998,8.099999999999998,0.0,275.9,275.3,276.8,0.772,274.0,0.531,274.0,0.842,275.0,0.004,13.62,2.0,3.0,0.0,22.7,4.553,327.9,326.2,0.0,0.0069999999999999,0.0139999999999999,0.017,3.619,1.666,0.228,0.0,31.26,20.37,20.63,19.62,19.89,19.86,19.87,-96.5,20.22,19.98,3.888,0.119,0.1719999999999999,0.1769999999999999,0.1939999999999999,0.155,0.155,0.154,12114.0,16815.0,16717.0,17050.0,14419.0,14445.0,11703.0,0.037,0.0529999999999999,0.055,0.0609999999999999,0.048,0.048,0.048,0.0,325.4,0.0,60.21,0.0,14.57,0.0,4.517,16.0,0.0,0.0,9.48,10.87,11.12,21.63,21.52,0.0,20.24,180.3,14.03,2.0,3.474,-1.0,3.432,5.9,4901
2016-03-31 18:24:00,0.0,0.0,0.0,1113782.0,62.9,59.9,60.0,0.0,43259.0,540.0,96899.0,1070507.0,-0.264,0.033,-8.16,8.16,0.0,275.9,275.5,277.0,0.772,274.0,0.531,274.0,0.842,275.0,0.004,13.62,2.0,3.0,0.0,22.7,4.51,325.8,325.6,0.0,0.0069999999999999,0.013,0.017,3.3960000000000004,1.561,0.228,0.0,31.26,20.46,20.59,19.57,19.94,19.91,19.93,-75.45999999999998,20.24,20.01,3.755,0.1159999999999999,0.1639999999999999,0.166,0.1889999999999999,0.152,0.148,0.144,12114.0,16815.0,16717.0,17050.0,14419.0,14445.0,11703.0,0.036,0.0509999999999999,0.0509999999999999,0.059,0.047,0.0459999999999999,0.0449999999999999,0.0,324.1,0.0,60.17,0.0,14.57,0.0,4.517,16.0,0.0,0.0,9.58,10.88,11.16,21.63,21.5,0.0,20.26,186.6,9.54,2.0,3.474,-1.0,3.673,5.7,4901
2016-03-31 18:25:00,0.0,0.0,0.0,1113782.0,62.9,59.9,60.0,0.0,43259.0,540.0,96899.0,1070507.0,-0.281,0.035,-8.12,8.12,0.0,276.0,275.3,276.8,0.772,274.0,0.531,274.0,0.842,275.0,0.002,13.48,2.0,1.0,0.0,22.68,4.694,325.8,323.5,0.0,0.0069999999999999,0.013,0.0149999999999999,3.2230000000000003,1.487,0.2269999999999999,0.001,31.26,20.48,20.63,19.62,20.02,19.94,20.01,-66.27,20.28,20.01,3.562,0.121,0.16,0.173,0.188,0.1489999999999999,0.1459999999999999,0.1499999999999999,12114.0,16815.0,16717.0,17050.0,14419.0,14445.0,11703.0,0.037,0.049,0.0529999999999999,0.059,0.0459999999999999,0.0449999999999999,0.047,0.0,322.0,0.0,60.16,0.0,15.04,0.0,4.533,16.0,0.0,0.0,9.53,10.9,11.15,21.66,21.44,0.0,20.29,185.5,23.2,2.0,3.475,-1.0,2.65,4.5,4901
2016-03-31 18:26:00,0.0,0.0,0.0,1113782.0,62.9,59.9,60.0,0.0,43259.0,540.0,96899.0,1070507.0,-0.2999999999999999,0.0379999999999999,-7.974999999999999,7.981,0.0,275.9,275.3,276.8,0.772,274.0,0.531,273.9,0.842,275.0,0.006,13.62,2.0,3.0,0.0,22.67,5.669,320.2,318.3,0.0,0.0069999999999999,0.01,0.013,3.115,1.145,0.228,0.0,31.24,20.54,20.64,19.62,20.08,20.01,20.05,-95.3,20.3,20.01,3.407,0.129,0.187,0.192,0.201,0.1669999999999999,0.166,0.16,12114.0,16815.0,16717.0,17050.0,14419.0,14445.0,11703.0,0.04,0.057,0.059,0.062,0.0509999999999999,0.0509999999999999,0.049,0.0,317.6,0.0,60.13,0.0,18.33,0.0,4.65,16.0,0.0,0.0,9.22,10.81,11.15,21.63,21.45,0.0,20.34,183.3,14.06,2.0,3.474,-1.0,2.665,3.6,4901
2016-03-31 18:27:00,0.0,0.0,0.0,1113782.0,62.9,59.9,60.0,0.0,43259.0,540.0,96899.0,1070507.0,-0.319,0.0409999999999999,-7.931,7.937999999999999,0.0,275.6,275.1,276.6,0.772,273.9,0.531,273.5,0.842,275.0,0.004,13.62,2.0,3.0,0.0,22.67,5.627000000000001,318.2,316.8,0.0,0.0069999999999999,0.01,0.01,2.863,1.089,0.228,0.0,31.16,20.57,20.64,19.69,20.1,20.1,20.11,-58.0,20.3,20.08,3.236,0.12,0.173,0.176,0.1889999999999999,0.157,0.155,0.1499999999999999,12114.0,16815.0,16717.0,17050.0,14419.0,14445.0,11703.0,0.037,0.0529999999999999,0.054,0.0579999999999999,0.048,0.047,0.0459999999999999,0.0,316.0,0.0,60.14,0.0,18.33,0.0,4.65,16.0,0.0,0.0,9.170000000000002,10.76,11.13,21.6,21.44,0.0,20.36,198.3,14.6,2.0,3.474,-1.0,3.128,5.1,4901
2016-03-31 18:28:00,0.0,0.0,0.0,1113782.0,62.9,59.9,60.0,0.0,43260.0,540.0,96899.0,1070507.0,-0.3379999999999999,0.0429999999999999,-7.942999999999999,7.95,0.0,275.5,275.2,276.8,0.772,274.0,0.531,273.4,0.842,275.0,0.004,13.62,2.0,3.0,0.0,22.66,5.654,318.6,315.6,0.0,0.0069999999999999,0.01,0.01,2.639,0.854,0.228,0.0,31.16,20.57,20.67,19.72,20.1,20.1,20.11,-74.48,20.32,20.11,3.059,0.114,0.163,0.1639999999999999,0.183,0.153,0.148,0.1409999999999999,12114.0,16815.0,16717.0,17050.0,14419.0,14445.0,11703.0,0.034,0.049,0.049,0.0559999999999999,0.047,0.0449999999999999,0.0429999999999999,0.0,314.6,0.0,60.14,0.0,18.33,0.0,4.65,16.0,0.0,0.0,9.18,10.79,11.13,21.63,21.46,0.0,20.41,169.1,18.38,2.0,3.475,-1.0,3.415,7.3,4901
2016-03-31 18:29:00,0.0,0.0,0.0,1113782.0,62.9,59.9,60.0,0.0,43260.0,540.0,96899.0,1070507.0,-0.351,0.0449999999999999,-7.973,7.981,0.0,275.4,275.0,276.6,0.772,273.6,0.531,273.0,0.842,275.0,0.004,13.62,2.0,3.0,0.0,22.65,5.292999999999999,316.6,315.2,0.0,0.0069999999999999,0.008,0.01,2.553,0.6149999999999999,0.228,0.0,31.16,20.62,20.74,19.72,20.2,20.1,20.15,-121.9,20.4,20.18,2.918,0.1019999999999999,0.1409999999999999,0.143,0.1639999999999999,0.134,0.128,0.125,12114.0,16815.0,16717.0,17050.0,14419.0,14445.0,11703.0,0.031,0.0429999999999999,0.0429999999999999,0.05,0.0409999999999999,0.039,0.0379999999999999,0.0,314.7,0.0,60.14,0.0,17.39,0.0,4.617,16.0,0.0,0.0,9.26,10.79,11.13,21.67,21.47,0.0,20.4,195.0,11.85,2.0,3.474,-1.0,2.667,4.1,4901
2016-03-31 18:30:00,0.0,0.0,0.0,1113782.0,62.9,59.9,60.0,0.0,43260.0,540.0,96899.0,1070507.0,-0.3549999999999999,0.0449999999999999,-8.14,8.15,0.0,275.1,275.1,276.7,0.772,273.3,0.531,273.0,0.842,275.0,0.006,13.62,2.0,3.0,0.0,22.64,4.405,317.9,316.6,0.0,0.0069999999999999,0.0069999999999999,0.01,2.312,0.521,0.228,0.0,31.16,20.59,20.74,19.72,20.2,20.12,20.2,-48.93,20.38,20.2,2.698,0.081,0.109,0.114,0.13,0.108,0.103,0.105,12114.0,16815.0,16717.0,17050.0,14419.0,14445.0,11703.0,0.024,0.033,0.034,0.04,0.033,0.031,0.032,0.0,315.7,0.0,60.15,0.0,14.56,0.0,4.517,16.0,0.0,0.0,9.58,10.89,11.17,21.68,21.43,0.0,20.38,180.5,17.08,2.0,3.474,-1.0,3.262,4.7,4901
2016-03-31 18:31:00,0.0,0.0,0.0,1113782.0,62.9,59.9,60.0,0.0,43260.0,540.0,96899.0,1070507.0,-0.376,0.048,-8.15,8.16,0.0,275.3,274.9,276.5,0.772,273.0,0.531,273.0,0.842,275.0,0.002,13.5,2.0,1.0,0.0,22.64,4.368,314.8,313.9,0.0,0.006,0.0069999999999999,0.0069999999999999,2.009,0.2039999999999999,0.2269999999999999,0.001,31.16,20.61,20.73,19.72,20.2,20.1,20.2,-27.67,20.4,20.2,2.388,0.0729999999999999,0.098,0.1009999999999999,0.119,0.095,0.093,0.093,12114.0,16815.0,16717.0,17050.0,14419.0,14445.0,11703.0,0.022,0.0289999999999999,0.0299999999999999,0.036,0.0289999999999999,0.0279999999999999,0.0279999999999999,0.0,312.8,0.0,60.15,0.0,14.57,0.0,4.517,16.0,0.0,0.0,9.6,10.9,11.17,21.64,21.4,0.0,20.4,186.5,13.73,2.0,3.474,-1.0,2.438,3.6,4901
2016-03-31 18:32:00,0.0,0.0,0.0,1113782.0,62.9,59.9,60.0,0.0,43260.0,540.0,96899.0,1070507.0,-0.4149999999999999,0.0529999999999999,-8.13,8.14,0.0,275.2,275.0,276.7,0.772,273.1,0.531,273.0,0.842,275.0,0.004,13.62,2.0,3.0,0.0,22.62,4.59,309.6,308.5,0.0,0.003,0.005,0.0069999999999999,1.5830000000000002,-0.099,0.228,0.0,31.1,20.64,20.73,19.73,20.2,20.1,20.18,-27.52,20.37,20.2,1.948,0.068,0.0859999999999999,0.095,0.106,0.084,0.0859999999999999,0.0869999999999999,12114.0,16815.0,16717.0,17050.0,14419.0,14445.0,11703.0,0.02,0.025,0.0279999999999999,0.032,0.025,0.026,0.026,0.0,307.0,0.0,60.14,0.0,15.46,0.0,4.55,16.0,0.0,0.0,9.55,10.9,11.2,21.64,21.42,0.0,20.39,191.9,20.55,2.0,3.474,-1.0,2.9130000000000003,4.6,4901
2016-03-31 18:33:00,0.0,0.0,0.0,1113782.0,62.9,59.9,60.0,0.0,43260.0,540.0,96899.0,1070507.0,-0.492,0.063,-8.01,8.029999999999998,0.0,275.1,274.8,276.5,0.772,273.0,0.531,273.0,0.842,275.0,0.004,13.62,2.0,3.0,0.0,22.61,5.212999999999999,304.4,302.6,0.0,0.0,0.002,0.004,1.175,-0.159,0.228,0.0,31.08,20.61,20.74,19.73,20.2,20.1,20.18,-1.1909999999999998,20.36,20.14,1.465,0.049,0.065,0.069,0.081,0.064,0.067,0.067,12114.0,16815.0,16717.0,17050.0,14419.0,14445.0,11703.0,0.0139999999999999,0.019,0.02,0.024,0.019,0.02,0.02,0.0,302.0,0.0,60.15,0.0,17.57,0.0,4.633,16.0,0.0,0.0,9.32,10.82,11.21,21.64,21.43,0.0,20.38,186.6,14.11,2.0,3.474,-1.0,2.565,5.0,4901
2016-03-31 18:34:00,0.0,0.0,0.0,1113782.0,62.9,59.9,60.0,0.0,43260.0,540.0,96899.0,1070507.0,-0.4179999999999999,0.052,-8.39,8.4,0.0,275.3,274.9,276.6,0.772,273.0,0.531,273.0,0.842,275.0,0.004,13.62,2.0,3.0,0.0,22.61,2.98,306.0,304.9,0.0,-0.003,-0.002,0.0,0.912,-0.161,0.228,0.0,31.06,20.63,20.66,19.72,20.2,20.1,20.21,-19.24,20.38,20.08,1.161,0.022,0.022,0.0299999999999999,0.0379999999999999,0.033,0.031,0.039,12114.0,16815.0,16717.0,17050.0,14419.0,14445.0,11703.0,0.0069999999999999,0.006,0.009,0.011,0.01,0.009,0.012,0.0,304.2,0.0,60.13,0.0,10.07,0.0,4.367,16.0,0.0,0.0,10.04,11.03,11.22,21.68,21.46,0.0,20.35,180.8,15.11,2.0,3.474,-1.0,2.4530000000000003,4.0,4901
2016-03-31 18:35:00,0.0,0.0,0.0,1113782.0,62.9,59.9,60.0,0.0,43261.0,540.0,96899.0,1070507.0,-0.2689999999999999,0.0299999999999999,-9.01,9.01,0.0,275.1,274.9,276.5,0.772,273.0,0.531,273.0,0.842,275.0,0.004,13.62,2.0,3.0,0.0,22.61,0.0,309.1,307.3,0.0,-0.003,-0.003,0.0,0.654,-0.162,0.228,0.0,31.06,20.61,20.68,19.72,20.17,20.1,20.2,-10.92,20.33,20.08,1.048,0.009,0.006,0.01,0.021,0.0139999999999999,0.016,0.026,12114.0,16815.0,16717.0,17050.0,14419.0,14445.0,11703.0,0.003,0.002,0.003,0.0069999999999999,0.004,0.005,0.008,0.0,306.6,0.0,60.15,0.0,0.0,0.0,4.0,16.0,0.0,0.0,11.2,11.4,11.3,21.63,21.49,0.0,20.33,186.5,11.65,2.0,3.474,-1.0,2.948,4.7,4901
2016-03-31 18:36:00,0.0,0.0,0.0,1113782.0,62.9,59.9,60.0,0.0,43261.0,540.0,96899.0,1070507.0,-0.2689999999999999,0.0299999999999999,-9.01,9.01,0.0,275.1,275.0,276.6,0.772,273.0,0.531,273.0,0.842,275.0,0.002,13.5,2.0,1.0,0.0,22.6,0.0,305.4,303.8,0.0,-0.005,-0.003,0.0,0.632,-0.161,0.2269999999999999,0.001,31.06,20.62,20.68,19.72,20.2,20.1,20.16,-22.82,20.3,20.13,0.961,0.018,0.027,0.035,0.034,0.0279999999999999,0.0289999999999999,0.033,12114.0,16815.0,16717.0,17050.0,14419.0,14445.0,11703.0,0.005,0.008,0.011,0.01,0.008,0.009,0.01,0.0,302.9,0.0,60.14,0.0,0.0,0.0,4.0,16.0,0.0,0.0,11.2,11.4,11.3,21.68,21.56,0.0,20.37,188.8,11.82,2.0,3.473,-1.0,4.425,6.4,4901
2016-03-31 18:37:00,0.0,0.0,0.0,1113782.0,62.9,59.9,60.0,0.0,43261.0,540.0,96899.0,1070507.0,-0.268,0.0299999999999999,-9.0,9.01,0.0,275.1,274.7,276.4,0.772,273.0,0.531,273.0,0.842,274.9,0.006,13.62,2.0,3.0,0.0,22.59,0.0,301.4,299.8,0.0,-0.006,-0.004,-0.003,0.505,-0.159,0.228,0.0,31.06,20.59,20.68,19.72,20.2,20.1,20.21,-43.3,20.36,20.14,0.807,0.01,0.0069999999999999,0.011,0.025,0.016,0.017,0.023,12114.0,16815.0,16717.0,17050.0,14419.0,14445.0,11703.0,0.003,0.002,0.003,0.0069999999999999,0.005,0.005,0.0069999999999999,0.0,298.9,0.0,60.15,0.0,0.0,0.0,4.0,16.0,0.0,0.0,11.2,11.4,11.3,21.69,21.53,0.0,20.34,178.5,12.54,2.0,3.473,-1.0,3.248,5.0,4901
2016-03-31 18:38:00,0.0,0.0,0.0,1113782.0,62.9,59.9,60.0,0.0,43261.0,540.0,96899.0,1070507.0,-0.268,0.0299999999999999,-9.0,9.0,0.0,275.5,274.5,276.2,0.772,273.0,0.531,273.0,0.842,274.9,0.004,13.62,2.0,3.0,0.0,22.59,0.0,297.1,295.5,0.0,-0.0069999999999999,-0.006,-0.003,0.3489999999999999,-0.158,0.228,0.0,31.06,20.61,20.68,19.72,20.2,20.1,20.18,-27.22,20.36,20.12,0.729,0.008,0.008,0.009,0.022,0.012,0.017,0.021,12114.0,16815.0,16717.0,17050.0,14419.0,14445.0,11703.0,0.002,0.003,0.003,0.0069999999999999,0.003,0.005,0.006,0.0,294.6,0.0,60.15,0.0,0.0,0.0,4.0,16.0,0.0,0.0,11.2,11.4,11.3,21.64,21.44,0.0,20.31,186.8,24.12,2.0,,-1.0,2.68,21.5,4901
2016-03-31 18:39:00,0.0,0.0,0.0,1113782.0,62.9,59.9,60.0,0.0,43261.0,540.0,96899.0,1070507.0,-0.2689999999999999,0.0299999999999999,-9.0,9.0,0.0,275.1,274.6,276.3,0.772,273.0,0.531,273.0,0.842,274.8,0.004,13.62,2.0,3.0,0.0,22.58,0.0,292.6,290.9,0.0,-0.0069999999999999,-0.0069999999999999,-0.006,0.3329999999999999,-0.157,0.228,0.0,31.05,20.59,20.68,19.72,20.13,20.09,20.15,-27.05,20.3,20.11,0.664,0.011,0.008,0.006,0.0149999999999999,0.018,0.017,0.021,12114.0,16815.0,16717.0,17050.0,14419.0,14445.0,11703.0,0.003,0.002,0.002,0.004,0.005,0.005,0.006,0.0,290.0,0.0,60.15,0.0,0.0,0.0,4.0,16.0,0.0,0.0,11.2,11.4,11.3,21.67,21.45,0.0,20.31,182.6,17.02,2.0,3.474,-1.0,3.082,4.7,4901
2016-03-31 18:40:00,0.0,0.0,0.0,1113782.0,62.9,59.9,60.0,0.0,43261.0,540.0,96899.0,1070507.0,-0.2689999999999999,0.0299999999999999,-9.01,9.01,0.0,275.3,274.6,276.3,0.772,273.0,0.531,273.0,0.842,275.0,0.004,13.62,2.0,3.0,0.0,22.57,0.0,287.1,285.6,0.0,-0.0069999999999999,-0.0069999999999999,-0.0069999999999999,0.131,-0.157,0.228,0.0,31.0,20.54,20.68,19.72,20.1,20.05,20.11,-31.98,20.3,20.11,0.5999999999999999,0.006,0.005,0.0139999999999999,0.019,0.0069999999999999,0.016,0.021,12114.0,16815.0,16717.0,17050.0,14419.0,14445.0,11703.0,0.002,0.002,0.004,0.005,0.002,0.004,0.006,0.0,284.8,0.0,60.18,0.0,0.0,0.0,4.0,16.0,0.0,0.0,11.2,11.4,11.3,21.64,21.45,0.0,20.3,190.4,13.21,2.0,3.474,-1.0,2.602,4.5,4901
2016-03-31 18:41:00,0.0,0.0,0.0,1113782.0,62.9,59.9,60.0,0.0,43261.0,540.0,96899.0,1070507.0,-0.152,0.45,-5.102,5.104,0.0,275.2,274.5,276.2,0.772,273.0,0.531,273.0,0.842,275.0,0.006,13.62,2.0,3.0,0.0,22.56,0.0,266.1,280.2,0.0,-0.0069999999999999,-0.0069999999999999,-0.0069999999999999,0.134,-0.156,0.228,0.0,30.97,20.55,20.68,19.69,20.1,20.08,20.11,-31.98,20.3,20.06,0.519,0.008,0.008,0.009,0.019,0.016,0.016,0.02,12114.0,16815.0,16717.0,17050.0,14419.0,14445.0,11703.0,0.002,0.002,0.003,0.005,0.005,0.004,0.006,0.0,279.5,0.0,60.23,0.0,0.0,0.0,2.267,16.0,0.0,0.0,6.345,6.457999999999999,6.402,21.66,21.44,0.0,20.29,190.5,14.51,2.0,3.474,-1.0,2.725,4.3,4901
2016-03-31 18:42:00,0.0,0.0,0.0,1113782.0,62.9,59.9,60.0,0.0,43261.0,540.0,96899.0,1070507.0,0.0,1.0,0.0,0.0,0.0,274.8,274.6,276.1,0.772,273.0,0.531,273.0,0.842,275.0,0.002,13.5,2.0,1.0,0.0,22.56,0.0,150.8,274.3,0.0,-0.0069999999999999,-0.0069999999999999,-0.0069999999999999,0.107,-0.155,0.2269999999999999,0.001,30.97,20.53,20.61,19.67,20.1,20.09,20.09,-1.356,20.27,20.09,0.416,0.006,0.005,0.008,0.016,0.013,0.0139999999999999,0.018,12114.0,16815.0,16717.0,17050.0,14419.0,14445.0,11703.0,0.002,0.001,0.002,0.004,0.004,0.004,0.005,0.0,273.7,0.0,60.16,0.0,0.0,0.0,0.0,16.0,0.0,0.0,0.0,0.0,0.0,21.65,21.43,0.0,20.29,190.4,21.82,2.0,3.474,-1.0,3.172,6.1,4901
2016-03-31 18:43:00,0.0,0.0,0.0,1113782.0,62.9,59.9,60.0,0.0,43261.0,540.0,96899.0,1070507.0,0.0,1.0,0.0,0.0,0.0,274.6,274.4,276.0,0.772,273.0,0.531,273.0,0.842,274.2,0.004,13.62,2.0,3.0,0.0,22.56,0.0,73.59999999999998,266.9,0.0,-0.0069999999999999,-0.0069999999999999,-0.0069999999999999,-0.036,-0.156,0.228,0.0,30.95,20.57,20.66,19.65,20.1,20.07,20.1,-74.79,20.3,20.11,0.347,0.0069999999999999,0.006,0.008,0.0149999999999999,0.013,0.013,0.016,12114.0,16815.0,16717.0,17050.0,14419.0,14445.0,11703.0,0.002,0.002,0.002,0.004,0.003,0.004,0.004,0.0,266.1,0.0,60.15,0.0,0.0,0.0,0.0,16.0,0.0,0.0,0.0,0.0,0.0,21.66,21.49,0.0,20.32,190.5,17.88,2.0,3.474,-1.0,3.882,5.9,4901
2016-03-31 18:44:00,0.0,0.0,0.0,1113782.0,62.9,59.9,60.0,0.0,43261.0,540.0,96899.0,1070507.0,0.0,1.0,0.0,0.0,0.0,274.7,274.4,276.0,0.772,273.0,0.531,273.0,0.842,274.7,0.004,13.62,2.0,3.0,0.0,22.56,0.0,34.93,258.8,0.0,-0.0069999999999999,-0.0069999999999999,-0.0069999999999999,-0.159,-0.159,0.228,0.0,30.95,20.68,20.68,19.72,20.15,20.1,20.11,-5.837999999999999,20.3,20.11,0.318,0.0069999999999999,0.006,0.008,0.0139999999999999,0.013,0.0149999999999999,0.018,12114.0,16815.0,16717.0,17050.0,14419.0,14445.0,11703.0,0.002,0.001,0.002,0.004,0.003,0.004,0.005,0.0,258.0,0.0,60.21,0.0,0.0,0.0,0.0,16.0,0.0,0.0,0.0,0.0,0.0,21.66,21.5,0.0,20.34,192.6,17.91,2.0,3.474,-1.0,3.042,4.5,4901
2016-03-31 18:45:00,0.0,0.0,0.0,1113782.0,62.9,59.9,60.0,0.0,43261.0,540.0,96899.0,1070507.0,0.0,1.0,0.0,0.0,0.0,274.7,274.2,275.9,0.772,273.0,0.531,273.0,0.842,274.2,0.004,13.62,2.0,3.0,0.0,22.54,0.0,21.39,250.3,0.0,-0.0069999999999999,-0.0069999999999999,-0.0069999999999999,-0.158,-0.158,0.228,0.0,30.87,20.68,20.73,19.72,20.18,20.12,20.11,-53.46,20.35,20.12,0.267,0.0069999999999999,0.006,0.009,0.0139999999999999,0.013,0.0139999999999999,0.017,12114.0,16815.0,16717.0,17050.0,14419.0,14445.0,11703.0,0.002,0.001,0.002,0.004,0.003,0.004,0.004,0.0,249.5,0.0,60.14,0.0,0.0,0.0,0.0,16.0,0.0,0.0,0.0,0.0,0.0,21.68,21.56,0.0,20.41,177.4,14.11,2.0,3.475,-1.0,4.07,6.8,4901
2016-03-31 18:46:00,0.0,0.0,0.0,1113782.0,62.9,59.9,60.0,0.0,43261.0,540.0,96899.0,1070507.0,0.0,1.0,0.0,0.0,0.0,274.8,274.1,275.8,0.772,273.0,0.531,273.0,0.842,274.1,0.004,13.62,2.0,3.0,0.0,22.53,0.0,21.2,241.4,0.0,-0.0069999999999999,-0.0069999999999999,-0.0069999999999999,-0.168,-0.157,0.228,0.0,30.87,20.69,20.77,19.8,20.2,20.15,20.18,-48.92,20.4,20.17,0.257,0.0069999999999999,0.006,0.009,0.0139999999999999,0.0139999999999999,0.0139999999999999,0.016,12114.0,16815.0,16717.0,17050.0,14419.0,14445.0,11703.0,0.002,0.001,0.002,0.003,0.003,0.003,0.004,0.0,240.7,0.0,60.13,0.0,0.0,0.0,0.0,16.0,0.0,0.0,0.0,0.0,0.0,21.74,21.63,0.0,20.43,189.6,11.87,2.0,3.473,-1.0,3.703,5.9,4901
2016-03-31 18:47:00,0.0,0.0,0.0,1113782.0,62.9,59.9,60.0,0.0,43261.0,540.0,96899.0,1070507.0,0.0,1.0,0.0,0.0,0.0,274.4,274.1,275.9,0.772,273.0,0.531,272.9,0.842,274.0,-0.05,13.23,2.0,1.0,0.0,22.53,0.0,21.18,231.8,0.0,-0.0069999999999999,-0.0069999999999999,-0.0069999999999999,-0.2119999999999999,-0.157,0.228,0.001,30.87,20.66,20.74,19.76,20.2,20.17,20.22,20.23,20.4,20.14,0.196,0.006,0.006,0.009,0.0139999999999999,0.0139999999999999,0.0139999999999999,0.017,12114.0,16815.0,16717.0,17050.0,14419.0,14445.0,11703.0,0.001,0.001,0.002,0.003,0.003,0.003,0.004,0.0,231.2,0.0,60.14,0.0,0.0,0.0,0.0,16.0,0.0,0.0,0.0,0.0,0.0,21.73,21.54,0.0,20.39,191.4,18.35,2.0,3.474,-1.0,2.988,7.2,4901
2016-03-31 18:48:00,0.0,0.0,0.0,1113782.0,62.9,59.9,60.0,0.0,43261.0,540.0,96899.0,1070507.0,0.0,1.0,0.0,0.0,0.0,274.8,274.0,275.8,0.772,273.0,0.531,273.0,0.842,274.0,0.0559999999999999,13.23,2.0,1.0,0.0,22.53,0.0,21.1,221.5,0.0,-0.0069999999999999,-0.0069999999999999,-0.0069999999999999,-0.2429999999999999,-0.156,0.2289999999999999,0.002,30.85,20.72,20.77,19.8,20.26,20.18,20.22,-46.78,20.4,20.2,0.191,0.006,0.006,0.008,0.013,0.0149999999999999,0.0139999999999999,0.017,12114.0,16815.0,16717.0,17050.0,14419.0,14445.0,11703.0,0.001,0.001,0.002,0.003,0.003,0.003,0.004,0.0,220.8,0.0,60.15,0.0,0.0,0.0,0.0,16.0,0.0,0.0,0.0,0.0,0.0,21.74,21.57,0.0,20.47,199.5,14.72,2.0,3.474,-1.0,4.97,8.3,4901
2016-03-31 18:49:00,0.0,0.0,0.0,1113782.0,62.9,59.9,60.0,0.0,43261.0,540.0,96899.0,1070507.0,0.0,1.0,0.0,0.0,0.0,274.6,274.1,275.8,0.772,273.0,0.531,273.0,0.842,274.0,0.005,13.62,2.0,3.0,0.0,22.53,0.0,21.22,211.3,0.0,-0.0069999999999999,-0.0069999999999999,-0.0069999999999999,-0.231,-0.155,0.228,0.0,30.84,20.71,20.74,19.78,20.23,20.2,20.16,-1.238,20.36,20.2,0.188,0.006,0.0069999999999999,0.008,0.013,0.0139999999999999,0.013,0.016,12114.0,16815.0,16717.0,17050.0,14419.0,14445.0,11703.0,0.001,0.001,0.002,0.003,0.003,0.003,0.003,0.0,210.8,0.0,60.15,0.0,0.0,0.0,0.0,16.0,0.0,0.0,0.0,0.0,0.0,21.72,21.53,0.0,20.43,189.5,24.39,2.0,3.474,-1.0,2.515,4.1,4901
2016-03-31 18:50:00,0.0,0.0,0.0,1113782.0,62.9,59.9,60.0,0.0,43261.0,540.0,96899.0,1070507.0,0.0,1.0,0.0,0.0,0.0,274.5,274.3,275.9,0.772,273.0,0.531,273.0,0.842,274.0,0.004,13.62,2.0,3.0,0.0,22.51,0.0,21.23,201.6,0.0,-0.008,-0.0069999999999999,-0.0069999999999999,-0.255,-0.158,0.228,0.0,30.77,20.66,20.68,19.72,20.18,20.12,20.11,-17.14,20.3,20.14,0.14,0.006,0.0069999999999999,0.009,0.012,0.0149999999999999,0.0139999999999999,0.017,12114.0,16815.0,16717.0,17050.0,14419.0,14445.0,11703.0,0.001,0.001,0.002,0.002,0.003,0.003,0.003,0.0,201.2,0.0,60.15,0.0,0.0,0.0,0.0,16.0,0.0,0.0,0.0,0.0,0.0,21.68,21.48,0.0,20.37,183.9,22.62,2.0,3.474,-1.0,1.908,2.9,4901
2016-03-31 18:51:00,0.0,0.0,0.0,1113782.0,62.9,59.9,60.0,0.0,43261.0,540.0,96899.0,1070507.0,0.0,1.0,0.0,0.0,0.0,274.4,274.4,276.0,0.772,273.0,0.531,273.0,0.842,274.0,0.004,13.62,2.0,3.0,0.0,22.5,0.0,21.21,191.5,0.0,-0.01,-0.009,-0.0069999999999999,-0.2689999999999999,-0.159,0.228,0.0,30.76,20.68,20.68,19.72,20.12,20.1,20.11,-27.41,20.3,20.11,0.0509999999999999,0.006,0.0069999999999999,0.01,0.012,0.0139999999999999,0.0139999999999999,0.016,12114.0,16815.0,16717.0,17050.0,14419.0,14445.0,11703.0,0.001,0.001,0.002,0.002,0.003,0.003,0.003,0.0,191.2,0.0,60.17,0.0,0.0,0.0,0.0,16.0,0.0,0.0,0.0,0.0,0.0,21.68,21.51,0.0,20.4,184.8,14.07,2.0,3.474,-1.0,2.823,4.5,4901
2016-03-31 18:52:00,0.0,0.0,0.0,1113782.0,62.9,59.9,60.0,0.0,43261.0,540.0,96899.0,1070507.0,0.0,1.0,0.0,0.0,0.0,274.5,274.4,276.0,0.772,273.0,0.531,273.0,0.842,274.0,0.004,13.62,2.0,3.0,0.0,22.5,0.0,21.25,180.1,0.0,-0.01,-0.01,-0.0069999999999999,-0.247,-0.158,0.228,0.0,30.69,20.74,20.73,19.72,20.2,20.12,20.11,-0.6189999999999999,20.3,20.14,0.0379999999999999,0.006,0.0069999999999999,0.009,0.012,0.0139999999999999,0.0149999999999999,0.016,12114.0,16815.0,16717.0,17050.0,14419.0,14445.0,11703.0,0.001,0.001,0.002,0.002,0.003,0.003,0.003,0.0,179.8,0.0,60.22,0.0,0.0,0.0,0.0,16.0,0.0,0.0,0.0,0.0,0.0,21.73,21.62,0.0,20.47,194.8,17.34,2.0,3.474,-1.0,4.765,6.8,4901
2016-03-31 18:53:00,0.0,0.0,0.0,1113782.0,62.9,59.9,60.0,0.0,43261.0,540.0,96899.0,1070507.0,0.0,1.0,0.0,0.0,0.0,274.7,274.2,275.8,0.772,273.0,0.531,273.0,0.842,274.0,-0.026,13.25,2.0,1.0,0.0,22.5,0.0,21.09,167.6,0.0,-0.01,-0.01,-0.0069999999999999,-0.2039999999999999,-0.157,0.2269999999999999,0.001,30.68,20.72,20.77,19.72,20.2,20.13,20.16,-27.08,20.33,20.17,0.0379999999999999,0.006,0.008,0.008,0.011,0.016,0.0139999999999999,0.0149999999999999,12114.0,16815.0,16717.0,17050.0,14419.0,14445.0,11703.0,0.001,0.001,0.001,0.002,0.003,0.002,0.002,0.0,167.4,0.0,60.17,0.0,0.0,0.0,0.0,16.0,0.0,0.0,0.0,0.0,0.0,21.78,21.62,0.0,20.45,180.5,18.44,2.0,3.474,-1.0,2.802,4.7,4901
2016-03-31 18:54:00,0.0,0.0,0.0,1113782.0,62.9,59.9,60.0,0.0,43261.0,540.0,96899.0,1070507.0,0.0,1.0,0.0,0.0,0.0,274.9,274.1,275.8,0.772,273.0,0.531,273.0,0.842,274.0,0.032,13.22,2.0,1.0,0.0,22.5,0.0,21.3,154.2,0.0,-0.01,-0.01,-0.0069999999999999,-0.2389999999999999,-0.156,0.23,0.002,30.68,20.66,20.68,19.72,20.18,20.12,20.11,-27.48,20.3,20.16,0.0379999999999999,0.006,0.0069999999999999,0.01,0.012,0.0149999999999999,0.0139999999999999,0.0149999999999999,12114.0,16815.0,16717.0,17050.0,14419.0,14445.0,11703.0,0.001,0.001,0.001,0.002,0.002,0.002,0.002,0.0,154.1,0.0,60.14,0.0,0.0,0.0,0.0,16.0,0.0,0.0,0.0,0.0,0.0,21.73,21.56,0.0,20.4,195.3,15.01,2.0,3.473,-1.0,3.08,5.4,4901
2016-03-31 18:55:00,0.0,0.0,0.0,1113782.0,62.9,59.9,60.0,0.0,43261.0,540.0,96899.0,1070507.0,0.0,1.0,0.0,0.0,0.0,274.6,274.4,276.1,0.772,273.0,0.531,273.0,0.842,274.6,0.005,13.62,2.0,3.0,0.0,22.5,0.0,21.18,140.7,0.0,-0.01,-0.01,-0.0069999999999999,-0.259,-0.156,0.228,0.0,30.63,20.66,20.68,19.7,20.1,20.08,20.11,-1.356,20.25,20.11,0.0379999999999999,0.006,0.0069999999999999,0.009,0.011,0.0149999999999999,0.0139999999999999,0.016,12114.0,16815.0,16717.0,17050.0,14419.0,14445.0,11703.0,0.001,0.001,0.001,0.002,0.002,0.002,0.002,0.0,140.5,0.0,60.13,0.0,0.0,0.0,0.0,16.0,0.0,0.0,0.0,0.0,0.0,21.73,21.48,0.0,20.37,190.4,18.24,2.0,3.474,-1.0,3.432,7.1,4901
2016-03-31 18:56:00,0.0,0.0,0.0,1113782.0,62.9,59.9,60.0,0.0,43261.0,540.0,96899.0,1070507.0,0.0,1.0,0.0,0.0,0.0,274.8,274.3,276.0,0.772,273.0,0.531,273.0,0.842,274.7,0.004,13.62,2.0,3.0,0.0,22.5,0.0,21.12,126.1,0.0,-0.01,-0.01,-0.0069999999999999,-0.2689999999999999,-0.155,0.228,0.0,30.58,20.68,20.68,19.72,20.12,20.1,20.13,11.37,20.32,20.14,0.0379999999999999,0.006,0.008,0.009,0.01,0.0149999999999999,0.0149999999999999,0.0149999999999999,12114.0,16815.0,16717.0,17050.0,14419.0,14445.0,11703.0,0.001,0.001,0.001,0.001,0.002,0.002,0.002,0.0,126.1,0.0,60.15,0.0,0.0,0.0,0.0,16.0,0.0,0.0,0.0,0.0,0.0,21.71,21.51,0.0,20.4,178.7,14.43,2.0,3.474,-1.0,3.975,6.4,4901
2016-03-31 18:57:00,0.0,0.0,0.0,1113782.0,62.9,59.9,60.0,0.0,43261.0,540.0,96899.0,1070507.0,0.0,1.0,0.0,0.0,0.0,274.9,274.4,276.0,0.772,273.0,0.531,273.0,0.842,275.0,0.004,13.62,2.0,3.0,0.0,22.5,0.0,21.26,110.6,0.0,-0.01,-0.01,-0.0069999999999999,-0.2689999999999999,-0.155,0.228,0.0,30.58,20.66,20.68,19.72,20.1,20.1,20.11,-57.27,20.32,20.11,0.0379999999999999,0.006,0.0069999999999999,0.009,0.011,0.0149999999999999,0.0149999999999999,0.0139999999999999,12114.0,16815.0,16717.0,17050.0,14419.0,14445.0,11703.0,0.001,0.001,0.001,0.001,0.002,0.002,0.002,0.0,110.7,0.0,60.14,0.0,0.0,0.0,0.0,16.0,0.0,0.0,0.0,0.0,0.0,21.73,21.53,0.0,20.38,183.2,7.689,2.0,3.474,-1.0,3.297,5.9,4901
2016-03-31 18:58:00,0.0,0.0,0.0,1113782.0,62.9,59.9,60.0,0.0,43261.0,540.0,96899.0,1070507.0,0.0,1.0,0.0,0.0,0.0,274.9,274.4,276.1,0.772,273.0,0.531,273.0,0.842,274.9,0.004,13.62,2.0,3.0,0.0,22.5,0.0,21.22,96.3,0.0,-0.01,-0.01,-0.008,-0.258,-0.154,0.228,0.0,30.49,20.61,20.65,19.62,20.08,20.08,20.11,-27.29,20.24,20.09,0.0379999999999999,0.006,0.0069999999999999,0.01,0.011,0.0149999999999999,0.013,0.0149999999999999,12114.0,16815.0,16717.0,17050.0,14419.0,14445.0,11703.0,0.001,0.001,0.001,0.001,0.001,0.001,0.001,0.0,96.5,0.0,60.15,0.0,0.0,0.0,0.0,16.0,0.0,0.0,0.0,0.0,0.0,21.68,21.5,0.0,20.33,190.8,19.85,2.0,3.474,-1.0,2.057,3.0,4901
2016-03-31 18:59:00,0.0,0.0,0.0,1113782.0,62.9,59.9,60.0,0.0,43261.0,540.0,96899.0,1070507.0,0.0,1.0,0.0,0.0,0.0,274.8,274.4,276.0,0.772,273.0,0.531,273.0,0.842,275.0,-0.004,13.31,2.0,1.0,0.0,22.48,0.0,21.2,82.7,0.0,-0.01,-0.01,-0.01,-0.2129999999999999,-0.154,0.2269999999999999,0.001,30.49,20.56,20.58,19.61,20.04,20.04,20.04,-58.12,20.2,20.01,0.037,0.006,0.008,0.009,0.012,0.016,0.0139999999999999,0.0149999999999999,12114.0,16815.0,16717.0,17050.0,14419.0,14445.0,11703.0,0.0,0.001,0.001,0.001,0.001,0.001,0.001,0.0,83.2,0.0,60.23,0.0,0.0,0.0,0.0,16.0,0.0,0.0,0.0,0.0,0.0,21.62,21.41,0.0,20.28,171.5,11.87,2.0,3.473,-1.0,2.79,4.0,4901
2016-03-31 19:00:00,0.0,0.0,0.0,1113782.0,62.9,59.9,60.0,0.0,43261.0,540.0,96899.0,1070507.0,0.0,1.0,0.0,0.0,0.0,274.8,274.5,276.2,0.772,273.0,0.531,273.0,0.842,275.0,0.01,13.27,2.0,1.0,0.0,22.47,0.0,21.24,70.04,0.0,-0.01,-0.01,-0.01,-0.266,-0.154,0.2289999999999999,0.001,30.42,20.52,20.52,19.54,20.01,19.99,19.99,14.34,20.19,20.01,0.037,0.006,0.008,0.009,0.011,0.0149999999999999,0.0139999999999999,0.0139999999999999,12114.0,16815.0,16717.0,17050.0,14419.0,14445.0,11703.0,0.0,0.001,0.001,0.001,0.001,0.001,0.001,0.0,70.48,0.0,60.23,0.0,0.0,0.0,0.0,16.0,0.0,0.0,0.0,0.0,0.0,21.6,21.39,0.0,20.25,179.2,25.09,2.0,3.473,-1.0,2.167,4.3,4901
2016-03-31 19:01:00,0.0,0.0,0.0,1113782.0,62.9,59.9,60.0,0.0,43261.0,540.0,96899.0,1070507.0,0.0,1.0,0.0,0.0,0.0,274.8,274.6,276.2,0.772,273.0,0.531,273.0,0.842,275.0,0.005,13.62,2.0,3.0,0.0,22.47,0.0,21.21,58.13,0.0,-0.012,-0.01,-0.01,-0.2869999999999999,-0.159,0.228,0.0,30.39,20.49,20.49,19.53,19.96,19.91,19.99,-1.383,20.17,19.93,0.0379999999999999,0.005,0.0069999999999999,0.009,0.01,0.0149999999999999,0.0139999999999999,0.0139999999999999,12114.0,16815.0,16717.0,17050.0,14419.0,14445.0,11703.0,0.0,0.0,0.001,0.001,0.001,0.001,0.001,0.0,58.69,0.0,60.22,0.0,0.0,0.0,0.0,16.0,0.0,0.0,0.0,0.0,0.0,21.59,21.39,0.0,20.23,185.5,17.25,2.0,3.473,-1.0,3.2880000000000003,5.5,4901
2016-03-31 19:02:00,0.0,0.0,0.0,1113782.0,62.9,59.9,60.0,0.0,43261.0,540.0,96899.0,1070507.0,0.0,1.0,0.0,0.0,0.0,274.7,274.6,276.2,0.772,273.0,0.531,273.0,0.842,274.9,0.004,13.62,2.0,3.0,0.0,22.47,0.0,21.26,47.8,0.0,-0.013,-0.01,-0.01,-0.272,-0.158,0.228,0.0,30.29,20.49,20.45,19.53,19.91,19.91,19.89,-1.369,20.09,19.93,0.036,0.006,0.008,0.01,0.01,0.0149999999999999,0.0139999999999999,0.0149999999999999,12114.0,16815.0,16717.0,17050.0,14419.0,14445.0,11703.0,0.0,0.0,0.0,0.0,0.001,0.001,0.001,0.0,48.48,0.0,60.21,0.0,0.0,0.0,0.0,16.0,0.0,0.0,0.0,0.0,0.0,21.55,21.33,0.0,20.19,182.2,14.81,2.0,3.474,-1.0,2.518,4.7,4901
2016-03-31 19:03:00,0.0,0.0,0.0,1113782.0,62.9,59.9,60.0,0.0,43261.0,540.0,96899.0,1070507.0,0.0,1.0,0.0,0.0,0.0,275.2,274.5,276.1,0.772,273.0,0.531,273.0,0.842,275.0,0.004,13.62,2.0,3.0,0.0,22.46,0.0,21.22,39.53,0.0,-0.013,-0.01,-0.01,-0.263,-0.157,0.228,0.0,30.29,20.49,20.41,19.46,19.91,19.88,19.93,-75.2,20.08,19.89,0.033,0.006,0.0069999999999999,0.009,0.01,0.016,0.0139999999999999,0.0149999999999999,12114.0,16815.0,16717.0,17050.0,14419.0,14445.0,11703.0,0.0,0.0,0.0,0.0,0.001,0.001,0.001,0.0,40.27,0.0,60.22,0.0,0.0,0.0,0.0,16.0,0.0,0.0,0.0,0.0,0.0,21.53,21.34,0.0,20.16,178.9,10.76,2.0,3.474,-1.0,3.527,5.6,4901
2016-03-31 19:04:00,0.0,0.0,0.0,1113782.0,62.9,59.9,60.0,0.0,43261.0,540.0,96899.0,1070507.0,0.0,1.0,0.0,0.0,0.0,275.0,274.7,276.2,0.772,273.0,0.531,273.0,0.842,275.0,0.004,13.62,2.0,3.0,0.0,22.45,0.0,21.31,33.4,0.0,-0.012,-0.01,-0.01,-0.2429999999999999,-0.156,0.228,0.0,30.21,20.4,20.4,19.49,19.91,19.84,19.93,-53.73,20.09,19.94,0.032,0.006,0.008,0.009,0.01,0.0149999999999999,0.0139999999999999,0.0149999999999999,12114.0,16815.0,16717.0,17050.0,14419.0,14445.0,11703.0,0.0,0.0,0.0,0.0,0.001,0.0,0.001,0.0,34.05,0.0,60.22,0.0,0.0,0.0,0.0,16.0,0.0,0.0,0.0,0.0,0.0,21.52,21.32,0.0,20.13,180.4,17.88,2.0,3.474,-1.0,2.325,4.3,4901
2016-03-31 19:05:00,0.0,0.0,0.0,1113782.0,62.9,59.9,60.0,0.0,43261.0,540.0,96899.0,1070507.0,0.0,1.0,0.0,0.0,0.0,275.0,274.7,276.2,0.772,273.0,0.531,273.0,0.842,275.0,-0.027,13.25,2.0,1.0,0.0,22.45,0.0,21.17,28.61,0.0,-0.01,-0.01,-0.01,-0.267,-0.155,0.2269999999999999,0.001,30.16,20.39,20.39,19.43,19.83,19.81,19.91,-53.28,20.01,19.82,0.034,0.006,0.008,0.009,0.011,0.0149999999999999,0.013,0.0149999999999999,12114.0,16815.0,16717.0,17050.0,14419.0,14445.0,11703.0,0.0,0.0,0.0,0.0,0.0,0.0,0.0,0.0,29.18,0.0,60.17,0.0,0.0,0.0,0.0,16.0,0.0,0.0,0.0,0.0,0.0,21.5,21.26,0.0,20.11,185.3,20.03,2.0,3.474,-1.0,3.138,4.7,4901
2016-03-31 19:06:00,0.0,0.0,0.0,1113782.0,62.9,59.9,60.0,0.0,43261.0,540.0,96899.0,1070507.0,0.0,1.0,0.0,0.0,0.0,275.3,274.8,276.3,0.772,273.0,0.531,273.0,0.842,275.0,0.032,13.22,2.0,1.0,0.0,22.45,0.0,21.4,24.86,0.0,-0.01,-0.01,-0.01,-0.276,-0.155,0.23,0.002,30.1,20.39,20.39,19.43,19.88,19.81,19.9,-101.0,20.01,19.82,0.031,0.0069999999999999,0.0069999999999999,0.009,0.011,0.0149999999999999,0.0139999999999999,0.0139999999999999,12114.0,16815.0,16717.0,17050.0,14419.0,14445.0,11703.0,0.0,0.0,0.0,0.0,0.0,0.0,0.0,0.0,25.51,0.0,60.18,0.0,0.0,0.0,0.0,16.0,0.0,0.0,0.0,0.0,0.0,21.49,21.3,0.0,20.11,195.8,13.56,2.0,3.474,-1.0,2.545,4.4,4901
2016-03-31 19:07:00,0.0,0.0,0.0,1113782.0,62.9,59.9,60.0,0.0,43261.0,540.0,96899.0,1070507.0,0.0,1.0,0.0,0.0,0.0,275.0,274.9,276.4,0.772,273.2,0.531,273.0,0.842,275.0,0.006,13.62,2.0,3.0,0.0,22.45,0.0,21.18,22.17,0.0,-0.01,-0.01,-0.01,-0.265,-0.155,0.228,0.001,30.02,20.39,20.39,19.43,19.81,19.8,19.88,-53.57,20.01,19.84,0.0279999999999999,0.005,0.008,0.009,0.009,0.0149999999999999,0.0139999999999999,0.0149999999999999,12114.0,16815.0,16717.0,17050.0,14419.0,14445.0,11703.0,0.0,0.0,0.0,0.0,0.0,0.0,0.0,0.0,22.79,0.0,60.19,0.0,0.0,0.0,0.0,16.0,0.0,0.0,0.0,0.0,0.0,21.46,21.28,0.0,20.11,180.6,13.43,2.0,3.474,-1.0,2.647,4.9,4901
2016-03-31 19:08:00,0.0,0.0,0.0,1113782.0,62.9,59.9,60.0,0.0,43261.0,540.0,96899.0,1070507.0,0.0,1.0,0.0,0.0,0.0,275.2,274.7,276.3,0.772,273.0,0.531,273.0,0.842,275.0,0.004,13.62,2.0,3.0,0.0,22.42,0.0,21.18,20.15,0.0,-0.01,-0.01,-0.01,-0.2849999999999999,-0.154,0.228,0.0,30.0,20.39,20.39,19.43,19.81,19.83,19.91,-20.54,20.01,19.87,0.031,0.006,0.008,0.01,0.01,0.016,0.0139999999999999,0.016,12114.0,16815.0,16717.0,17050.0,14419.0,14445.0,11703.0,0.0,0.0,0.0,0.0,0.0,0.0,0.0,0.0,20.78,0.0,60.14,0.0,0.0,0.0,0.0,16.0,0.0,0.0,0.0,0.0,0.0,21.48,21.28,0.0,20.1,180.3,10.88,2.0,3.474,-1.0,2.552,4.6,4901
2016-03-31 19:09:00,0.0,0.0,0.0,1113782.0,62.9,59.9,60.0,0.0,43261.0,540.0,96899.0,1070507.0,0.0,1.0,0.0,0.0,0.0,275.2,274.7,276.3,0.772,273.0,0.531,273.0,0.842,275.0,0.004,13.62,2.0,3.0,0.0,22.42,0.0,21.3,18.64,0.0,-0.01,-0.01,-0.009,-0.2849999999999999,-0.154,0.228,0.0,29.92,20.39,20.39,19.43,19.86,19.85,19.9,-79.40999999999998,20.01,19.89,0.033,0.006,0.008,0.009,0.01,0.0139999999999999,0.0139999999999999,0.0139999999999999,12114.0,16815.0,16717.0,17050.0,14419.0,14445.0,11703.0,0.0,0.0,0.0,0.0,0.0,0.0,0.0,0.0,19.16,0.0,60.14,0.0,0.0,0.0,0.0,16.0,0.0,0.0,0.0,0.0,0.0,21.48,21.29,0.0,20.12,194.4,16.91,2.0,3.474,-1.0,2.85,4.4,4901
2016-03-31 19:10:00,0.0,0.0,0.0,1113782.0,62.9,59.9,60.0,0.0,43261.0,540.0,96899.0,1070507.0,0.0,1.0,0.0,0.0,0.0,275.1,274.7,276.3,0.772,273.0,0.531,273.0,0.842,275.0,0.004,13.62,2.0,3.0,0.0,22.42,0.0,21.2,17.12,0.0,-0.01,-0.01,-0.008,-0.261,-0.154,0.228,0.0,29.91,20.39,20.47,19.46,19.91,19.88,19.91,-53.37,20.04,19.96,0.033,0.006,0.008,0.009,0.01,0.0149999999999999,0.013,0.0139999999999999,12114.0,16815.0,16717.0,17050.0,14419.0,14445.0,11703.0,0.0,0.0,0.0,0.0,0.0,0.0,0.0,0.0,17.77,0.0,60.15,0.0,0.0,0.0,0.0,16.0,0.0,0.0,0.0,0.0,0.0,21.48,21.3,0.0,20.13,182.4,20.36,2.0,3.472,-1.0,2.923,4.7,4901
2016-03-31 19:11:00,0.0,0.0,0.0,1113782.0,62.9,59.9,60.0,0.0,43261.0,540.0,96899.0,1070507.0,0.0,1.0,0.0,0.0,0.0,275.2,274.8,276.3,0.772,273.0,0.531,273.0,0.842,275.0,0.021,13.62,2.0,3.0,0.0,22.42,0.0,21.44,15.81,0.0,-0.01,-0.01,-0.0069999999999999,-0.265,-0.153,0.2269999999999999,0.0,29.81,20.47,20.49,19.54,19.91,19.96,19.95,-32.72,20.13,19.98,0.033,0.006,0.0069999999999999,0.008,0.011,0.0149999999999999,0.0139999999999999,0.0139999999999999,12114.0,16815.0,16717.0,17050.0,14419.0,14445.0,11703.0,0.0,0.0,0.0,0.0,0.0,0.0,0.0,0.0,16.42,0.0,60.14,0.0,0.0,0.0,0.0,16.0,0.0,0.0,0.0,0.0,0.0,21.58,21.41,0.0,20.23,185.1,23.36,2.0,3.474,-1.0,3.912,6.6,4901
2016-03-31 19:12:00,0.0,0.0,0.0,1113782.0,62.9,59.9,60.0,0.0,43261.0,540.0,96899.0,1070507.0,0.0,1.0,0.0,0.0,0.0,275.0,274.7,276.2,0.772,273.0,0.531,273.0,0.842,275.0,-0.013,13.43,2.0,3.0,0.0,22.4,0.0,21.2,14.56,0.0,-0.01,-0.01,-0.0069999999999999,-0.265,-0.153,0.2269999999999999,0.001,29.77,20.49,20.49,19.53,19.96,20.01,20.01,19.94,20.12,20.03,0.031,0.006,0.0069999999999999,0.009,0.01,0.016,0.0139999999999999,0.0139999999999999,12114.0,16815.0,16717.0,17050.0,14419.0,14445.0,11703.0,0.0,0.0,0.0,0.0,0.0,0.0,0.0,0.0,15.14,0.0,60.13,0.0,0.0,0.0,0.0,16.0,0.0,0.0,0.0,0.0,0.0,21.56,21.39,0.0,20.22,193.1,12.57,2.0,3.473,-1.0,2.602,4.4,4901
2016-03-31 19:13:00,0.0,0.0,0.0,1113782.0,62.9,59.9,60.0,0.0,43261.0,540.0,96899.0,1070507.0,0.0,1.0,0.0,0.0,0.0,275.1,274.5,276.1,0.772,273.0,0.531,273.0,0.842,275.0,0.004,13.62,2.0,3.0,0.0,22.39,0.0,21.19,13.53,0.0,-0.01,-0.009,-0.0069999999999999,-0.257,-0.153,0.228,0.0,29.72,20.49,20.49,19.53,20.01,20.02,20.01,-23.06,20.11,20.01,0.027,0.006,0.0069999999999999,0.009,0.011,0.016,0.0139999999999999,0.0149999999999999,12114.0,16815.0,16717.0,17050.0,14419.0,14445.0,11703.0,0.0,0.0,0.0,0.0,0.0,0.0,0.0,0.0,14.05,0.0,60.15,0.0,0.0,0.0,0.0,16.0,0.0,0.0,0.0,0.0,0.0,21.55,21.39,0.0,20.21,191.9,15.72,2.0,3.473,-1.0,2.82,4.7,4901
2016-03-31 19:14:00,0.0,0.0,0.0,1113782.0,62.9,59.9,60.0,0.0,43261.0,540.0,96899.0,1070507.0,0.0,1.0,0.0,0.0,0.0,275.3,274.6,276.1,0.772,273.0,0.531,273.0,0.842,275.0,0.004,13.62,2.0,3.0,0.0,22.39,0.0,21.25,12.67,0.0,-0.009,-0.009,-0.0069999999999999,-0.273,-0.153,0.228,0.0,29.67,20.49,20.49,19.53,20.01,20.04,20.01,-74.51999999999998,20.11,20.03,0.0289999999999999,0.006,0.0069999999999999,0.009,0.011,0.0149999999999999,0.0139999999999999,0.0139999999999999,12114.0,16815.0,16717.0,17050.0,14419.0,14445.0,11703.0,0.0,0.0,0.0,0.0,0.0,0.0,0.0,0.0,13.13,0.0,60.17,0.0,0.0,0.0,0.0,16.0,0.0,0.0,0.0,0.0,0.0,21.54,21.33,0.0,20.21,187.2,15.65,2.0,3.474,-1.0,2.43,3.9,4901
2016-03-31 19:15:00,0.0,0.0,0.0,1113782.0,62.9,59.9,60.0,0.0,43261.0,540.0,96899.0,1070507.0,0.0,1.0,0.0,0.0,0.0,275.2,274.6,276.2,0.772,273.0,0.531,273.0,0.842,275.0,0.004,13.62,2.0,3.0,0.0,22.39,0.0,21.31,11.87,0.0,-0.01,-0.009,-0.0069999999999999,-0.278,-0.153,0.2269999999999999,0.0,29.62,20.47,20.49,19.53,19.99,19.99,20.01,-6.068,20.11,20.0,0.032,0.006,0.008,0.009,0.01,0.016,0.0139999999999999,0.0139999999999999,12114.0,16815.0,16717.0,17050.0,14419.0,14445.0,11703.0,0.0,0.0,0.0,0.0,0.0,0.0,0.0,0.0,12.32,0.0,60.23,0.0,0.0,0.0,0.0,16.0,0.0,0.0,0.0,0.0,0.0,21.52,21.3,0.0,20.15,182.0,19.99,2.0,3.472,-1.0,2.033,3.3,4901
2016-03-31 19:16:00,0.0,0.0,0.0,1113782.0,62.9,59.9,60.0,0.0,43261.0,540.0,96899.0,1070507.0,0.0,1.0,0.0,0.0,0.0,275.1,274.8,276.3,0.772,273.0,0.531,273.0,0.842,275.0,0.004,13.62,2.0,3.0,0.0,22.39,0.0,21.34,11.34,0.0,-0.01,-0.01,-0.0069999999999999,-0.275,-0.153,0.228,0.0,29.56,20.47,20.49,19.53,19.91,19.92,19.98,-48.35,20.11,19.92,0.033,0.006,0.0069999999999999,0.009,0.011,0.0149999999999999,0.0139999999999999,0.0139999999999999,12114.0,16815.0,16717.0,17050.0,14419.0,14445.0,11703.0,0.0,0.0,0.0,0.0,0.0,0.0,0.0,0.0,11.71,0.0,60.22,0.0,0.0,0.0,0.0,16.0,0.0,0.0,0.0,0.0,0.0,21.48,21.3,0.0,20.18,188.8,13.55,2.0,3.473,-1.0,3.007,4.8,4901
2016-03-31 19:17:00,0.0,0.0,0.0,1113782.0,62.9,59.9,60.0,0.0,43261.0,540.0,96899.0,1070507.0,0.0,1.0,0.0,0.0,0.0,275.3,274.7,276.3,0.772,273.0,0.531,273.0,0.842,275.0,0.003,13.41,2.0,3.0,0.0,22.39,0.0,21.16,10.86,0.0,-0.01,-0.01,-0.0069999999999999,-0.2099999999999999,-0.153,0.2269999999999999,0.0,29.52,20.49,20.49,19.53,19.97,20.04,19.95,-121.2,20.11,20.0,0.031,0.006,0.0069999999999999,0.009,0.011,0.0149999999999999,0.0139999999999999,0.0139999999999999,12114.0,16815.0,16717.0,17050.0,14419.0,14445.0,11703.0,0.0,0.0,0.0,0.0,0.0,0.0,0.0,0.0,11.34,0.0,60.17,0.0,0.0,0.0,0.0,16.0,0.0,0.0,0.0,0.0,0.0,21.5,21.33,0.0,20.19,200.3,18.14,2.0,3.473,-1.0,2.873,4.5,4901
2016-03-31 19:18:00,0.0,0.0,0.0,1113782.0,62.9,59.9,60.0,0.0,43261.0,540.0,96899.0,1070507.0,0.0,1.0,0.0,0.0,0.0,275.0,274.8,276.4,0.772,273.2,0.531,273.0,0.842,275.0,0.005,13.62,2.0,3.0,0.0,22.39,0.0,21.23,10.8,0.0,-0.01,-0.01,-0.0069999999999999,-0.2819999999999999,-0.153,0.228,0.0,29.46,20.49,20.49,19.53,20.01,20.07,19.94,-53.49,20.11,20.03,0.031,0.006,0.0069999999999999,0.009,0.01,0.0149999999999999,0.0139999999999999,0.013,12114.0,16815.0,16717.0,17050.0,14419.0,14445.0,11703.0,0.0,0.0,0.0,0.0,0.0,0.0,0.0,0.0,11.19,0.0,60.15,0.0,0.0,0.0,0.0,16.0,0.0,0.0,0.0,0.0,0.0,21.52,21.34,0.0,20.18,196.7,11.52,2.0,3.473,-1.0,3.08,4.2,4901
2016-03-31 19:19:00,0.0,0.0,0.0,1113782.0,62.9,59.9,60.0,0.0,43261.0,540.0,96899.0,1070507.0,0.0,1.0,0.0,0.0,0.0,274.8,274.6,276.1,0.772,273.0,0.531,273.0,0.842,274.8,0.004,13.62,2.0,3.0,0.0,22.37,0.0,21.56,10.84,0.0,-0.01,-0.01,-0.0069999999999999,-0.2919999999999999,-0.153,0.2269999999999999,0.0,29.43,20.49,20.49,19.53,20.01,20.02,19.91,-32.18,20.09,20.01,0.027,0.006,0.006,0.009,0.011,0.016,0.013,0.0139999999999999,12114.0,16815.0,16717.0,17050.0,14419.0,14445.0,11703.0,0.0,0.0,0.0,0.0,0.0,0.0,0.0,0.0,11.3,0.0,60.13,0.0,0.0,0.0,0.0,16.0,0.0,0.0,0.0,0.0,0.0,21.57,21.39,0.0,20.21,190.4,17.9,2.0,3.473,-1.0,3.567,4.9,4901
2016-03-31 19:20:00,0.0,0.0,0.0,1113782.0,62.9,59.9,60.0,0.0,43261.0,540.0,96899.0,1070507.0,0.0,1.0,0.0,0.0,0.0,274.7,274.5,276.0,0.772,273.0,0.531,273.0,0.842,274.8,0.004,13.62,2.0,3.0,0.0,22.36,0.0,21.35,11.08,0.0,-0.008,-0.008,-0.0069999999999999,-0.296,-0.153,0.2269999999999999,0.0,29.34,20.57,20.55,19.6,20.02,20.14,20.04,-27.39,20.17,20.06,0.032,0.006,0.008,0.009,0.011,0.0139999999999999,0.013,0.0149999999999999,12114.0,16815.0,16717.0,17050.0,14419.0,14445.0,11703.0,0.0,0.0,0.0,0.0,0.0,0.0,0.0,0.0,11.47,0.0,60.14,0.0,0.0,0.0,0.0,16.0,0.0,0.0,0.0,0.0,0.0,21.66,21.55,0.0,20.34,191.5,12.9,2.0,3.473,-1.0,4.602,7.7,4901
2016-03-31 19:21:00,0.0,0.0,0.0,1113782.0,62.9,59.9,60.0,0.0,43261.0,540.0,96899.0,1070507.0,0.0,1.0,0.0,0.0,0.0,274.8,274.5,276.0,0.772,273.0,0.531,273.0,0.842,274.6,0.004,13.62,2.0,3.0,0.0,22.36,0.0,21.31,10.89,0.0,-0.0069999999999999,-0.0069999999999999,-0.0069999999999999,-0.271,-0.152,0.2269999999999999,0.0,29.33,20.58,20.58,19.69,20.1,20.17,20.08,-27.15,20.2,20.16,0.032,0.005,0.006,0.01,0.01,0.0149999999999999,0.0139999999999999,0.013,12114.0,16815.0,16717.0,17050.0,14419.0,14445.0,11703.0,0.0,0.0,0.0,0.0,0.0,0.0,0.0,0.0,11.32,0.0,60.15,0.0,0.0,0.0,0.0,16.0,0.0,0.0,0.0,0.0,0.0,21.7,21.48,0.0,20.31,192.1,12.38,2.0,3.473,-1.0,2.803,4.8,4901
2016-03-31 19:22:00,0.0,0.0,0.0,1113782.0,62.9,59.9,60.0,0.0,43261.0,540.0,96899.0,1070507.0,0.0,1.0,0.0,0.0,0.0,274.9,274.4,276.0,0.772,273.0,0.531,273.0,0.842,274.8,0.004,13.62,2.0,3.0,0.0,22.36,0.0,21.17,10.64,0.0,-0.0069999999999999,-0.0069999999999999,-0.0069999999999999,-0.2429999999999999,-0.152,0.2269999999999999,0.0,29.3,20.58,20.5,19.65,20.1,20.17,20.01,-73.15999999999998,20.2,20.19,0.032,0.005,0.008,0.008,0.01,0.0149999999999999,0.0139999999999999,0.0139999999999999,12114.0,16815.0,16717.0,17050.0,14419.0,14445.0,11703.0,0.0,0.0,0.0,0.0,0.0,0.0,0.0,0.0,10.99,0.0,60.16,0.0,0.0,0.0,0.0,16.0,0.0,0.0,0.0,0.0,0.0,21.65,21.41,0.0,20.28,179.5,17.02,2.0,3.473,-1.0,2.45,4.3,4901
2016-03-31 19:23:00,0.0,0.0,0.0,1113782.0,62.9,59.9,60.0,0.0,43261.0,540.0,96899.0,1070507.0,0.0,1.0,0.0,0.0,0.0,274.8,274.6,276.1,0.772,273.0,0.531,273.0,0.842,274.8,0.004,13.38,2.0,3.0,0.0,22.36,0.0,21.46,10.25,0.0,-0.0069999999999999,-0.0069999999999999,-0.0069999999999999,-0.264,-0.152,0.2269999999999999,0.001,29.23,20.58,20.58,19.62,20.1,20.15,20.01,-6.037000000000001,20.2,20.11,0.0289999999999999,0.005,0.0069999999999999,0.009,0.011,0.0149999999999999,0.013,0.0139999999999999,12114.0,16815.0,16717.0,17050.0,14419.0,14445.0,11703.0,0.0,0.0,0.0,0.0,0.0,0.0,0.0,0.0,10.67,0.0,60.13,0.0,0.0,0.0,0.0,16.0,0.0,0.0,0.0,0.0,0.0,21.64,21.43,0.0,20.3,186.8,14.2,2.0,3.473,-1.0,3.125,4.8,4901
2016-03-31 19:24:00,0.0,0.0,0.0,1113782.0,62.9,59.9,60.0,0.0,43261.0,540.0,96899.0,1070507.0,0.0,1.0,0.0,0.0,0.0,274.7,274.4,276.0,0.772,273.0,0.531,273.0,0.842,274.6,0.004,13.62,2.0,3.0,0.0,22.36,0.0,21.45,10.44,0.0,-0.0069999999999999,-0.008,-0.0069999999999999,-0.264,-0.152,0.2269999999999999,0.0,29.15,20.58,20.58,19.68,20.1,20.17,20.08,-53.38,20.2,20.16,0.027,0.005,0.008,0.009,0.01,0.0149999999999999,0.0139999999999999,0.0139999999999999,12114.0,16815.0,16717.0,17050.0,14419.0,14445.0,11703.0,0.0,0.0,0.0,0.0,0.0,0.0,0.0,0.0,10.72,0.0,60.14,0.0,0.0,0.0,0.0,16.0,0.0,0.0,0.0,0.0,0.0,21.62,21.4,0.0,20.34,179.3,19.39,2.0,3.474,-1.0,2.79,4.7,4901
2016-03-31 19:25:00,0.0,0.0,0.0,1113782.0,62.9,59.9,60.0,0.0,43261.0,540.0,96899.0,1070507.0,0.0,1.0,0.0,0.0,0.0,274.9,274.6,276.1,0.772,273.0,0.531,273.0,0.842,274.7,0.004,13.62,2.0,3.0,0.0,22.36,0.0,21.18,10.32,0.0,-0.008,-0.009,-0.0069999999999999,-0.275,-0.152,0.2269999999999999,0.0,29.14,20.58,20.58,19.64,20.07,20.19,20.05,-26.96,20.2,20.14,0.023,0.005,0.0069999999999999,0.009,0.01,0.0149999999999999,0.0139999999999999,0.0139999999999999,12114.0,16815.0,16717.0,17050.0,14419.0,14445.0,11703.0,0.0,0.0,0.0,0.0,0.0,0.0,0.0,0.0,10.71,0.0,60.16,0.0,0.0,0.0,0.0,16.0,0.0,0.0,0.0,0.0,0.0,21.61,21.41,0.0,20.3,183.0,19.91,2.0,3.474,-1.0,2.938,5.2,4901
2016-03-31 19:26:00,0.0,0.0,0.0,1113782.0,62.9,59.9,60.0,0.0,43261.0,540.0,96899.0,1070507.0,0.0,1.0,0.0,0.0,0.0,274.8,274.6,276.2,0.772,273.0,0.531,273.0,0.842,275.0,0.004,13.62,2.0,3.0,0.0,22.34,0.0,21.18,10.34,0.0,-0.01,-0.01,-0.0069999999999999,-0.264,-0.152,0.2269999999999999,0.0,29.07,20.58,20.58,19.66,20.1,20.16,20.08,-48.75,20.2,20.08,0.02,0.005,0.0069999999999999,0.009,0.01,0.0149999999999999,0.0139999999999999,0.0139999999999999,12114.0,16815.0,16717.0,17050.0,14419.0,14445.0,11703.0,0.0,0.0,0.0,0.0,0.0,0.0,0.0,0.0,10.65,0.0,60.13,0.0,0.0,0.0,0.0,16.0,0.0,0.0,0.0,0.0,0.0,21.63,21.42,0.0,20.3,179.4,25.29,2.0,3.473,-1.0,2.638,4.9,4901
2016-03-31 19:27:00,0.0,0.0,0.0,1113782.0,62.9,59.9,60.0,0.0,43261.0,540.0,96899.0,1070507.0,0.0,1.0,0.0,0.0,0.0,275.0,274.5,276.1,0.772,273.0,0.531,273.0,0.842,275.0,0.004,13.62,2.0,3.0,0.0,22.33,0.0,21.18,10.19,0.0,-0.01,-0.01,-0.0069999999999999,-0.252,-0.152,0.2269999999999999,0.0,29.04,20.58,20.58,19.66,20.08,20.12,20.11,-5.928,20.2,20.05,0.036,0.006,0.008,0.008,0.011,0.0149999999999999,0.0139999999999999,0.013,12114.0,16815.0,16717.0,17050.0,14419.0,14445.0,11703.0,0.0,0.0,0.0,0.0,0.0,0.0,0.0,0.0,10.57,0.0,60.15,0.0,0.0,0.0,0.0,16.0,0.0,0.0,0.0,0.0,0.0,21.6,21.43,0.0,20.32,193.0,20.82,2.0,3.473,-1.0,3.903,6.7,4901
2016-03-31 19:28:00,0.0,0.0,0.0,1113782.0,62.9,59.9,60.0,0.0,43261.0,540.0,96899.0,1070507.0,0.0,1.0,0.0,0.0,0.0,274.9,274.6,276.2,0.772,273.0,0.531,273.0,0.842,275.0,-0.05,13.26,2.0,1.0,0.0,22.33,0.0,21.31,10.06,0.0,-0.008,-0.009,-0.0069999999999999,-0.231,-0.152,0.228,0.001,28.96,20.58,20.58,19.68,20.1,20.19,20.1,-31.56,20.2,20.11,0.025,0.006,0.008,0.008,0.01,0.0149999999999999,0.0139999999999999,0.0149999999999999,12114.0,16815.0,16717.0,17050.0,14419.0,14445.0,11703.0,0.0,0.0,0.0,0.0,0.0,0.0,0.0,0.0,10.33,0.0,60.15,0.0,0.0,0.0,0.0,16.0,0.0,0.0,0.0,0.0,0.0,21.61,21.43,0.0,20.34,186.6,9.35,2.0,3.473,-1.0,3.367,5.3,4901
2016-03-31 19:29:00,0.0,0.0,0.0,1113782.0,62.9,59.9,60.0,0.0,43261.0,540.0,96899.0,1070507.0,0.0,1.0,0.0,0.0,0.0,275.1,274.7,276.2,0.772,273.0,0.531,273.0,0.842,275.0,0.057,13.48,2.0,3.0,0.0,22.33,0.0,21.49,9.74,0.0,-0.0069999999999999,-0.009,-0.0069999999999999,-0.288,-0.152,0.228,0.001,28.95,20.61,20.58,19.66,20.1,20.14,20.08,-1.223,20.2,20.09,0.024,0.006,0.0069999999999999,0.008,0.01,0.0149999999999999,0.0139999999999999,0.0139999999999999,12114.0,16815.0,16717.0,17050.0,14419.0,14445.0,11703.0,0.0,0.0,0.0,0.0,0.0,0.0,0.0,0.0,10.1,0.0,60.14,0.0,0.0,0.0,0.0,16.0,0.0,0.0,0.0,0.0,0.0,21.6,21.43,0.0,20.34,195.4,10.79,2.0,3.474,-1.0,3.258,4.7,4901
2016-03-31 19:30:00,0.0,0.0,0.0,1113782.0,62.9,59.9,60.0,0.0,43261.0,540.0,96899.0,1070507.0,0.0,1.0,0.0,0.0,0.0,274.9,274.7,276.3,0.772,273.0,0.531,273.0,0.842,275.0,0.005,13.62,2.0,3.0,0.0,22.33,0.0,21.26,9.57,0.0,-0.0069999999999999,-0.008,-0.0069999999999999,-0.28,-0.156,0.2269999999999999,0.0,28.85,20.58,20.58,19.67,20.1,20.13,20.06,-98.3,20.17,20.08,0.024,0.006,0.0069999999999999,0.008,0.009,0.0149999999999999,0.013,0.0139999999999999,12114.0,16815.0,16717.0,17050.0,14419.0,14445.0,11703.0,0.0,0.0,0.0,0.0,0.0,0.0,0.0,0.0,9.82,0.0,60.21,0.0,0.0,0.0,0.0,16.0,0.0,0.0,0.0,0.0,0.0,21.6,21.44,0.0,20.3,189.6,14.05,2.0,3.474,-1.0,3.057,5.1,4901
2016-03-31 19:31:00,0.0,0.0,0.0,1113782.0,62.9,59.9,60.0,0.0,43261.0,540.0,96899.0,1070507.0,0.0,1.0,0.0,0.0,0.0,275.4,274.6,276.1,0.772,273.0,0.531,273.0,0.842,275.0,0.004,13.62,2.0,3.0,0.0,22.33,0.0,21.61,9.5,0.0,-0.008,-0.008,-0.0069999999999999,-0.275,-0.157,0.2269999999999999,0.0,28.85,20.58,20.58,19.69,20.05,20.17,20.01,-1.192,20.2,20.08,0.033,0.005,0.0069999999999999,0.009,0.01,0.0149999999999999,0.0139999999999999,0.0139999999999999,12114.0,16815.0,16717.0,17050.0,14419.0,14445.0,11703.0,0.0,0.0,0.0,0.0,0.0,0.0,0.0,0.0,9.61,0.0,60.13,0.0,0.0,0.0,0.0,16.0,0.0,0.0,0.0,0.0,0.0,21.6,21.41,0.0,20.3,183.8,14.18,2.0,3.473,-1.0,3.155,4.6,4901
2016-03-31 19:32:00,0.0,0.0,0.0,1113782.0,62.9,59.9,60.0,0.0,43261.0,540.0,96899.0,1070507.0,0.0,1.0,0.0,0.0,0.0,275.0,274.8,276.3,0.772,273.0,0.531,273.0,0.842,275.0,0.004,13.62,2.0,3.0,0.0,22.33,0.0,21.34,9.51,0.0,-0.01,-0.009,-0.0069999999999999,-0.2889999999999999,-0.156,0.2269999999999999,0.0,28.75,20.58,20.58,19.67,20.1,20.09,20.01,-74.42,20.19,20.05,0.0279999999999999,0.005,0.0069999999999999,0.009,0.011,0.0149999999999999,0.013,0.013,12114.0,16815.0,16717.0,17050.0,14419.0,14445.0,11703.0,0.0,0.0,0.0,0.0,0.0,0.0,0.0,0.0,9.57,0.0,60.15,0.0,0.0,0.0,0.0,16.0,0.0,0.0,0.0,0.0,0.0,21.58,21.33,0.0,20.26,192.8,15.09,2.0,3.474,-1.0,2.185,4.2,4901
2016-03-31 19:33:00,0.0,0.0,0.0,1113782.0,62.9,59.9,60.0,0.0,43261.0,540.0,96899.0,1070507.0,0.0,1.0,0.0,0.0,0.0,275.3,274.7,276.2,0.772,273.3,0.531,273.0,0.842,275.0,0.004,13.62,2.0,3.0,0.0,22.33,0.0,21.34,9.57,0.0,-0.01,-0.01,-0.0069999999999999,-0.28,-0.155,0.2269999999999999,0.0,28.75,20.53,20.56,19.67,20.04,20.11,20.01,-95.8,20.13,20.03,0.032,0.006,0.0069999999999999,0.009,0.011,0.016,0.0139999999999999,0.013,12114.0,16815.0,16717.0,17050.0,14419.0,14445.0,11703.0,0.0,0.0,0.0,0.0,0.0,0.0,0.0,0.0,9.77,0.0,60.14,0.0,0.0,0.0,0.0,16.0,0.0,0.0,0.0,0.0,0.0,21.58,21.35,0.0,20.25,190.0,17.52,2.0,3.468,-1.0,3.338,5.8,4901
2016-03-31 19:34:00,0.0,0.0,0.0,1113782.0,62.9,59.9,60.0,0.0,43261.0,540.0,96899.0,1070507.0,0.0,1.0,0.0,0.0,0.0,275.5,274.8,276.3,0.772,273.9,0.531,273.0,0.842,275.0,0.003,13.5,2.0,1.0,0.0,22.33,0.0,21.41,9.670000000000002,0.0,-0.01,-0.01,-0.0069999999999999,-0.2349999999999999,-0.155,0.2269999999999999,0.001,28.69,20.49,20.5,19.66,20.01,20.09,20.01,-119.7,20.11,20.03,0.0289999999999999,0.006,0.0069999999999999,0.009,0.01,0.0149999999999999,0.013,0.0139999999999999,12114.0,16815.0,16717.0,17050.0,14419.0,14445.0,11703.0,0.0,0.0,0.0,0.0,0.0,0.0,0.0,0.0,10.02,0.0,60.14,0.0,0.0,0.0,0.0,16.0,0.0,0.0,0.0,0.0,0.0,21.59,21.32,0.0,20.21,185.1,16.51,2.0,3.468,-1.0,2.478,4.4,4901
2016-03-31 19:35:00,0.0,0.0,0.0,1113782.0,62.9,59.9,60.0,0.0,43261.0,540.0,96899.0,1070507.0,0.0,1.0,0.0,0.0,0.0,275.2,274.8,276.3,0.772,273.4,0.531,273.0,0.842,275.0,0.005,13.62,2.0,3.0,0.0,22.33,0.0,21.4,9.95,0.0,-0.01,-0.01,-0.0069999999999999,-0.271,-0.155,0.2269999999999999,0.0,28.66,20.49,20.49,19.69,20.01,20.11,20.01,-48.17,20.12,20.05,0.033,0.006,0.0069999999999999,0.009,0.01,0.0149999999999999,0.013,0.0139999999999999,12114.0,16815.0,16717.0,17050.0,14419.0,14445.0,11703.0,0.0,0.0,0.0,0.0,0.0,0.0,0.0,0.0,10.24,0.0,60.15,0.0,0.0,0.0,0.0,16.0,0.0,0.0,0.0,0.0,0.0,21.52,21.31,0.0,20.24,200.2,20.76,2.0,3.474,-1.0,2.575,4.2,4901
2016-03-31 19:36:00,0.0,0.0,0.0,1113782.0,62.9,59.9,60.0,0.0,43261.0,540.0,96899.0,1070507.0,0.0,1.0,0.0,0.0,0.0,275.5,274.8,276.4,0.772,273.9,0.531,273.1,0.842,275.0,0.004,13.62,2.0,3.0,0.0,22.33,0.0,21.58,10.18,0.0,-0.01,-0.01,-0.0069999999999999,-0.2789999999999999,-0.154,0.2269999999999999,0.0,28.57,20.49,20.52,19.69,20.01,20.09,20.01,-100.7,20.12,20.03,0.024,0.006,0.0069999999999999,0.009,0.01,0.0139999999999999,0.0139999999999999,0.013,12114.0,16815.0,16717.0,17050.0,14419.0,14445.0,11703.0,0.0,0.0,0.0,0.0,0.0,0.0,0.0,0.0,10.4,0.0,60.15,0.0,0.0,0.0,0.0,16.0,0.0,0.0,0.0,0.0,0.0,21.55,21.35,0.0,20.22,191.3,17.38,2.0,3.473,-1.0,2.793,4.7,4901
2016-03-31 19:37:00,0.0,0.0,0.0,1113782.0,62.9,59.9,60.0,0.0,43261.0,540.0,96899.0,1070507.0,0.0,1.0,0.0,0.0,0.0,275.4,274.7,276.3,0.772,273.4,0.531,273.0,0.842,275.0,0.004,13.62,2.0,3.0,0.0,22.32,0.0,21.46,10.25,0.0,-0.01,-0.01,-0.0069999999999999,-0.272,-0.154,0.2269999999999999,0.0,28.56,20.49,20.49,19.64,20.01,20.09,20.01,-94.8,20.11,20.04,0.032,0.005,0.0069999999999999,0.009,0.01,0.0149999999999999,0.0139999999999999,0.0139999999999999,12114.0,16815.0,16717.0,17050.0,14419.0,14445.0,11703.0,0.0,0.0,0.0,0.0,0.0,0.0,0.0,0.0,10.59,0.0,60.14,0.0,0.0,0.0,0.0,16.0,0.0,0.0,0.0,0.0,0.0,21.51,21.31,0.0,20.2,190.2,17.71,2.0,3.473,-1.0,2.488,3.9,4901
2016-03-31 19:38:00,0.0,0.0,0.0,1113782.0,62.9,59.9,60.0,0.0,43261.0,540.0,96899.0,1070507.0,0.0,1.0,0.0,0.0,0.0,275.1,275.0,276.5,0.772,274.0,0.531,273.0,0.842,275.0,0.004,13.62,2.0,3.0,0.0,22.31,0.0,21.38,10.39,0.0,-0.01,-0.01,-0.0069999999999999,-0.283,-0.154,0.2269999999999999,0.0,28.54,20.49,20.49,19.61,19.97,20.03,20.01,-53.47,20.09,20.0,0.027,0.006,0.0069999999999999,0.008,0.01,0.0149999999999999,0.013,0.0139999999999999,12114.0,16815.0,16717.0,17050.0,14419.0,14445.0,11703.0,0.0,0.0,0.0,0.0,0.0,0.0,0.0,0.0,10.67,0.0,60.14,0.0,0.0,0.0,0.0,16.0,0.0,0.0,0.0,0.0,0.0,21.5,21.26,0.0,20.2,189.7,17.09,2.0,3.468,-1.0,2.805,4.5,4901
2016-03-31 19:39:00,0.0,0.0,0.0,1113782.0,62.9,59.9,60.0,0.0,43261.0,540.0,96899.0,1070507.0,0.0,1.0,0.0,0.0,0.0,275.3,274.7,276.3,0.772,273.5,0.531,273.0,0.842,275.0,0.027,13.62,2.0,1.0,0.0,22.31,0.0,21.35,10.52,0.0,-0.01,-0.01,-0.0069999999999999,-0.2849999999999999,-0.153,0.2269999999999999,0.0,28.46,20.49,20.49,19.61,20.01,20.01,20.01,-27.4,20.06,20.05,0.032,0.006,0.0069999999999999,0.009,0.01,0.0139999999999999,0.013,0.0139999999999999,12114.0,16815.0,16717.0,17050.0,14419.0,14445.0,11703.0,0.0,0.0,0.0,0.0,0.0,0.0,0.0,0.0,10.76,0.0,60.15,0.0,0.0,0.0,0.0,16.0,0.0,0.0,0.0,0.0,0.0,21.53,21.32,0.0,20.2,183.3,20.49,2.0,3.474,-1.0,2.287,3.5,4901
2016-03-31 19:40:00,0.0,0.0,0.0,1113782.0,62.9,59.9,60.0,0.0,43261.0,540.0,96899.0,1070507.0,0.0,1.0,0.0,0.0,0.0,275.3,275.0,276.5,0.772,273.9,0.531,273.4,0.842,275.0,-0.022,13.28,2.0,1.0,0.0,22.31,0.0,21.25,10.68,0.0,-0.01,-0.01,-0.0069999999999999,-0.2929999999999999,-0.153,0.2289999999999999,0.001,28.43,20.49,20.49,19.6,19.92,20.01,20.01,-1.514,20.11,19.93,0.0289999999999999,0.006,0.0069999999999999,0.009,0.01,0.0149999999999999,0.0139999999999999,0.0139999999999999,12114.0,16815.0,16717.0,17050.0,14419.0,14445.0,11703.0,0.0,0.0,0.0,0.0,0.0,0.0,0.0,0.0,10.9,0.0,60.13,0.0,0.0,0.0,0.0,16.0,0.0,0.0,0.0,0.0,0.0,21.48,21.27,0.0,20.18,176.9,29.2,2.0,3.474,-1.0,1.872,4.5,4901
2016-03-31 19:41:00,0.0,0.0,0.0,1113782.0,62.9,59.9,60.0,0.0,43261.0,540.0,96899.0,1070507.0,0.0,1.0,0.0,0.0,0.0,275.2,275.0,276.4,0.772,273.9,0.531,273.1,0.842,275.0,0.006,13.62,2.0,3.0,0.0,22.31,0.0,21.33,10.78,0.0,-0.01,-0.01,-0.0069999999999999,-0.2929999999999999,-0.153,0.2269999999999999,0.0,28.37,20.41,20.49,19.56,19.91,20.01,19.98,-1.242,20.11,19.92,0.0279999999999999,0.006,0.006,0.008,0.009,0.0149999999999999,0.013,0.0139999999999999,12114.0,16815.0,16717.0,17050.0,14419.0,14445.0,11703.0,0.0,0.0,0.0,0.0,0.0,0.0,0.0,0.0,11.05,0.0,60.15,0.0,0.0,0.0,0.0,16.0,0.0,0.0,0.0,0.0,0.0,21.53,21.27,0.0,20.14,188.7,17.78,2.0,3.473,-1.0,3.592,4.9,4901
2016-03-31 19:42:00,0.0,0.0,0.0,1113782.0,62.9,59.9,60.0,0.0,43261.0,540.0,96899.0,1070507.0,0.0,1.0,0.0,0.0,0.0,275.4,274.9,276.3,0.772,273.7,0.531,273.0,0.842,275.0,0.004,13.62,2.0,3.0,0.0,22.31,0.0,21.34,10.84,0.0,-0.01,-0.01,-0.0069999999999999,-0.2919999999999999,-0.153,0.2269999999999999,0.0,28.37,20.41,20.49,19.58,19.91,20.01,20.01,-24.5,20.11,19.95,0.02,0.005,0.0069999999999999,0.009,0.01,0.0149999999999999,0.013,0.013,12114.0,16815.0,16717.0,17050.0,14419.0,14445.0,11703.0,0.0,0.0,0.0,0.0,0.0,0.0,0.0,0.0,11.22,0.0,60.15,0.0,0.0,0.0,0.0,16.0,0.0,0.0,0.0,0.0,0.0,21.52,21.29,0.0,20.14,184.9,15.66,2.0,3.473,-1.0,2.333,4.4,4901
2016-03-31 19:43:00,0.0,0.0,0.0,1113782.0,62.9,59.9,60.0,0.0,43261.0,540.0,96899.0,1070507.0,0.0,1.0,0.0,0.0,0.0,275.1,274.9,276.4,0.772,273.2,0.531,273.0,0.842,275.0,0.004,13.62,2.0,3.0,0.0,22.3,0.0,21.28,11.15,0.0,-0.01,-0.01,-0.0069999999999999,-0.2939999999999999,-0.153,0.2269999999999999,0.0,28.29,20.49,20.49,19.61,19.91,20.01,19.95,-26.28,20.11,19.97,0.032,0.006,0.0069999999999999,0.008,0.01,0.0139999999999999,0.013,0.012,12114.0,16815.0,16717.0,17050.0,14419.0,14445.0,11703.0,0.0,0.0,0.0,0.0,0.0,0.0,0.0,0.0,11.46,0.0,60.14,0.0,0.0,0.0,0.0,16.0,0.0,0.0,0.0,0.0,0.0,21.53,21.35,0.0,20.21,187.1,13.85,2.0,3.474,-1.0,2.345,4.7,4901
2016-03-31 19:44:00,0.0,0.0,0.0,1113782.0,62.9,59.9,60.0,0.0,43261.0,540.0,96899.0,1070507.0,0.0,1.0,0.0,0.0,0.0,275.3,275.0,276.4,0.772,274.0,0.531,273.1,0.842,275.0,0.004,13.62,2.0,3.0,0.0,22.28,0.0,21.36,11.4,0.0,-0.01,-0.01,-0.0069999999999999,-0.278,-0.153,0.2269999999999999,0.0,28.27,20.49,20.5,19.59,20.01,20.01,20.01,-74.28,20.11,19.95,0.025,0.005,0.0069999999999999,0.008,0.009,0.0139999999999999,0.013,0.0139999999999999,12114.0,16815.0,16717.0,17050.0,14419.0,14445.0,11703.0,0.0,0.0,0.0,0.0,0.0,0.0,0.0,0.0,11.77,0.0,60.15,0.0,0.0,0.0,0.0,16.0,0.0,0.0,0.0,0.0,0.0,21.51,21.37,0.0,20.24,185.5,15.16,2.0,3.474,-1.0,2.687,3.9,4901
2016-03-31 19:45:00,0.0,0.0,0.0,1113782.0,62.9,59.9,60.0,0.0,43261.0,540.0,96899.0,1070507.0,0.0,1.0,0.0,0.0,0.0,275.3,274.9,276.3,0.772,273.7,0.531,273.1,0.842,275.0,0.006,13.62,2.0,3.0,0.0,22.28,0.0,21.23,11.62,0.0,-0.01,-0.01,-0.0069999999999999,-0.275,-0.153,0.2269999999999999,0.0,28.24,20.49,20.52,19.59,20.01,20.04,20.0,-52.79,20.13,19.92,0.031,0.006,0.0069999999999999,0.009,0.01,0.0139999999999999,0.013,0.0139999999999999,12114.0,16815.0,16717.0,17050.0,14419.0,14445.0,11703.0,0.0,0.0,0.0,0.0,0.0,0.0,0.0,0.0,12.06,0.0,60.14,0.0,0.0,0.0,0.0,16.0,0.0,0.0,0.0,0.0,0.0,21.51,21.32,0.0,20.21,186.2,15.14,2.0,3.473,-1.0,2.315,3.4,4901
2016-03-31 19:46:00,0.0,0.0,0.0,1113782.0,62.9,59.9,60.0,0.0,43261.0,540.0,96899.0,1070507.0,0.0,1.0,0.0,0.0,0.0,275.2,274.9,276.4,0.772,273.8,0.531,273.0,0.842,275.0,-0.002,13.22,2.0,1.0,0.0,22.28,0.0,21.41,11.98,0.0,-0.01,-0.009,-0.0069999999999999,-0.318,-0.153,0.2289999999999999,0.002,28.18,20.49,20.49,19.61,20.01,20.01,19.96,-95.9,20.11,19.93,0.031,0.005,0.006,0.008,0.01,0.0139999999999999,0.013,0.013,12114.0,16815.0,16717.0,17050.0,14419.0,14445.0,11703.0,0.0,0.0,0.0,0.0,0.0,0.0,0.0,0.0,12.42,0.0,60.15,0.0,0.0,0.0,0.0,16.0,0.0,0.0,0.0,0.0,0.0,21.48,21.27,0.0,20.19,189.0,14.59,2.0,3.473,-1.0,2.395,3.9,4901
2016-03-31 19:47:00,0.0,0.0,0.0,1113782.0,62.9,59.9,60.0,0.0,43261.0,540.0,96899.0,1070507.0,0.0,1.0,0.0,0.0,0.0,275.5,274.9,276.3,0.772,273.9,0.531,273.2,0.842,275.0,0.0069999999999999,13.62,2.0,3.0,0.0,22.28,0.0,21.41,12.24,0.0,-0.01,-0.009,-0.0069999999999999,-0.271,-0.153,0.2269999999999999,0.001,28.18,20.49,20.49,19.63,20.01,20.01,20.0,-46.55,20.09,19.92,0.0289999999999999,0.006,0.0069999999999999,0.008,0.01,0.0149999999999999,0.013,0.013,12114.0,16815.0,16717.0,17050.0,14419.0,14445.0,11703.0,0.0,0.0,0.0,0.0,0.0,0.0,0.0,0.0,12.75,0.0,60.14,0.0,0.0,0.0,0.0,16.0,0.0,0.0,0.0,0.0,0.0,21.47,21.26,0.0,20.19,185.4,12.74,2.0,3.474,-1.0,2.77,4.4,4901
2016-03-31 19:48:00,0.0,0.0,0.0,1113782.0,62.9,59.9,60.0,0.0,43261.0,540.0,96899.0,1070507.0,0.0,1.0,0.0,0.0,0.0,275.3,274.9,276.4,0.772,273.9,0.531,273.1,0.842,275.0,0.004,13.62,2.0,3.0,0.0,22.28,0.0,21.35,12.54,0.0,-0.01,-0.0069999999999999,-0.0069999999999999,-0.2839999999999999,-0.153,0.2269999999999999,0.0,28.08,20.5,20.53,19.63,20.01,20.01,19.98,19.96,20.11,19.93,0.032,0.005,0.0069999999999999,0.008,0.009,0.0139999999999999,0.012,0.013,12114.0,16815.0,16717.0,17050.0,14419.0,14445.0,11703.0,0.0,0.0,0.0,0.0,0.0,0.0,0.0,0.0,13.01,0.0,60.14,0.0,0.0,0.0,0.0,16.0,0.0,0.0,0.0,0.0,0.0,21.48,21.34,0.0,20.25,183.2,16.67,2.0,3.474,-1.0,2.705,3.7,4901
2016-03-31 19:49:00,0.0,0.0,0.0,1113782.0,62.9,59.9,60.0,0.0,43261.0,540.0,96899.0,1070507.0,0.0,1.0,0.0,0.0,0.0,275.4,275.0,276.4,0.772,274.0,0.531,273.5,0.842,275.0,0.004,13.62,2.0,3.0,0.0,22.28,0.0,21.34,12.52,0.0,-0.009,-0.0069999999999999,-0.0069999999999999,-0.296,-0.152,0.2269999999999999,0.0,28.08,20.49,20.52,19.63,19.99,20.01,20.01,-1.1909999999999998,20.11,19.94,0.032,0.006,0.006,0.009,0.011,0.0149999999999999,0.013,0.013,12114.0,16815.0,16717.0,17050.0,14419.0,14445.0,11703.0,0.0,0.0,0.0,0.0,0.0,0.0,0.0,0.0,12.98,0.0,60.15,0.0,0.0,0.0,0.0,16.0,0.0,0.0,0.0,0.0,0.0,21.51,21.3,0.0,20.19,178.8,16.78,2.0,3.474,-1.0,2.33,3.9,4901
2016-03-31 19:50:00,0.0,0.0,0.0,1113782.0,62.9,59.9,60.0,0.0,43261.0,540.0,96899.0,1070507.0,0.0,1.0,0.0,0.0,0.0,275.4,275.0,276.5,0.772,274.0,0.531,273.7,0.842,275.0,0.004,13.62,2.0,3.0,0.0,22.28,0.0,21.51,12.45,0.0,-0.008,-0.0069999999999999,-0.0069999999999999,-0.2939999999999999,-0.152,0.2269999999999999,0.0,28.01,20.49,20.49,19.63,19.91,20.01,20.0,-27.11,20.11,19.92,0.0289999999999999,0.006,0.0069999999999999,0.008,0.01,0.0149999999999999,0.013,0.0139999999999999,12114.0,16815.0,16717.0,17050.0,14419.0,14445.0,11703.0,0.0,0.0,0.0,0.0,0.0,0.0,0.0,0.0,12.82,0.0,60.13,0.0,0.0,0.0,0.0,16.0,0.0,0.0,0.0,0.0,0.0,21.48,21.28,0.0,20.16,178.0,16.47,2.0,3.474,-1.0,3.35,4.9,4901
2016-03-31 19:51:00,0.0,0.0,0.0,1113782.0,62.9,59.9,60.0,0.0,43261.0,540.0,96899.0,1070507.0,0.0,1.0,0.0,0.0,0.0,275.4,275.0,276.4,0.772,273.9,0.531,273.6,0.842,275.0,0.004,13.62,2.0,3.0,0.0,22.28,0.0,21.45,12.25,0.0,-0.008,-0.0069999999999999,-0.0069999999999999,-0.233,-0.152,0.2269999999999999,0.0,27.98,20.4,20.47,19.6,19.83,19.91,19.9,-28.29,20.11,19.9,0.0279999999999999,0.006,0.0069999999999999,0.008,0.01,0.0139999999999999,0.013,0.013,12114.0,16815.0,16717.0,17050.0,14419.0,14445.0,11703.0,0.0,0.0,0.0,0.0,0.0,0.0,0.0,0.0,12.77,0.0,60.15,0.0,0.0,0.0,0.0,16.0,0.0,0.0,0.0,0.0,0.0,21.39,21.28,0.0,20.02,172.8,16.0,2.0,3.473,-1.0,2.103,3.1,4901
2016-03-31 19:52:00,0.0,0.0,0.0,1113782.0,62.9,59.9,60.0,0.0,43261.0,540.0,96899.0,1070507.0,0.0,1.0,0.0,0.0,0.0,275.3,274.9,276.3,0.772,273.7,0.531,273.3,0.842,275.0,0.004,13.38,2.0,3.0,0.0,22.27,0.0,21.24,12.01,0.0,-0.01,-0.009,-0.01,-0.281,-0.152,0.2269999999999999,0.001,27.98,20.23,20.21,19.32,19.65,19.61,19.7,4.188,20.04,19.71,0.0279999999999999,0.006,0.0069999999999999,0.009,0.01,0.0149999999999999,0.013,0.0139999999999999,12114.0,16815.0,16717.0,17050.0,14419.0,14445.0,11703.0,0.0,0.0,0.0,0.0,0.0,0.0,0.0,0.0,12.51,0.0,60.14,0.0,0.0,0.0,0.0,16.0,0.0,0.0,0.0,0.0,0.0,21.38,21.29,0.0,19.76,179.9,13.39,2.0,3.467,-1.0,2.3680000000000003,3.6,4901
2016-03-31 19:53:00,0.0,0.0,0.0,1113782.0,62.9,59.9,60.0,0.0,43261.0,540.0,96899.0,1070507.0,0.0,1.0,0.0,0.0,0.0,275.3,275.0,276.4,0.772,273.9,0.531,273.5,0.842,275.0,0.004,13.62,2.0,3.0,0.0,22.25,0.0,21.19,11.92,0.0,-0.01,-0.01,-0.011,-0.3049999999999999,-0.152,0.2269999999999999,0.0,27.95,19.81,19.73,19.0,19.36,19.14,19.36,-40.73,19.85,19.29,0.0279999999999999,0.005,0.0069999999999999,0.008,0.009,0.0149999999999999,0.013,0.013,12114.0,16815.0,16717.0,17050.0,14419.0,14445.0,11703.0,0.0,0.0,0.0,0.0,0.0,0.0,0.0,0.0,12.12,0.0,60.17,0.0,0.0,0.0,0.0,16.0,0.0,0.0,0.0,0.0,0.0,21.38,21.16,0.0,19.47,164.5,20.9,2.0,3.467,-1.0,2.547,4.2,4901
2016-03-31 19:54:00,0.0,0.0,0.0,1113782.0,62.9,59.9,60.0,0.0,43261.0,540.0,96899.0,1070507.0,0.0,1.0,0.0,0.0,0.0,275.4,275.0,276.5,0.772,274.0,0.531,273.9,0.842,275.0,0.004,13.62,2.0,3.0,0.0,22.25,0.0,21.18,11.41,0.0,-0.0149999999999999,-0.0149999999999999,-0.017,-0.2939999999999999,-0.152,0.2269999999999999,0.0,27.89,19.3,19.3,18.6,18.98,18.76,19.04,-49.23,19.5,18.88,0.031,0.005,0.0069999999999999,0.009,0.01,0.0149999999999999,0.013,0.0139999999999999,12114.0,16815.0,16717.0,17050.0,14419.0,14445.0,11703.0,0.0,0.0,0.0,0.0,0.0,0.0,0.0,0.0,11.75,0.0,60.14,0.0,0.0,0.0,0.0,16.0,0.0,0.0,0.0,0.0,0.0,21.32,21.04,0.0,19.15,181.8,19.03,2.0,3.469,-1.0,1.727,4.3,4901
2016-03-31 19:55:00,0.0,0.0,0.0,1113782.0,62.9,59.9,60.0,0.0,43261.0,540.0,96899.0,1070507.0,0.0,1.0,0.0,0.0,0.0,275.5,275.1,276.5,0.772,274.0,0.531,273.9,0.842,275.0,0.004,13.62,2.0,3.0,0.0,22.22,0.0,21.32,10.84,0.0,-0.019,-0.018,-0.022,-0.283,-0.152,0.2269999999999999,0.0,27.89,18.9,18.93,18.18,18.64,18.46,18.65,-58.4,19.11,18.57,0.031,0.005,0.0069999999999999,0.008,0.01,0.0149999999999999,0.013,0.0139999999999999,12114.0,16815.0,16717.0,17050.0,14419.0,14445.0,11703.0,0.0,0.0,0.0,0.0,0.0,0.0,0.0,0.0,11.33,0.0,60.16,0.0,0.0,0.0,0.0,16.0,0.0,0.0,0.0,0.0,0.0,21.21,21.13,0.0,18.86,193.5,17.73,2.0,3.468,-1.0,2.757,6.0,4901
2016-03-31 19:56:00,0.0,0.0,0.0,1113782.0,62.9,59.9,60.0,0.0,43261.0,540.0,96899.0,1070507.0,0.0,1.0,0.0,0.0,0.0,275.4,275.1,276.6,0.772,274.0,0.531,273.9,0.842,275.0,0.004,13.62,2.0,3.0,0.0,22.2,0.0,21.38,10.55,0.0,-0.026,-0.023,-0.023,-0.307,-0.152,0.2269999999999999,0.0,27.81,18.56,18.63,17.88,18.32,18.12,18.29,-81.79999999999998,18.79,18.28,0.027,0.005,0.006,0.009,0.01,0.0149999999999999,0.013,0.013,12114.0,16815.0,16717.0,17050.0,14419.0,14445.0,11703.0,0.0,0.0,0.0,0.0,0.0,0.0,0.0,0.0,10.94,0.0,60.15,0.0,0.0,0.0,0.0,16.0,0.0,0.0,0.0,0.0,0.0,21.22,21.16,0.0,18.67,171.6,13.21,2.0,3.468,-1.0,3.752,6.1,4901
2016-03-31 19:57:00,0.0,0.0,0.0,1113782.0,62.9,59.9,60.0,0.0,43261.0,540.0,96899.0,1070507.0,0.0,1.0,0.0,0.0,0.0,275.3,275.1,276.6,0.772,274.0,0.531,273.9,0.842,275.0,-0.016,13.4,2.0,3.0,0.0,22.16,0.0,21.35,10.11,0.0,-0.033,-0.027,-0.027,-0.266,-0.152,0.2269999999999999,0.001,27.81,18.23,18.36,17.51,18.03,17.75,17.96,-33.48,18.55,18.03,0.024,0.005,0.0069999999999999,0.008,0.01,0.0149999999999999,0.012,0.013,12114.0,16815.0,16717.0,17050.0,14419.0,14445.0,11703.0,0.0,0.0,0.0,0.0,0.0,0.0,0.0,0.0,10.46,0.0,60.15,0.0,0.0,0.0,0.0,16.0,0.0,0.0,0.0,0.0,0.0,21.24,21.22,0.0,18.4,198.0,12.68,2.0,3.468,-1.0,3.26,4.8,4901
2016-03-31 19:58:00,0.0,0.0,0.0,1113782.0,62.9,59.9,60.0,0.0,43261.0,540.0,96899.0,1070507.0,0.0,1.0,0.0,0.0,0.0,275.5,275.2,276.6,0.772,274.0,0.531,274.0,0.842,275.0,0.024,13.61,2.0,3.0,0.0,22.13,0.0,21.37,9.64,0.0,-0.0379999999999999,-0.0299999999999999,-0.0299999999999999,-0.311,-0.152,0.2269999999999999,0.0,27.86,17.94,18.11,17.22,17.76,17.44,17.61,-74.65999999999998,18.2,17.71,0.023,0.005,0.0069999999999999,0.009,0.01,0.0149999999999999,0.013,0.013,12114.0,16815.0,16717.0,17050.0,14419.0,14445.0,11703.0,0.0,0.0,0.0,0.0,0.0,0.0,0.0,0.0,10.0,0.0,60.15,0.0,0.0,0.0,0.0,16.0,0.0,0.0,0.0,0.0,0.0,21.15,21.17,0.0,18.12,190.1,19.79,2.0,3.469,-1.0,2.585,4.2,4901
2016-03-31 19:59:00,0.0,0.0,0.0,1113782.0,62.9,59.9,60.0,0.0,43261.0,540.0,96899.0,1070507.0,0.0,1.0,0.0,0.0,0.0,275.6,275.2,276.7,0.772,274.0,0.531,274.0,0.842,275.0,0.004,13.62,2.0,3.0,0.0,22.08,0.0,21.36,9.420000000000002,0.0,-0.0429999999999999,-0.034,-0.031,-0.313,-0.152,0.2269999999999999,0.0,27.8,17.68,17.86,17.05,17.57,17.29,17.41,-32.3,17.93,17.56,0.031,0.005,0.0069999999999999,0.009,0.01,0.0139999999999999,0.0139999999999999,0.013,12114.0,16815.0,16717.0,17050.0,14419.0,14445.0,11703.0,0.0,0.0,0.0,0.0,0.0,0.0,0.0,0.0,9.55,0.0,60.17,0.0,0.0,0.0,0.0,16.0,0.0,0.0,0.0,0.0,0.0,21.12,21.13,0.0,17.91,190.0,19.61,2.0,3.469,-1.0,2.323,3.6,4901
2016-03-31 20:00:00,0.0,0.0,0.0,1113782.0,62.9,59.9,60.0,0.0,43261.0,540.0,96899.0,1070507.0,0.0,1.0,0.0,0.0,0.0,275.7,275.2,276.7,0.772,274.0,0.531,274.0,0.842,275.0,0.004,13.62,2.0,3.0,0.0,22.03,0.0,21.19,9.05,0.0,-0.0459999999999999,-0.037,-0.034,-0.321,-0.152,0.2269999999999999,0.0,27.77,17.56,17.65,16.91,17.4,17.1,17.22,-102.9,17.79,17.37,0.0279999999999999,0.006,0.006,0.008,0.009,0.0149999999999999,0.013,0.012,12114.0,16815.0,16717.0,17050.0,14419.0,14445.0,11703.0,0.0,0.0,0.0,0.0,0.0,0.0,0.0,0.0,9.21,0.0,60.14,0.0,0.0,0.0,0.0,16.0,0.0,0.0,0.0,0.0,0.0,21.04,21.14,0.0,17.84,180.0,9.840000000000002,2.0,3.468,-1.0,2.3280000000000003,4.0,4901
2016-03-31 20:01:00,0.0,0.0,0.0,1113782.0,62.9,59.9,60.0,0.0,43261.0,540.0,96899.0,1070507.0,0.0,1.0,0.0,0.0,0.0,275.6,275.4,276.9,0.772,274.0,0.531,274.0,0.842,275.0,0.004,13.62,2.0,3.0,0.0,21.98,0.0,21.3,8.679999999999998,0.0,-0.05,-0.037,-0.036,-0.321,-0.152,0.2269999999999999,0.0,27.7,17.41,17.54,16.78,17.31,16.91,17.03,-103.6,17.68,17.31,0.023,0.005,0.0069999999999999,0.008,0.009,0.0149999999999999,0.013,0.013,12114.0,16815.0,16717.0,17050.0,14419.0,14445.0,11703.0,0.0,0.0,0.0,0.0,0.0,0.0,0.0,0.0,8.9,0.0,60.14,0.0,0.0,0.0,0.0,16.0,0.0,0.0,0.0,0.0,0.0,21.03,21.1,0.0,17.62,192.4,18.27,2.0,3.474,-1.0,2.418,4.0,4901
2016-03-31 20:02:00,0.0,0.0,0.0,1113782.0,62.9,59.9,60.0,0.0,43261.0,540.0,96899.0,1070507.0,0.0,1.0,0.0,0.0,0.0,275.8,275.3,276.8,0.772,274.0,0.531,274.0,0.842,275.0,0.004,13.62,2.0,3.0,0.0,21.94,0.0,21.36,8.38,0.0,-0.05,-0.037,-0.037,-0.336,-0.152,0.2269999999999999,0.0,27.7,17.35,17.45,16.65,17.16,16.76,16.9,-82.59999999999998,17.52,17.23,0.022,0.006,0.0069999999999999,0.008,0.009,0.0149999999999999,0.013,0.012,12114.0,16815.0,16717.0,17050.0,14419.0,14445.0,11703.0,0.0,0.0,0.0,0.0,0.0,0.0,0.0,0.0,8.66,0.0,60.15,0.0,0.0,0.0,0.0,16.0,0.0,0.0,0.0,0.0,0.0,21.13,21.15,0.0,17.58,181.2,18.87,2.0,3.474,-1.0,3.4330000000000003,5.0,4901
2016-03-31 20:03:00,0.0,0.0,0.0,1113782.0,62.9,59.9,60.0,0.0,43261.0,540.0,96899.0,1070507.0,0.0,1.0,0.0,0.0,0.0,275.9,275.4,276.9,0.772,274.0,0.531,274.0,0.842,275.0,0.001,13.25,2.0,1.0,0.0,21.89,0.0,21.34,8.359999999999998,0.0,-0.05,-0.037,-0.037,-0.296,-0.152,0.228,0.002,27.62,17.38,17.43,16.51,17.07,16.78,16.8,-98.9,17.44,17.1,0.027,0.005,0.0069999999999999,0.009,0.009,0.0139999999999999,0.013,0.013,12114.0,16815.0,16717.0,17050.0,14419.0,14445.0,11703.0,0.0,0.0,0.0,0.0,0.0,0.0,0.0,0.0,8.49,0.0,60.14,0.0,0.0,0.0,0.0,16.0,0.0,0.0,0.0,0.0,0.0,21.12,21.15,0.0,17.63,183.7,18.32,2.0,3.474,-1.0,3.133,4.1,4901
2016-03-31 20:04:00,0.0,0.0,0.0,1113782.0,62.9,59.9,60.0,0.0,43261.0,540.0,96899.0,1070507.0,0.0,1.0,0.0,0.0,0.0,275.8,275.4,276.9,0.772,274.0,0.531,274.0,0.842,275.0,0.006,13.62,2.0,3.0,0.0,21.84,0.0,21.27,8.349999999999998,0.0,-0.05,-0.037,-0.037,-0.336,-0.152,0.2269999999999999,0.001,27.59,17.24,17.36,16.43,16.94,16.77,16.7,-104.1,17.39,17.04,0.02,0.006,0.0069999999999999,0.008,0.01,0.0149999999999999,0.013,0.013,12114.0,16815.0,16717.0,17050.0,14419.0,14445.0,11703.0,0.0,0.0,0.0,0.0,0.0,0.0,0.0,0.0,8.49,0.0,60.22,0.0,0.0,0.0,0.0,16.0,0.0,0.0,0.0,0.0,0.0,21.04,21.09,0.0,17.49,190.1,24.12,2.0,3.474,-1.0,2.0,3.0,4901
2016-03-31 20:05:00,0.0,0.0,0.0,1113782.0,62.9,59.9,60.0,0.0,43261.0,540.0,96899.0,1070507.0,0.0,1.0,0.0,0.0,0.0,276.3,275.2,276.7,0.772,274.0,0.531,274.0,0.842,275.0,0.004,13.62,2.0,3.0,0.0,21.8,0.0,21.55,8.359999999999998,0.0,-0.049,-0.037,-0.035,-0.34,-0.152,0.2269999999999999,0.0,27.58,17.24,17.32,16.37,16.93,16.75,16.65,-56.89,17.26,17.01,0.031,0.005,0.0069999999999999,0.008,0.01,0.0139999999999999,0.012,0.012,12114.0,16815.0,16717.0,17050.0,14419.0,14445.0,11703.0,0.0,0.0,0.0,0.0,0.0,0.0,0.0,0.0,8.49,0.0,60.2,0.0,0.0,0.0,0.0,16.0,0.0,0.0,0.0,0.0,0.0,20.98,21.05,0.0,17.55,192.7,7.566,2.0,3.474,-1.0,2.402,3.4,4901
2016-03-31 20:06:00,0.0,0.0,0.0,1113782.0,62.9,59.9,60.0,0.0,43261.0,540.0,96899.0,1070507.0,0.0,1.0,0.0,0.0,0.0,275.8,275.4,276.9,0.772,274.0,0.531,274.0,0.842,275.0,0.004,13.62,2.0,3.0,0.0,21.76,0.0,21.4,8.37,0.0,-0.0449999999999999,-0.037,-0.032,-0.3529999999999999,-0.152,0.2269999999999999,0.0,27.51,17.32,17.4,16.32,16.84,16.83,16.63,-82.79999999999998,17.31,16.95,0.031,0.005,0.008,0.008,0.009,0.0149999999999999,0.013,0.012,12114.0,16815.0,16717.0,17050.0,14419.0,14445.0,11703.0,0.0,0.0,0.0,0.0,0.0,0.0,0.0,0.0,8.49,0.0,60.14,0.0,0.0,0.0,0.0,16.0,0.0,0.0,0.0,0.0,0.0,20.98,21.14,0.0,17.65,186.3,18.65,2.0,3.474,-1.0,2.88,5.4,4901
2016-03-31 20:07:00,0.0,0.0,0.0,1113782.0,62.9,59.9,60.0,0.0,43261.0,540.0,96899.0,1070507.0,0.0,1.0,0.0,0.0,0.0,275.9,275.3,276.8,0.772,274.0,0.531,274.0,0.842,275.0,0.004,13.62,2.0,3.0,0.0,21.72,0.0,21.42,8.359999999999998,0.0,-0.0429999999999999,-0.037,-0.0299999999999999,-0.347,-0.152,0.2269999999999999,0.0,27.51,17.4,17.57,16.27,16.83,17.04,16.6,-78.20999999999998,17.33,16.95,0.0289999999999999,0.005,0.0069999999999999,0.009,0.01,0.0149999999999999,0.013,0.013,12114.0,16815.0,16717.0,17050.0,14419.0,14445.0,11703.0,0.0,0.0,0.0,0.0,0.0,0.0,0.0,0.0,8.49,0.0,60.14,0.0,0.0,0.0,0.0,16.0,0.0,0.0,0.0,0.0,0.0,20.97,21.15,0.0,17.91,196.5,16.78,2.0,3.474,-1.0,2.565,3.9,4901
2016-03-31 20:08:00,0.0,0.0,0.0,1113782.0,62.9,59.9,60.0,0.0,43261.0,540.0,96899.0,1070507.0,0.0,1.0,0.0,0.0,0.0,275.7,275.4,276.8,0.772,274.0,0.531,274.0,0.842,275.0,0.006,13.62,2.0,3.0,0.0,21.7,0.0,21.38,8.37,0.0,-0.042,-0.034,-0.0299999999999999,-0.275,-0.152,0.2269999999999999,0.0,27.49,17.48,17.82,16.27,16.83,17.23,16.53,-52.37,17.31,16.95,0.0279999999999999,0.005,0.0069999999999999,0.008,0.009,0.0149999999999999,0.013,0.012,12114.0,16815.0,16717.0,17050.0,14419.0,14445.0,11703.0,0.0,0.0,0.0,0.0,0.0,0.0,0.0,0.0,8.5,0.0,60.14,0.0,0.0,0.0,0.0,16.0,0.0,0.0,0.0,0.0,0.0,21.02,21.11,0.0,18.13,193.8,12.75,2.0,3.474,-1.0,3.088,4.3,4901
2016-03-31 20:09:00,0.0,0.0,0.0,1113782.0,62.9,59.9,60.0,0.0,43261.0,540.0,96899.0,1070507.0,0.0,1.0,0.0,0.0,0.0,276.0,275.4,276.9,0.772,274.0,0.531,274.0,0.842,275.2,0.002,13.5,2.0,1.0,0.0,21.68,0.0,21.36,8.37,0.0,-0.037,-0.0299999999999999,-0.027,-0.326,-0.152,0.2269999999999999,0.001,27.42,17.49,18.0,16.19,16.78,17.37,16.48,-56.74,17.34,16.95,0.031,0.005,0.0069999999999999,0.009,0.009,0.0139999999999999,0.013,0.013,12114.0,16815.0,16717.0,17050.0,14419.0,14445.0,11703.0,0.0,0.0,0.0,0.0,0.0,0.0,0.0,0.0,8.49,0.0,60.14,0.0,0.0,0.0,0.0,16.0,0.0,0.0,0.0,0.0,0.0,20.99,21.13,0.0,18.2,183.8,16.13,2.0,3.474,-1.0,1.865,3.2,4901
2016-03-31 20:10:00,0.0,0.0,0.0,1113782.0,62.9,59.9,60.0,0.0,43261.0,540.0,96899.0,1070507.0,0.0,1.0,0.0,0.0,0.0,276.1,275.4,276.9,0.772,274.0,0.531,274.0,0.842,275.2,0.004,13.62,2.0,3.0,0.0,21.67,0.0,21.26,8.429999999999998,0.0,-0.036,-0.0299999999999999,-0.023,-0.336,-0.152,0.2269999999999999,0.0,27.4,17.62,18.17,16.17,16.75,17.5,16.45,-56.63,17.39,16.95,0.033,0.005,0.0069999999999999,0.008,0.01,0.0139999999999999,0.013,0.012,12114.0,16815.0,16717.0,17050.0,14419.0,14445.0,11703.0,0.0,0.0,0.0,0.0,0.0,0.0,0.0,0.0,8.58,0.0,60.13,0.0,0.0,0.0,0.0,16.0,0.0,0.0,0.0,0.0,0.0,20.98,21.03,0.0,18.39,178.4,15.17,2.0,3.473,-1.0,2.028,3.4,4901
2016-03-31 20:11:00,0.0,0.0,0.0,1113782.0,62.9,59.9,60.0,0.0,43261.0,540.0,96899.0,1070507.0,0.0,1.0,0.0,0.0,0.0,275.8,275.6,277.0,0.772,274.0,0.531,274.0,0.842,275.3,0.004,13.62,2.0,3.0,0.0,21.65,0.0,21.54,8.54,0.0,-0.031,-0.025,-0.023,-0.3659999999999999,-0.152,0.2269999999999999,0.0,27.32,17.78,18.36,16.17,16.81,17.64,16.43,-43.88,17.39,17.04,0.0289999999999999,0.006,0.006,0.008,0.01,0.0139999999999999,0.013,0.013,12114.0,16815.0,16717.0,17050.0,14419.0,14445.0,11703.0,0.0,0.0,0.0,0.0,0.0,0.0,0.0,0.0,8.769999999999998,0.0,60.15,0.0,0.0,0.0,0.0,16.0,0.0,0.0,0.0,0.0,0.0,20.99,21.02,0.0,18.48,188.0,16.91,2.0,3.474,-1.0,2.255,3.8,4901
2016-03-31 20:12:00,0.0,0.0,0.0,1113782.0,62.9,59.9,60.0,0.0,43261.0,540.0,96899.0,1070507.0,0.0,1.0,0.0,0.0,0.0,275.8,275.7,277.1,0.772,274.0,0.531,274.0,0.842,275.6,0.004,13.62,2.0,3.0,0.0,21.64,0.0,21.67,8.939999999999998,0.0,-0.0299999999999999,-0.023,-0.023,-0.3549999999999999,-0.152,0.2269999999999999,0.0,27.32,17.93,18.55,16.17,16.97,17.84,16.43,-117.5,17.44,17.14,0.025,0.006,0.006,0.008,0.009,0.0139999999999999,0.012,0.013,12114.0,16815.0,16717.0,17050.0,14419.0,14445.0,11703.0,0.0,0.0,0.0,0.0,0.0,0.0,0.0,0.0,9.04,0.0,60.15,0.0,0.0,0.0,0.0,16.0,0.0,0.0,0.0,0.0,0.0,21.02,21.02,0.0,18.6,193.7,11.2,2.0,3.474,-1.0,2.593,4.3,4901
2016-03-31 20:13:00,0.0,0.0,0.0,1113782.0,62.9,59.9,60.0,0.0,43261.0,540.0,96899.0,1070507.0,0.0,1.0,0.0,0.0,0.0,276.2,275.5,277.0,0.772,274.0,0.531,274.0,0.842,275.9,0.004,13.62,2.0,3.0,0.0,21.64,0.0,21.53,9.3,0.0,-0.026,-0.022,-0.023,-0.347,-0.152,0.2269999999999999,0.0,27.32,18.04,18.66,16.17,17.09,17.95,16.48,-51.83,17.47,17.25,0.025,0.005,0.006,0.008,0.009,0.0139999999999999,0.012,0.013,12114.0,16815.0,16717.0,17050.0,14419.0,14445.0,11703.0,0.0,0.0,0.0,0.0,0.0,0.0,0.0,0.0,9.43,0.0,60.16,0.0,0.0,0.0,0.0,16.0,0.0,0.0,0.0,0.0,0.0,20.99,20.97,0.0,18.69,192.7,18.13,2.0,3.475,-1.0,2.033,3.1,4901
2016-03-31 20:14:00,0.0,0.0,0.0,1113782.0,62.9,59.9,60.0,0.0,43261.0,540.0,96899.0,1070507.0,0.0,1.0,0.0,0.0,0.0,275.9,275.5,277.0,0.772,274.0,0.531,274.0,0.842,275.2,0.0,13.44,2.0,1.0,0.0,21.63,0.0,21.37,9.77,0.0,-0.023,-0.018,-0.02,-0.3339999999999999,-0.152,0.2269999999999999,0.001,27.27,18.22,18.82,16.17,17.28,18.11,16.53,-25.9,17.53,17.38,0.025,0.006,0.006,0.008,0.009,0.0149999999999999,0.013,0.012,12114.0,16815.0,16717.0,17050.0,14419.0,14445.0,11703.0,0.0,0.0,0.0,0.0,0.0,0.0,0.0,0.0,10.02,0.0,60.17,0.0,0.0,0.0,0.0,16.0,0.0,0.0,0.0,0.0,0.0,21.01,21.07,0.0,18.86,174.0,16.71,2.0,3.474,-1.0,1.965,2.9,4901
2016-03-31 20:15:00,0.0,0.0,0.0,1113782.0,62.9,59.9,60.0,0.0,43261.0,540.0,96899.0,1070507.0,0.0,1.0,0.0,0.0,0.0,276.0,275.4,276.9,0.772,274.0,0.531,274.0,0.842,275.2,0.008,13.62,2.0,3.0,0.0,21.62,0.0,21.69,10.51,0.0,-0.023,-0.017,-0.017,-0.3549999999999999,-0.152,0.2269999999999999,0.001,27.22,18.36,19.03,16.17,17.37,18.24,16.62,-103.9,17.7,17.49,0.0279999999999999,0.005,0.006,0.008,0.009,0.0139999999999999,0.013,0.012,12114.0,16815.0,16717.0,17050.0,14419.0,14445.0,11703.0,0.0,0.0,0.0,0.0,0.0,0.0,0.0,0.0,10.65,0.0,60.15,0.0,0.0,0.0,0.0,16.0,0.0,0.0,0.0,0.0,0.0,20.99,21.05,0.0,19.02,179.4,18.73,2.0,3.474,-1.0,3.025,6.0,4901
2016-03-31 20:16:00,0.0,0.0,0.0,1113782.0,62.9,59.9,60.0,0.0,43261.0,540.0,96899.0,1070507.0,0.0,1.0,0.0,0.0,0.0,276.1,275.4,277.0,0.772,274.0,0.531,274.0,0.842,275.3,0.004,13.62,2.0,3.0,0.0,21.62,0.0,21.3,10.82,0.0,-0.017,-0.017,-0.017,-0.336,-0.152,0.2269999999999999,0.0,27.21,18.55,19.25,16.19,17.58,18.37,16.67,-77.76999999999998,17.89,17.75,0.0289999999999999,0.005,0.006,0.008,0.009,0.0139999999999999,0.012,0.013,12114.0,16815.0,16717.0,17050.0,14419.0,14445.0,11703.0,0.0,0.0,0.0,0.0,0.0,0.0,0.0,0.0,11.15,0.0,60.18,0.0,0.0,0.0,0.0,16.0,0.0,0.0,0.0,0.0,0.0,21.1,21.14,0.0,19.25,190.2,19.95,2.0,3.474,-1.0,3.127,4.7,4901
2016-03-31 20:17:00,0.0,0.0,0.0,1113782.0,62.9,59.9,60.0,0.0,43261.0,540.0,96899.0,1070507.0,0.0,1.0,0.0,0.0,0.0,276.1,275.6,277.1,0.772,274.0,0.531,274.0,0.842,276.0,0.004,13.62,2.0,3.0,0.0,21.62,0.0,21.37,10.97,0.0,-0.0149999999999999,-0.013,-0.0139999999999999,-0.3489999999999999,-0.152,0.2269999999999999,0.0,27.13,18.81,19.48,16.42,17.82,18.65,16.85,-79.76999999999998,18.05,18.02,0.027,0.005,0.006,0.008,0.009,0.0139999999999999,0.013,0.012,12114.0,16815.0,16717.0,17050.0,14419.0,14445.0,11703.0,0.0,0.0,0.0,0.0,0.0,0.0,0.0,0.0,11.34,0.0,60.23,0.0,0.0,0.0,0.0,16.0,0.0,0.0,0.0,0.0,0.0,21.17,21.16,0.0,19.46,177.7,14.19,2.0,3.474,-1.0,3.583,5.5,4901
2016-03-31 20:18:00,0.0,0.0,0.0,1113782.0,62.9,59.9,60.0,0.0,43261.0,540.0,96899.0,1070507.0,0.0,1.0,0.0,0.0,0.0,276.1,275.8,277.2,0.772,274.0,0.531,274.0,0.842,276.0,0.004,13.62,2.0,3.0,0.0,21.62,0.0,21.28,11.09,0.0,-0.011,-0.01,-0.01,-0.3379999999999999,-0.152,0.2269999999999999,0.0,27.13,18.89,19.61,16.72,17.98,18.78,17.03,-51.26,18.16,18.18,0.025,0.006,0.006,0.009,0.009,0.0149999999999999,0.012,0.013,12114.0,16815.0,16717.0,17050.0,14419.0,14445.0,11703.0,0.0,0.0,0.0,0.0,0.0,0.0,0.0,0.0,11.44,0.0,60.15,0.0,0.0,0.0,0.0,16.0,0.0,0.0,0.0,0.0,0.0,21.11,21.04,0.0,19.51,182.2,26.71,2.0,3.474,-1.0,2.4730000000000003,4.3,4901
2016-03-31 20:19:00,0.0,0.0,0.0,1113782.0,62.9,59.9,60.0,0.0,43261.0,540.0,96899.0,1070507.0,0.0,1.0,0.0,0.0,0.0,276.1,275.8,277.2,0.772,274.1,0.531,274.0,0.842,276.0,0.006,13.62,2.0,3.0,0.0,21.62,0.0,21.44,11.08,0.0,-0.01,-0.01,-0.01,-0.332,-0.152,0.2269999999999999,0.0,27.13,18.98,19.69,17.02,18.12,18.86,17.23,-123.7,18.31,18.29,0.031,0.006,0.006,0.008,0.009,0.0149999999999999,0.012,0.012,12114.0,16815.0,16717.0,17050.0,14419.0,14445.0,11703.0,0.0,0.0,0.0,0.0,0.0,0.0,0.0,0.0,11.36,0.0,60.14,0.0,0.0,0.0,0.0,16.0,0.0,0.0,0.0,0.0,0.0,21.08,21.0,0.0,19.55,190.2,20.62,2.0,3.474,-1.0,2.303,4.5,4901
2016-03-31 20:20:00,0.0,0.0,0.0,1113782.0,62.9,59.9,60.0,0.0,43261.0,540.0,96899.0,1070507.0,0.0,1.0,0.0,0.0,0.0,276.3,275.8,277.3,0.772,274.5,0.531,274.0,0.842,276.0,0.002,13.4,2.0,3.0,0.0,21.62,0.0,21.35,10.92,0.0,-0.01,-0.01,-0.01,-0.332,-0.152,0.2269999999999999,0.001,27.06,19.09,19.75,17.34,18.26,18.96,17.51,-76.83,18.44,18.45,0.027,0.005,0.006,0.008,0.009,0.0139999999999999,0.012,0.012,12114.0,16815.0,16717.0,17050.0,14419.0,14445.0,11703.0,0.0,0.0,0.0,0.0,0.0,0.0,0.0,0.0,11.22,0.0,60.16,0.0,0.0,0.0,0.0,16.0,0.0,0.0,0.0,0.0,0.0,21.07,21.02,0.0,19.63,177.1,15.03,2.0,3.474,-1.0,2.483,4.7,4901
2016-03-31 20:21:00,0.0,0.0,0.0,1113782.0,62.9,59.9,60.0,0.0,43261.0,540.0,96899.0,1070507.0,0.0,1.0,0.0,0.0,0.0,276.4,275.6,277.1,0.772,274.0,0.531,274.0,0.842,276.0,0.004,13.62,2.0,3.0,0.0,21.64,0.0,21.47,10.82,0.0,-0.01,-0.01,-0.01,-0.3339999999999999,-0.152,0.2269999999999999,0.0,27.03,19.17,19.8,17.53,18.35,18.97,17.75,-98.0,18.53,18.55,0.024,0.005,0.005,0.008,0.01,0.0139999999999999,0.012,0.013,12114.0,16815.0,16717.0,17050.0,14419.0,14445.0,11703.0,0.0,0.0,0.0,0.0,0.0,0.0,0.0,0.0,11.19,0.0,60.14,0.0,0.0,0.0,0.0,16.0,0.0,0.0,0.0,0.0,0.0,21.0,20.95,0.0,19.65,177.5,19.76,2.0,3.474,-1.0,2.54,4.4,4901
2016-03-31 20:22:00,0.0,0.0,0.0,1113782.0,62.9,59.9,60.0,0.0,43261.0,540.0,96899.0,1070507.0,0.0,1.0,0.0,0.0,0.0,276.2,275.8,277.2,0.772,274.1,0.531,274.0,0.842,276.0,0.004,13.62,2.0,3.0,0.0,21.64,0.0,21.37,10.78,0.0,-0.01,-0.01,-0.01,-0.3449999999999999,-0.152,0.2269999999999999,0.0,27.0,19.27,19.81,17.8,18.46,19.05,17.97,-97.3,18.69,18.63,0.025,0.005,0.0069999999999999,0.008,0.009,0.0139999999999999,0.011,0.013,12114.0,16815.0,16717.0,17050.0,14419.0,14445.0,11703.0,0.0,0.0,0.0,0.0,0.0,0.0,0.0,0.0,11.18,0.0,60.15,0.0,0.0,0.0,0.0,16.0,0.0,0.0,0.0,0.0,0.0,21.01,20.92,0.0,19.69,172.9,15.86,2.0,3.474,-1.0,3.572,7.2,4901
2016-03-31 20:23:00,0.0,0.0,0.0,1113782.0,62.9,59.9,60.0,0.0,43261.0,540.0,96899.0,1070507.0,0.0,1.0,0.0,0.0,0.0,276.4,275.6,277.1,0.772,274.0,0.531,274.0,0.842,276.0,0.004,13.62,2.0,3.0,0.0,21.64,0.0,21.37,10.78,0.0,-0.01,-0.008,-0.01,-0.3339999999999999,-0.152,0.2269999999999999,0.0,26.93,19.35,19.89,18.03,18.62,19.13,18.16,18.33,18.74,18.77,0.033,0.006,0.006,0.008,0.009,0.0139999999999999,0.012,0.012,12114.0,16815.0,16717.0,17050.0,14419.0,14445.0,11703.0,0.0,0.0,0.0,0.0,0.0,0.0,0.0,0.0,11.06,0.0,60.16,0.0,0.0,0.0,0.0,16.0,0.0,0.0,0.0,0.0,0.0,21.08,20.96,0.0,19.73,186.3,15.72,2.0,3.474,-1.0,3.507,5.3,4901
2016-03-31 20:24:00,0.0,0.0,0.0,1113782.0,62.9,59.9,60.0,0.0,43261.0,540.0,96899.0,1070507.0,0.0,1.0,0.0,0.0,0.0,276.4,275.8,277.3,0.772,274.6,0.531,274.0,0.842,276.0,0.004,13.62,2.0,3.0,0.0,21.64,0.0,21.31,10.79,0.0,-0.0069999999999999,-0.0069999999999999,-0.009,-0.3449999999999999,-0.152,0.2269999999999999,0.0,26.93,19.46,19.92,18.21,18.73,19.24,18.34,-51.71,18.88,18.9,0.024,0.005,0.006,0.008,0.009,0.0149999999999999,0.011,0.011,12114.0,16815.0,16717.0,17050.0,14419.0,14445.0,11703.0,0.0,0.0,0.0,0.0,0.0,0.0,0.0,0.0,11.05,0.0,60.14,0.0,0.0,0.0,0.0,16.0,0.0,0.0,0.0,0.0,0.0,21.07,20.99,0.0,19.81,173.9,10.85,2.0,3.474,-1.0,3.477,5.5,4901
2016-03-31 20:25:00,0.0,0.0,0.0,1113782.0,62.9,59.9,60.0,0.0,43261.0,540.0,96899.0,1070507.0,0.0,1.0,0.0,0.0,0.0,276.5,275.7,277.2,0.772,274.2,0.531,274.0,0.842,276.0,-0.021,13.4,2.0,1.0,0.0,21.64,0.0,21.18,10.78,0.0,-0.0069999999999999,-0.0069999999999999,-0.0069999999999999,-0.2999999999999999,-0.152,0.2269999999999999,0.001,26.93,19.54,19.99,18.37,18.83,19.31,18.55,-97.7,19.01,18.98,0.023,0.005,0.0069999999999999,0.008,0.009,0.0139999999999999,0.012,0.012,12114.0,16815.0,16717.0,17050.0,14419.0,14445.0,11703.0,0.0,0.0,0.0,0.0,0.0,0.0,0.0,0.0,11.01,0.0,60.15,0.0,0.0,0.0,0.0,16.0,0.0,0.0,0.0,0.0,0.0,21.11,21.0,0.0,19.84,192.8,15.57,2.0,3.474,-1.0,3.165,4.6,4901
2016-03-31 20:26:00,0.0,0.0,0.0,1113782.0,62.9,59.9,60.0,0.0,43261.0,540.0,96899.0,1070507.0,0.0,1.0,0.0,0.0,0.0,275.8,275.6,277.1,0.772,274.0,0.531,274.0,0.842,275.8,0.0289999999999999,13.6,2.0,3.0,0.0,21.64,0.0,21.25,10.76,0.0,-0.0069999999999999,-0.0069999999999999,-0.0069999999999999,-0.3279999999999999,-0.152,0.2269999999999999,0.001,26.85,19.69,20.04,18.48,18.89,19.39,18.7,-76.20999999999998,19.05,19.08,0.027,0.006,0.006,0.008,0.009,0.013,0.012,0.012,12114.0,16815.0,16717.0,17050.0,14419.0,14445.0,11703.0,0.0,0.0,0.0,0.0,0.0,0.0,0.0,0.0,10.85,0.0,60.14,0.0,0.0,0.0,0.0,16.0,0.0,0.0,0.0,0.0,0.0,21.13,21.11,0.0,19.92,188.6,14.21,2.0,3.474,-1.0,3.508,6.5,4901
2016-03-31 20:27:00,0.0,0.0,0.0,1113782.0,62.9,59.9,60.0,0.0,43261.0,540.0,96899.0,1070507.0,0.0,1.0,0.0,0.0,0.0,276.0,275.7,277.1,0.772,274.0,0.531,274.0,0.842,275.9,0.004,13.62,2.0,3.0,0.0,21.65,0.0,21.27,10.49,0.0,-0.0069999999999999,-0.0069999999999999,-0.0069999999999999,-0.3429999999999999,-0.152,0.2269999999999999,0.0,26.84,19.86,20.15,18.65,19.07,19.49,18.87,-76.06999999999998,19.2,19.27,0.0279999999999999,0.005,0.005,0.008,0.009,0.0139999999999999,0.012,0.013,12114.0,16815.0,16717.0,17050.0,14419.0,14445.0,11703.0,0.0,0.0,0.0,0.0,0.0,0.0,0.0,0.0,10.53,0.0,60.14,0.0,0.0,0.0,0.0,16.0,0.0,0.0,0.0,0.0,0.0,21.27,21.23,0.0,20.01,198.4,9.75,2.0,3.474,-1.0,4.145,6.7,4901
2016-03-31 20:28:00,0.0,0.0,0.0,1113782.0,62.9,59.9,60.0,0.0,43261.0,540.0,96899.0,1070507.0,0.0,1.0,0.0,0.0,0.0,276.2,275.6,277.1,0.772,274.0,0.531,274.0,0.842,276.0,0.004,13.62,2.0,3.0,0.0,21.67,0.0,21.23,10.12,0.0,-0.0069999999999999,-0.0069999999999999,-0.0069999999999999,-0.326,-0.152,0.2269999999999999,0.0,26.82,20.05,20.23,18.83,19.23,19.61,19.03,-50.07,19.31,19.35,0.031,0.004,0.006,0.008,0.009,0.0149999999999999,0.011,0.013,12114.0,16815.0,16717.0,17050.0,14419.0,14445.0,11703.0,0.0,0.0,0.0,0.0,0.0,0.0,0.0,0.0,10.18,0.0,60.14,0.0,0.0,0.0,0.0,16.0,0.0,0.0,0.0,0.0,0.0,21.33,21.25,0.0,20.05,191.6,8.599999999999998,2.0,3.474,-1.0,3.722,5.3,4901
2016-03-31 20:29:00,0.0,0.0,0.0,1113782.0,62.9,59.9,60.0,0.0,43261.0,540.0,96899.0,1070507.0,0.0,1.0,0.0,0.0,0.0,276.3,275.7,277.2,0.772,274.0,0.531,274.0,0.842,276.0,0.004,13.62,2.0,3.0,0.0,21.67,0.0,21.21,9.62,0.0,-0.0069999999999999,-0.0069999999999999,-0.0069999999999999,-0.34,-0.152,0.2269999999999999,0.0,26.8,20.13,20.26,18.89,19.26,19.63,19.21,-96.8,19.36,19.41,0.025,0.005,0.0069999999999999,0.008,0.009,0.0139999999999999,0.012,0.011,12114.0,16815.0,16717.0,17050.0,14419.0,14445.0,11703.0,0.0,0.0,0.0,0.0,0.0,0.0,0.0,0.0,9.76,0.0,60.14,0.0,0.0,0.0,0.0,16.0,0.0,0.0,0.0,0.0,0.0,21.31,21.23,0.0,20.07,188.8,17.83,2.0,3.473,-1.0,4.36,6.3,4901
2016-03-31 20:30:00,0.0,0.0,0.0,1113782.0,62.9,59.9,60.0,0.0,43261.0,540.0,96899.0,1070507.0,0.0,1.0,0.0,0.0,0.0,276.5,275.6,277.1,0.772,274.1,0.531,274.0,0.842,276.0,0.004,13.62,2.0,3.0,0.0,21.67,0.0,21.38,9.33,0.0,-0.006,-0.0069999999999999,-0.0069999999999999,-0.33,-0.152,0.2269999999999999,0.0,26.74,20.29,20.29,19.06,19.4,19.79,19.4,-70.72,19.44,19.57,0.025,0.005,0.006,0.008,0.009,0.0149999999999999,0.012,0.013,12114.0,16815.0,16717.0,17050.0,14419.0,14445.0,11703.0,0.0,0.0,0.0,0.0,0.0,0.0,0.0,0.0,9.31,0.0,60.23,0.0,0.0,0.0,0.0,16.0,0.0,0.0,0.0,0.0,0.0,21.39,21.28,0.0,20.15,189.2,11.61,2.0,3.473,-1.0,4.172,7.8,4901
2016-03-31 20:31:00,0.0,0.0,0.0,1113782.0,62.9,59.9,60.0,0.0,43261.0,540.0,96899.0,1070507.0,0.0,1.0,0.0,0.0,0.0,276.4,275.8,277.3,0.772,274.5,0.531,274.0,0.842,276.0,-0.132,13.2,2.0,1.0,0.0,21.67,0.0,21.48,8.98,0.0,-0.006,-0.0069999999999999,-0.0069999999999999,-0.317,-0.152,0.2289999999999999,0.003,26.74,20.28,20.29,19.15,19.44,19.82,19.5,-49.45,19.55,19.64,0.032,0.006,0.006,0.008,0.009,0.0139999999999999,0.012,0.012,12114.0,16815.0,16717.0,17050.0,14419.0,14445.0,11703.0,0.0,0.0,0.0,0.0,0.0,0.0,0.0,0.0,9.01,0.0,60.22,0.0,0.0,0.0,0.0,16.0,0.0,0.0,0.0,0.0,0.0,21.36,21.2,0.0,20.09,192.4,17.91,2.0,3.474,-1.0,2.678,4.5,4901
2016-03-31 20:32:00,0.0,0.0,0.0,1113782.0,62.9,59.9,60.0,0.0,43261.0,540.0,96899.0,1070507.0,0.0,1.0,0.0,0.0,0.0,276.4,275.7,277.2,0.772,274.2,0.531,274.0,0.842,276.0,0.1369999999999999,13.27,2.0,1.0,0.0,21.68,0.0,21.36,8.699999999999998,0.0,-0.0069999999999999,-0.0069999999999999,-0.0069999999999999,-0.3489999999999999,-0.152,0.228,0.002,26.74,20.29,20.29,19.15,19.44,19.79,19.5,-101.1,19.55,19.64,0.032,0.005,0.006,0.0069999999999999,0.009,0.0149999999999999,0.012,0.012,12114.0,16815.0,16717.0,17050.0,14419.0,14445.0,11703.0,0.0,0.0,0.0,0.0,0.0,0.0,0.0,0.0,8.64,0.0,60.19,0.0,0.0,0.0,0.0,16.0,0.0,0.0,0.0,0.0,0.0,21.33,21.17,0.0,20.1,198.2,15.07,2.0,3.474,-1.0,3.135,6.2,4901
2016-03-31 20:33:00,0.0,0.0,0.0,1113782.0,62.9,59.9,60.0,0.0,43261.0,540.0,96899.0,1070507.0,0.0,1.0,0.0,0.0,0.0,276.5,275.6,277.0,0.772,274.0,0.531,274.0,0.842,276.0,0.005,13.62,2.0,3.0,0.0,21.7,0.0,21.36,8.29,0.0,-0.0069999999999999,-0.0069999999999999,-0.0069999999999999,-0.3429999999999999,-0.152,0.2269999999999999,0.001,26.66,20.29,20.31,19.21,19.53,19.82,19.55,-101.0,19.59,19.69,0.025,0.005,0.006,0.0069999999999999,0.009,0.0149999999999999,0.012,0.012,12114.0,16815.0,16717.0,17050.0,14419.0,14445.0,11703.0,0.0,0.0,0.0,0.0,0.0,0.0,0.0,0.0,8.189999999999998,0.0,60.19,0.0,0.0,0.0,0.0,16.0,0.0,0.0,0.0,0.0,0.0,21.32,21.25,0.0,20.16,189.9,12.39,2.0,3.474,-1.0,4.07,6.3,4901
2016-03-31 20:34:00,0.0,0.0,0.0,1113782.0,62.9,59.9,60.0,0.0,43261.0,540.0,96899.0,1070507.0,0.0,1.0,0.0,0.0,0.0,276.1,275.7,277.1,0.772,274.0,0.531,274.0,0.842,276.0,0.004,13.62,2.0,3.0,0.0,21.7,0.0,21.42,7.684999999999999,0.0,-0.0069999999999999,-0.0069999999999999,-0.0069999999999999,-0.3379999999999999,-0.152,0.2269999999999999,0.0,26.65,20.29,20.29,19.24,19.58,19.82,19.65,-96.9,19.64,19.73,0.027,0.006,0.006,0.008,0.009,0.013,0.012,0.012,12114.0,16815.0,16717.0,17050.0,14419.0,14445.0,11703.0,0.0,0.0,0.0,0.0,0.0,0.0,0.0,0.0,7.562,0.0,60.15,0.0,0.0,0.0,0.0,16.0,0.0,0.0,0.0,0.0,0.0,21.35,21.24,0.0,20.12,188.7,20.22,2.0,3.473,-1.0,3.517,6.2,4901
2016-03-31 20:35:00,0.0,0.0,0.0,1113782.0,62.9,59.9,60.0,0.0,43261.0,540.0,96899.0,1070507.0,0.0,1.0,0.0,0.0,0.0,276.2,275.8,277.2,0.772,274.3,0.531,274.0,0.842,276.0,0.004,13.62,2.0,3.0,0.0,21.7,0.0,21.43,7.158,0.0,-0.0069999999999999,-0.0069999999999999,-0.0069999999999999,-0.347,-0.152,0.2269999999999999,0.0,26.65,20.29,20.29,19.24,19.63,19.82,19.72,-101.2,19.63,19.73,0.025,0.005,0.006,0.008,0.009,0.0139999999999999,0.011,0.012,12114.0,16815.0,16717.0,17050.0,14419.0,14445.0,11703.0,0.0,0.0,0.0,0.0,0.0,0.0,0.0,0.0,6.985,0.0,60.2,0.0,0.0,0.0,0.0,16.0,0.0,0.0,0.0,0.0,0.0,21.38,21.21,0.0,20.1,199.9,15.01,2.0,3.474,-1.0,3.072,5.1,4901
2016-03-31 20:36:00,0.0,0.0,0.0,1113782.0,62.9,59.9,60.0,0.0,43261.0,540.0,96899.0,1070507.0,0.0,1.0,0.0,0.0,0.0,276.4,275.6,277.0,0.772,274.0,0.531,274.0,0.842,275.5,0.004,13.62,2.0,3.0,0.0,21.71,0.0,21.41,7.101,0.0,-0.0069999999999999,-0.0069999999999999,-0.0069999999999999,-0.319,-0.152,0.2269999999999999,0.0,26.61,20.29,20.29,19.26,19.63,19.82,19.72,-96.6,19.68,19.73,0.033,0.005,0.006,0.008,0.009,0.0139999999999999,0.012,0.013,12114.0,16815.0,16717.0,17050.0,14419.0,14445.0,11703.0,0.0,0.0,0.0,0.0,0.0,0.0,0.0,0.0,6.638,0.0,60.22,0.0,0.0,0.0,0.0,16.0,0.0,0.0,0.0,0.0,0.0,21.37,21.22,0.0,20.1,188.3,18.62,2.0,3.474,-1.0,3.155,5.6,4901
2016-03-31 20:37:00,0.0,0.0,0.0,1113782.0,62.9,59.9,60.0,0.0,43261.0,540.0,96899.0,1070507.0,0.0,1.0,0.0,0.0,0.0,276.2,275.8,277.2,0.772,274.0,0.531,274.0,0.842,276.0,-0.004,13.4,2.0,3.0,0.0,21.72,0.0,21.41,7.1370000000000005,0.0,-0.0069999999999999,-0.0069999999999999,-0.0069999999999999,-0.3019999999999999,-0.152,0.2269999999999999,0.001,26.55,20.26,20.26,19.24,19.63,19.82,19.65,-122.4,19.63,19.73,0.031,0.006,0.006,0.0069999999999999,0.009,0.0139999999999999,0.012,0.012,12114.0,16815.0,16717.0,17050.0,14419.0,14445.0,11703.0,0.0,0.0,0.0,0.0,0.0,0.0,0.0,0.0,6.763,0.0,60.19,0.0,0.0,0.0,0.0,16.0,0.0,0.0,0.0,0.0,0.0,21.35,21.21,0.0,20.04,196.5,14.31,2.0,3.474,-1.0,2.12,3.8,4901
2016-03-31 20:38:00,0.0,0.0,0.0,1113782.0,62.9,59.9,60.0,0.0,43261.0,540.0,96899.0,1070507.0,0.0,1.0,0.0,0.0,0.0,276.2,275.9,277.3,0.772,274.2,0.531,274.0,0.842,276.0,0.012,13.62,2.0,3.0,0.0,21.72,0.0,21.38,7.843,0.0,-0.0069999999999999,-0.0069999999999999,-0.0069999999999999,-0.33,-0.152,0.2269999999999999,0.001,26.55,20.26,20.26,19.26,19.63,19.82,19.62,-122.8,19.63,19.73,0.02,0.005,0.006,0.008,0.009,0.0139999999999999,0.011,0.012,12114.0,16815.0,16717.0,17050.0,14419.0,14445.0,11703.0,0.0,0.0,0.0,0.0,0.0,0.0,0.0,0.0,7.717,0.0,60.22,0.0,0.0,0.0,0.0,16.0,0.0,0.0,0.0,0.0,0.0,21.4,21.27,0.0,20.09,193.2,13.33,2.0,3.475,-1.0,3.1180000000000003,5.5,4901
2016-03-31 20:39:00,0.0,0.0,0.0,1113782.0,62.9,59.9,60.0,0.0,43261.0,540.0,96899.0,1070507.0,0.0,1.0,0.0,0.0,0.0,276.2,275.8,277.2,0.772,274.0,0.531,274.0,0.842,276.0,0.004,13.62,2.0,3.0,0.0,21.72,0.0,21.47,9.31,0.0,-0.0069999999999999,-0.0069999999999999,-0.0069999999999999,-0.332,-0.152,0.2269999999999999,0.0,26.55,20.29,20.29,19.34,19.69,19.82,19.72,-100.3,19.73,19.73,0.027,0.006,0.006,0.009,0.009,0.0139999999999999,0.011,0.013,12114.0,16815.0,16717.0,17050.0,14419.0,14445.0,11703.0,0.0,0.0,0.0,0.0,0.0,0.0,0.0,0.0,9.3,0.0,60.18,0.0,0.0,0.0,0.0,16.0,0.0,0.0,0.0,0.0,0.0,21.41,21.3,0.0,20.13,192.7,13.03,2.0,3.475,-1.0,3.565,4.7,4901
2016-03-31 20:40:00,0.0,0.0,0.0,1113782.0,62.9,59.9,60.0,0.0,43261.0,540.0,96899.0,1070507.0,0.0,1.0,0.0,0.0,0.0,276.4,275.8,277.2,0.772,274.2,0.531,274.0,0.842,276.0,0.004,13.62,2.0,3.0,0.0,21.72,0.0,21.52,10.63,0.0,-0.0069999999999999,-0.0069999999999999,-0.0069999999999999,-0.34,-0.152,0.2269999999999999,0.0,26.55,20.33,20.29,19.4,19.77,19.88,19.72,-74.76999999999998,19.72,19.76,0.022,0.005,0.006,0.008,0.009,0.0139999999999999,0.012,0.011,12114.0,16815.0,16717.0,17050.0,14419.0,14445.0,11703.0,0.0,0.0,0.0,0.0,0.0,0.0,0.0,0.0,10.75,0.0,60.15,0.0,0.0,0.0,0.0,16.0,0.0,0.0,0.0,0.0,0.0,21.4,21.3,0.0,20.13,185.0,13.84,2.0,3.474,-1.0,3.425,5.9,4901
2016-03-31 20:41:00,0.0,0.0,0.0,1113782.0,62.9,59.9,60.0,0.0,43261.0,540.0,96899.0,1070507.0,0.0,1.0,0.0,0.0,0.0,276.6,275.8,277.3,0.772,275.0,0.531,274.0,0.842,276.0,0.004,13.62,2.0,3.0,0.0,21.72,0.0,21.22,11.5,0.0,-0.0069999999999999,-0.0069999999999999,-0.0069999999999999,-0.3589999999999999,-0.152,0.2269999999999999,0.0,26.55,20.36,20.33,19.44,19.82,19.88,19.75,-33.99,19.79,19.83,0.023,0.004,0.006,0.0069999999999999,0.008,0.013,0.012,0.011,12114.0,16815.0,16717.0,17050.0,14419.0,14445.0,11703.0,0.0,0.0,0.0,0.0,0.0,0.0,0.0,0.0,11.58,0.0,60.15,0.0,0.0,0.0,0.0,16.0,0.0,0.0,0.0,0.0,0.0,21.42,21.25,0.0,20.16,191.9,16.74,2.0,3.474,-1.0,2.602,4.0,4901
2016-03-31 20:42:00,0.0,0.0,0.0,1113782.0,62.9,59.9,60.0,0.0,43261.0,540.0,96899.0,1070507.0,0.0,1.0,0.0,0.0,0.0,276.4,275.9,277.4,0.772,275.0,0.531,274.0,0.842,276.0,0.004,13.62,2.0,3.0,0.0,21.73,0.0,21.23,11.69,0.0,-0.0069999999999999,-0.0069999999999999,-0.0069999999999999,-0.3429999999999999,-0.152,0.2269999999999999,0.0,26.5,20.39,20.39,19.45,19.85,19.92,19.82,-79.45,19.87,19.85,0.031,0.005,0.0069999999999999,0.0069999999999999,0.01,0.013,0.012,0.011,12114.0,16815.0,16717.0,17050.0,14419.0,14445.0,11703.0,0.0,0.0,0.0,0.0,0.0,0.0,0.0,0.0,11.82,0.0,60.15,0.0,0.0,0.0,0.0,16.0,0.0,0.0,0.0,0.0,0.0,21.4,21.28,0.0,20.21,187.5,17.16,2.0,3.474,-1.0,3.59,6.0,4901
2016-03-31 20:43:00,0.0,0.0,0.0,1113782.0,62.9,59.9,60.0,0.0,43261.0,540.0,96899.0,1070507.0,0.0,1.0,0.0,0.0,0.0,276.4,276.0,277.4,0.772,275.0,0.531,274.2,0.842,276.0,0.004,13.4,2.0,1.0,0.0,21.75,0.0,21.44,11.74,0.0,-0.0069999999999999,-0.0069999999999999,-0.0069999999999999,-0.264,-0.152,0.2269999999999999,0.001,26.45,20.49,20.49,19.5,19.93,19.98,19.9,-58.47,19.95,19.92,0.024,0.005,0.005,0.0069999999999999,0.008,0.0139999999999999,0.011,0.012,12114.0,16815.0,16717.0,17050.0,14419.0,14445.0,11703.0,0.0,0.0,0.0,0.0,0.0,0.0,0.0,0.0,11.85,0.0,60.23,0.0,0.0,0.0,0.0,16.0,0.0,0.0,0.0,0.0,0.0,21.48,21.37,0.0,20.24,196.4,9.66,2.0,3.475,-1.0,3.628,5.3,4901
2016-03-31 20:44:00,0.0,0.0,0.0,1113782.0,62.9,59.9,60.0,0.0,43261.0,540.0,96899.0,1070507.0,0.0,1.0,0.0,0.0,0.0,276.2,275.9,277.4,0.772,275.0,0.531,274.0,0.842,276.0,0.004,13.62,2.0,3.0,0.0,21.75,0.0,21.32,11.91,0.0,-0.0069999999999999,-0.0069999999999999,-0.0069999999999999,-0.3339999999999999,-0.152,0.2269999999999999,0.0,26.45,20.49,20.49,19.55,20.01,20.01,19.86,-58.65,20.05,19.94,0.027,0.005,0.006,0.0069999999999999,0.008,0.013,0.012,0.011,12114.0,16815.0,16717.0,17050.0,14419.0,14445.0,11703.0,0.0,0.0,0.0,0.0,0.0,0.0,0.0,0.0,11.88,0.0,60.22,0.0,0.0,0.0,0.0,16.0,0.0,0.0,0.0,0.0,0.0,21.48,21.3,0.0,20.23,178.9,13.6,2.0,3.474,-1.0,2.672,3.5,4901
2016-03-31 20:45:00,0.0,0.0,0.0,1113782.0,62.9,59.9,60.0,0.0,43261.0,540.0,96899.0,1070507.0,0.0,1.0,0.0,0.0,0.0,276.2,275.8,277.3,0.772,274.7,0.531,274.0,0.842,276.0,0.004,13.62,2.0,3.0,0.0,21.76,0.0,21.37,11.95,0.0,-0.0069999999999999,-0.0069999999999999,-0.0069999999999999,-0.336,-0.152,0.2269999999999999,0.0,26.42,20.49,20.5,19.55,20.01,20.01,19.95,-79.45999999999998,20.01,19.94,0.027,0.005,0.006,0.008,0.009,0.0139999999999999,0.012,0.011,12114.0,16815.0,16717.0,17050.0,14419.0,14445.0,11703.0,0.0,0.0,0.0,0.0,0.0,0.0,0.0,0.0,12.0,0.0,60.15,0.0,0.0,0.0,0.0,16.0,0.0,0.0,0.0,0.0,0.0,21.45,21.34,0.0,20.28,191.3,11.08,2.0,3.474,-1.0,4.255,8.8,4901
2016-03-31 20:46:00,0.0,0.0,0.0,1113782.0,62.9,59.9,60.0,0.0,43261.0,540.0,96899.0,1070507.0,0.0,1.0,0.0,0.0,0.0,276.4,275.9,277.4,0.772,274.9,0.531,274.0,0.842,276.0,0.004,13.62,2.0,3.0,0.0,21.77,0.0,21.35,12.0,0.0,-0.0069999999999999,-0.0069999999999999,-0.0069999999999999,-0.3379999999999999,-0.152,0.2269999999999999,0.0,26.45,20.58,20.58,19.65,20.08,20.09,20.02,-90.6,20.08,20.08,0.0279999999999999,0.004,0.006,0.008,0.01,0.013,0.012,0.012,12114.0,16815.0,16717.0,17050.0,14419.0,14445.0,11703.0,0.0,0.0,0.0,0.0,0.0,0.0,0.0,0.0,12.19,0.0,60.14,0.0,0.0,0.0,0.0,16.0,0.0,0.0,0.0,0.0,0.0,21.52,21.41,0.0,20.35,187.3,13.16,2.0,3.474,-1.0,3.583,6.3,4901
2016-03-31 20:47:00,0.0,0.0,0.0,1113782.0,62.9,59.9,60.0,0.0,43261.0,540.0,96899.0,1070507.0,0.0,1.0,0.0,0.0,0.0,276.3,275.8,277.4,0.772,274.9,0.531,274.0,0.842,276.0,0.004,13.62,2.0,3.0,0.0,21.78,0.0,21.28,12.36,0.0,-0.0069999999999999,-0.0069999999999999,-0.0069999999999999,-0.332,-0.152,0.2269999999999999,0.0,26.4,20.58,20.58,19.63,20.09,20.11,20.01,20.01,20.01,20.05,0.025,0.005,0.006,0.008,0.009,0.013,0.011,0.011,12114.0,16815.0,16717.0,17050.0,14419.0,14445.0,11703.0,0.0,0.0,0.0,0.0,0.0,0.0,0.0,0.0,12.54,0.0,60.13,0.0,0.0,0.0,0.0,16.0,0.0,0.0,0.0,0.0,0.0,21.5,21.27,0.0,20.29,189.9,24.63,2.0,3.474,-1.0,1.822,3.3,4901
2016-03-31 20:48:00,0.0,0.0,0.0,1113782.0,62.9,59.9,60.0,0.0,43261.0,540.0,96899.0,1070507.0,0.0,1.0,0.0,0.0,0.0,276.5,275.9,277.3,0.772,274.8,0.531,274.1,0.842,276.0,-0.018,13.27,2.0,1.0,0.0,21.78,0.0,21.73,12.77,0.0,-0.0069999999999999,-0.0069999999999999,-0.0069999999999999,-0.25,-0.152,0.226,0.001,26.36,20.57,20.53,19.69,20.11,20.11,20.01,-69.96,20.08,20.07,0.0289999999999999,0.005,0.006,0.0069999999999999,0.008,0.0139999999999999,0.011,0.012,12114.0,16815.0,16717.0,17050.0,14419.0,14445.0,11703.0,0.0,0.0,0.0,0.0,0.0,0.0,0.0,0.0,12.99,0.0,60.13,0.0,0.0,0.0,0.0,16.0,0.0,0.0,0.0,0.0,0.0,21.44,21.28,0.0,20.3,187.9,17.96,2.0,3.474,-1.0,3.557,5.6,4901
2016-03-31 20:49:00,0.0,0.0,0.0,1113782.0,62.9,59.9,60.0,0.0,43261.0,540.0,96899.0,1070507.0,0.0,1.0,0.0,0.0,0.0,276.7,275.9,277.3,0.772,275.0,0.531,274.3,0.842,276.0,0.026,13.27,2.0,1.0,0.0,21.79,0.0,21.37,13.19,0.0,-0.0069999999999999,-0.0069999999999999,-0.0069999999999999,-0.324,-0.152,0.228,0.001,26.34,20.58,20.58,19.72,20.17,20.19,20.1,-96.3,20.21,20.12,0.0289999999999999,0.005,0.006,0.008,0.008,0.0139999999999999,0.011,0.012,12114.0,16815.0,16717.0,17050.0,14419.0,14445.0,11703.0,0.0,0.0,0.0,0.0,0.0,0.0,0.0,0.0,13.37,0.0,60.22,0.0,0.0,0.0,0.0,16.0,0.0,0.0,0.0,0.0,0.0,21.5,21.36,0.0,20.35,194.8,12.43,2.0,3.474,-1.0,3.882,6.9,4901
2016-03-31 20:50:00,0.0,0.0,0.0,1113782.0,62.9,59.9,60.0,0.0,43261.0,540.0,96899.0,1070507.0,0.0,1.0,0.0,0.0,0.0,276.5,276.0,277.4,0.772,275.0,0.531,274.6,0.842,276.0,0.003,13.62,2.0,3.0,0.0,21.8,0.0,21.66,13.35,0.0,-0.0069999999999999,-0.0069999999999999,-0.0069999999999999,-0.3489999999999999,-0.152,0.2269999999999999,0.0,26.34,20.58,20.58,19.79,20.2,20.2,20.11,-58.23,20.21,20.13,0.0279999999999999,0.005,0.006,0.008,0.009,0.013,0.012,0.012,12114.0,16815.0,16717.0,17050.0,14419.0,14445.0,11703.0,0.0,0.0,0.0,0.0,0.0,0.0,0.0,0.0,13.55,0.0,60.15,0.0,0.0,0.0,0.0,16.0,0.0,0.0,0.0,0.0,0.0,21.5,21.31,0.0,20.35,199.1,13.14,2.0,3.474,-1.0,4.143,5.9,4901
2016-03-31 20:51:00,0.0,0.0,0.0,1113782.0,62.9,59.9,60.0,0.0,43261.0,540.0,96899.0,1070507.0,0.0,1.0,0.0,0.0,0.0,276.8,276.1,277.4,0.772,275.0,0.531,275.0,0.842,276.0,0.004,13.62,2.0,3.0,0.0,21.81,0.0,21.39,13.63,0.0,-0.0069999999999999,-0.0069999999999999,-0.0069999999999999,-0.3379999999999999,-0.152,0.2269999999999999,0.0,26.32,20.58,20.58,19.82,20.29,20.2,20.11,-96.0,20.22,20.21,0.0279999999999999,0.005,0.006,0.0069999999999999,0.01,0.013,0.012,0.011,12114.0,16815.0,16717.0,17050.0,14419.0,14445.0,11703.0,0.0,0.0,0.0,0.0,0.0,0.0,0.0,0.0,13.83,0.0,60.19,0.0,0.0,0.0,0.0,16.0,0.0,0.0,0.0,0.0,0.0,21.54,21.32,0.0,20.36,191.1,18.79,2.0,3.474,-1.0,3.212,5.6,4901
2016-03-31 20:52:00,0.0,0.0,0.0,1113782.0,62.9,59.9,60.0,0.0,43261.0,540.0,96899.0,1070507.0,0.0,1.0,0.0,0.0,0.0,276.7,276.2,277.6,0.772,275.0,0.531,275.0,0.842,276.0,0.004,13.62,2.0,3.0,0.0,21.81,0.0,21.47,13.81,0.0,-0.0069999999999999,-0.0069999999999999,-0.0069999999999999,-0.3019999999999999,-0.152,0.2269999999999999,0.0,26.34,20.58,20.58,19.82,20.27,20.2,20.18,-1.05,20.29,20.21,0.027,0.005,0.005,0.006,0.009,0.0139999999999999,0.011,0.012,12114.0,16815.0,16717.0,17050.0,14419.0,14445.0,11703.0,0.0,0.0,0.0,0.0,0.0,0.0,0.0,0.0,14.03,0.0,60.15,0.0,0.0,0.0,0.0,16.0,0.0,0.0,0.0,0.0,0.0,21.48,21.29,0.0,20.36,178.7,19.79,2.0,3.474,-1.0,2.938,5.2,4901
2016-03-31 20:53:00,0.0,0.0,0.0,1113782.0,62.9,59.9,60.0,0.0,43261.0,540.0,96899.0,1070507.0,0.0,1.0,0.0,0.0,0.0,276.9,276.2,277.6,0.772,275.0,0.531,275.0,0.842,276.0,0.004,13.62,2.0,3.0,0.0,21.83,0.0,21.36,13.86,0.0,-0.0069999999999999,-0.0069999999999999,-0.0069999999999999,-0.319,-0.152,0.2269999999999999,0.0,26.32,20.63,20.65,19.82,20.27,20.2,20.14,-74.26,20.3,20.21,0.031,0.004,0.006,0.0069999999999999,0.0069999999999999,0.0139999999999999,0.012,0.012,12114.0,16815.0,16717.0,17050.0,14419.0,14445.0,11703.0,0.0,0.0,0.0,0.0,0.0,0.0,0.0,0.0,14.17,0.0,60.17,0.0,0.0,0.0,0.0,16.0,0.0,0.0,0.0,0.0,0.0,21.49,21.34,0.0,20.38,196.1,14.92,2.0,3.474,-1.0,3.792,6.0,4901
2016-03-31 20:54:00,0.0,0.0,0.0,1113782.0,62.9,59.9,60.0,0.0,43261.0,540.0,96899.0,1070507.0,0.0,1.0,0.0,0.0,0.0,276.9,276.3,277.7,0.772,275.0,0.531,275.0,0.842,276.0,0.005,13.62,2.0,3.0,0.0,21.84,0.0,21.4,13.98,0.0,-0.0069999999999999,-0.0069999999999999,-0.0069999999999999,-0.2979999999999999,-0.152,0.2269999999999999,0.0,26.34,20.68,20.68,19.82,20.3,20.22,20.23,-79.11,20.25,20.23,0.032,0.005,0.006,0.008,0.008,0.0139999999999999,0.01,0.011,12114.0,16815.0,16717.0,17050.0,14419.0,14445.0,11703.0,0.0,0.0,0.0,0.0,0.0,0.0,0.0,0.0,14.29,0.0,60.22,0.0,0.0,0.0,0.0,16.0,0.0,0.0,0.0,0.0,0.0,21.51,21.34,0.0,20.4,194.6,27.77,2.0,3.474,-1.0,3.447,5.3,4901
2016-03-31 20:55:00,0.0,0.0,0.0,1113782.0,62.9,59.9,60.0,0.0,43261.0,540.0,96899.0,1070507.0,0.0,1.0,0.0,0.0,0.0,276.9,276.4,277.8,0.772,275.0,0.531,275.0,0.842,276.0,0.003,13.4,2.0,1.0,0.0,21.84,0.0,21.39,14.1,0.0,-0.0069999999999999,-0.0069999999999999,-0.0069999999999999,-0.2999999999999999,-0.152,0.2269999999999999,0.001,26.23,20.68,20.68,19.9,20.3,20.22,20.25,-74.45999999999998,20.32,20.31,0.033,0.005,0.005,0.0069999999999999,0.008,0.013,0.011,0.011,12114.0,16815.0,16717.0,17050.0,14419.0,14445.0,11703.0,0.0,0.0,0.0,0.0,0.0,0.0,0.0,0.0,14.3,0.0,60.22,0.0,0.0,0.0,0.0,16.0,0.0,0.0,0.0,0.0,0.0,21.53,21.3,0.0,20.38,181.5,13.16,2.0,3.474,-1.0,3.567,6.1,4901
2016-03-31 20:56:00,0.0,0.0,0.0,1113782.0,62.9,59.9,60.0,0.0,43261.0,540.0,96899.0,1070507.0,0.0,1.0,0.0,0.0,0.0,276.9,276.6,277.9,0.772,275.0,0.531,275.0,0.842,276.0,0.004,13.62,2.0,3.0,0.0,21.84,0.0,21.39,13.88,0.0,-0.0069999999999999,-0.0069999999999999,-0.0069999999999999,-0.3019999999999999,-0.152,0.2269999999999999,0.0,26.23,20.58,20.66,19.9,20.3,20.2,20.25,-27.41,20.34,20.26,0.034,0.005,0.005,0.0069999999999999,0.008,0.0139999999999999,0.012,0.011,12114.0,16815.0,16717.0,17050.0,14419.0,14445.0,11703.0,0.0,0.0,0.0,0.0,0.0,0.0,0.0,0.0,14.18,0.0,60.22,0.0,0.0,0.0,0.0,16.0,0.0,0.0,0.0,0.0,0.0,21.48,21.27,0.0,20.36,198.0,9.55,2.0,3.474,-1.0,4.0680000000000005,6.7,4901
2016-03-31 20:57:00,0.0,0.0,0.0,1113782.0,62.9,59.9,60.0,0.0,43261.0,540.0,96899.0,1070507.0,0.0,1.0,0.0,0.0,0.0,277.0,276.6,277.9,0.772,275.0,0.531,275.0,0.842,276.1,0.004,13.62,2.0,3.0,0.0,21.86,0.0,21.44,13.8,0.0,-0.0069999999999999,-0.0069999999999999,-0.0069999999999999,-0.2999999999999999,-0.152,0.2269999999999999,0.0,26.21,20.63,20.68,19.92,20.3,20.27,20.25,-48.61,20.3,20.29,0.023,0.004,0.006,0.0069999999999999,0.008,0.0139999999999999,0.011,0.012,12114.0,16815.0,16717.0,17050.0,14419.0,14445.0,11703.0,0.0,0.0,0.0,0.0,0.0,0.0,0.0,0.0,13.96,0.0,60.22,0.0,0.0,0.0,0.0,16.0,0.0,0.0,0.0,0.0,0.0,21.52,21.31,0.0,20.37,176.5,13.96,2.0,3.474,-1.0,3.485,5.2,4901
2016-03-31 20:58:00,0.0,0.0,0.0,1113782.0,62.9,59.9,60.0,0.0,43261.0,540.0,96899.0,1070507.0,0.0,1.0,0.0,0.0,0.0,277.2,276.4,277.8,0.772,275.0,0.531,275.0,0.842,276.0,0.004,13.62,2.0,3.0,0.0,21.86,0.0,21.37,13.74,0.0,-0.0069999999999999,-0.0069999999999999,-0.0069999999999999,-0.315,-0.152,0.2269999999999999,0.0,26.13,20.58,20.66,19.92,20.3,20.2,20.21,-122.5,20.35,20.31,0.033,0.004,0.006,0.0069999999999999,0.008,0.013,0.012,0.012,12114.0,16815.0,16717.0,17050.0,14419.0,14445.0,11703.0,0.0,0.0,0.0,0.0,0.0,0.0,0.0,0.0,13.87,0.0,60.22,0.0,0.0,0.0,0.0,16.0,0.0,0.0,0.0,0.0,0.0,21.5,21.28,0.0,20.35,182.4,10.52,2.0,3.475,-1.0,3.31,4.9,4901
2016-03-31 20:59:00,0.0,0.0,0.0,1113782.0,62.9,59.9,60.0,0.0,43261.0,540.0,96899.0,1070507.0,0.0,1.0,0.0,0.0,0.0,277.4,276.3,277.7,0.772,275.0,0.531,275.0,0.842,276.2,0.004,13.62,2.0,3.0,0.0,21.86,0.0,21.38,13.7,0.0,-0.0069999999999999,-0.0069999999999999,-0.0069999999999999,-0.309,-0.152,0.2269999999999999,0.0,26.08,20.58,20.58,19.88,20.3,20.2,20.26,-101.1,20.34,20.26,0.0289999999999999,0.005,0.005,0.0069999999999999,0.008,0.0139999999999999,0.012,0.012,12114.0,16815.0,16717.0,17050.0,14419.0,14445.0,11703.0,0.0,0.0,0.0,0.0,0.0,0.0,0.0,0.0,13.86,0.0,60.22,0.0,0.0,0.0,0.0,16.0,0.0,0.0,0.0,0.0,0.0,21.45,21.19,0.0,20.33,172.8,10.12,2.0,3.474,-1.0,3.765,6.0,4901
2016-03-31 21:00:00,0.0,0.0,0.0,1113782.0,62.9,59.9,60.0,0.0,43261.0,540.0,96899.0,1070507.0,0.0,1.0,0.0,0.0,0.0,277.2,276.6,278.0,0.772,275.0,0.531,275.0,0.842,276.7,-0.052,13.26,2.0,1.0,0.0,21.88,0.0,21.37,13.78,0.0,-0.0069999999999999,-0.0069999999999999,-0.0069999999999999,-0.2849999999999999,-0.152,0.228,0.002,26.07,20.58,20.61,19.87,20.29,20.2,20.31,-95.9,20.34,20.28,0.0289999999999999,0.005,0.005,0.0069999999999999,0.008,0.013,0.012,0.01,12114.0,16815.0,16717.0,17050.0,14419.0,14445.0,11703.0,0.0,0.0,0.0,0.0,0.0,0.0,0.0,0.0,13.89,0.0,60.22,0.0,0.0,0.0,0.0,16.0,0.0,0.0,0.0,0.0,0.0,21.41,21.28,0.0,20.33,187.2,12.87,2.0,3.474,-1.0,4.002,5.7,4901
2016-03-31 21:01:00,0.0,0.0,0.0,1113782.0,62.9,59.9,60.0,0.0,43261.0,540.0,96899.0,1070507.0,0.0,1.0,0.0,0.0,0.0,277.1,276.6,277.9,0.772,275.0,0.531,275.0,0.842,276.3,0.059,13.45,2.0,3.0,0.0,21.88,0.0,21.2,13.8,0.0,-0.0069999999999999,-0.0069999999999999,-0.0069999999999999,-0.326,-0.152,0.228,0.001,26.06,20.58,20.6,19.9,20.3,20.2,20.29,-74.69,20.3,20.31,0.0289999999999999,0.005,0.006,0.0069999999999999,0.0069999999999999,0.0139999999999999,0.012,0.011,12114.0,16815.0,16717.0,17050.0,14419.0,14445.0,11703.0,0.0,0.0,0.0,0.0,0.0,0.0,0.0,0.0,13.93,0.0,60.13,0.0,0.0,0.0,0.0,16.0,0.0,0.0,0.0,0.0,0.0,21.48,21.27,0.0,20.34,189.5,13.95,2.0,3.474,-1.0,4.003,6.5,4901
2016-03-31 21:02:00,0.0,0.0,0.0,1113782.0,62.9,59.9,60.0,0.0,43261.0,540.0,96899.0,1070507.0,0.0,1.0,0.0,0.0,0.0,277.1,276.7,278.1,0.772,275.0,0.531,275.0,0.842,276.7,0.005,13.62,2.0,3.0,0.0,21.89,0.0,21.42,13.78,0.0,-0.0069999999999999,-0.0069999999999999,-0.0069999999999999,-0.3019999999999999,-0.152,0.2269999999999999,0.0,26.07,20.58,20.58,19.9,20.3,20.2,20.29,-79.11,20.32,20.31,0.0279999999999999,0.004,0.005,0.0069999999999999,0.008,0.0139999999999999,0.012,0.011,12114.0,16815.0,16717.0,17050.0,14419.0,14445.0,11703.0,0.0,0.0,0.0,0.0,0.0,0.0,0.0,0.0,13.9,0.0,60.14,0.0,0.0,0.0,0.0,16.0,0.0,0.0,0.0,0.0,0.0,21.45,21.22,0.0,20.29,194.0,18.84,2.0,3.474,-1.0,2.14,3.6,4901
2016-03-31 21:03:00,0.0,0.0,0.0,1113782.0,62.9,59.9,60.0,0.0,43261.0,540.0,96899.0,1070507.0,0.0,1.0,0.0,0.0,0.0,277.3,276.5,277.9,0.772,275.0,0.531,275.0,0.842,276.3,0.004,13.62,2.0,3.0,0.0,21.89,0.0,21.29,13.64,0.0,-0.0069999999999999,-0.0069999999999999,-0.0069999999999999,-0.315,-0.152,0.2269999999999999,0.0,26.02,20.55,20.58,19.82,20.27,20.17,20.21,-122.3,20.25,20.21,0.036,0.005,0.006,0.0069999999999999,0.009,0.013,0.012,0.011,12114.0,16815.0,16717.0,17050.0,14419.0,14445.0,11703.0,0.0,0.0,0.0,0.0,0.0,0.0,0.0,0.0,13.75,0.0,60.14,0.0,0.0,0.0,0.0,16.0,0.0,0.0,0.0,0.0,0.0,21.44,21.2,0.0,20.27,189.2,11.34,2.0,3.474,-1.0,3.922,6.0,4901
2016-03-31 21:04:00,0.0,0.0,0.0,1113782.0,62.9,59.9,60.0,0.0,43261.0,540.0,96899.0,1070507.0,0.0,1.0,0.0,0.0,0.0,277.3,276.5,278.0,0.772,275.0,0.531,275.0,0.842,276.7,0.004,13.62,2.0,3.0,0.0,21.89,0.0,21.28,13.29,0.0,-0.0069999999999999,-0.0069999999999999,-0.0069999999999999,-0.332,-0.152,0.2269999999999999,0.0,25.98,20.49,20.52,19.82,20.2,20.14,20.21,-49.02,20.22,20.21,0.033,0.005,0.006,0.0069999999999999,0.0069999999999999,0.013,0.012,0.011,12114.0,16815.0,16717.0,17050.0,14419.0,14445.0,11703.0,0.0,0.0,0.0,0.0,0.0,0.0,0.0,0.0,13.48,0.0,60.17,0.0,0.0,0.0,0.0,16.0,0.0,0.0,0.0,0.0,0.0,21.4,21.15,0.0,20.24,183.4,18.73,2.0,3.474,-1.0,2.435,4.4,4901
2016-03-31 21:05:00,0.0,0.0,0.0,1113782.0,62.9,59.9,60.0,0.0,43261.0,540.0,96899.0,1070507.0,0.0,1.0,0.0,0.0,0.0,277.2,276.4,277.9,0.772,275.0,0.531,275.0,0.842,276.1,0.004,13.62,2.0,3.0,0.0,21.9,0.0,21.7,13.13,0.0,-0.0069999999999999,-0.0069999999999999,-0.0069999999999999,-0.315,-0.152,0.2269999999999999,0.0,25.96,20.53,20.5,19.82,20.2,20.14,20.21,-95.8,20.22,20.18,0.034,0.005,0.006,0.0069999999999999,0.008,0.013,0.011,0.012,12114.0,16815.0,16717.0,17050.0,14419.0,14445.0,11703.0,0.0,0.0,0.0,0.0,0.0,0.0,0.0,0.0,13.21,0.0,60.15,0.0,0.0,0.0,0.0,16.0,0.0,0.0,0.0,0.0,0.0,21.4,21.23,0.0,20.29,183.8,12.48,2.0,3.474,-1.0,4.263,5.9,4901
2016-03-31 21:06:00,0.0,0.0,0.0,1113782.0,62.9,59.9,60.0,0.0,43261.0,540.0,96899.0,1070507.0,0.0,1.0,0.0,0.0,0.0,276.5,276.0,277.5,0.772,275.0,0.531,274.1,0.842,276.0,-0.085,13.23,2.0,1.0,0.0,21.91,0.0,21.26,12.7,0.0,-0.0069999999999999,-0.0069999999999999,-0.0069999999999999,-0.2849999999999999,-0.152,0.228,0.002,25.94,20.56,20.58,19.82,20.25,20.2,20.21,-117.8,20.31,20.24,0.027,0.005,0.005,0.0069999999999999,0.008,0.013,0.011,0.011,12114.0,16815.0,16717.0,17050.0,14419.0,14445.0,11703.0,0.0,0.0,0.0,0.0,0.0,0.0,0.0,0.0,12.87,0.0,60.14,0.0,0.0,0.0,0.0,16.0,0.0,0.0,0.0,0.0,0.0,21.48,21.3,0.0,20.29,196.3,11.92,2.0,3.474,-1.0,4.055,7.599999999999999,4901
2016-03-31 21:07:00,0.0,0.0,0.0,1113782.0,62.9,59.9,60.0,0.0,43261.0,540.0,96899.0,1070507.0,0.0,1.0,0.0,0.0,0.0,276.5,275.9,277.3,0.772,275.0,0.531,274.0,0.842,276.0,0.0909999999999999,13.29,2.0,1.0,0.0,21.92,0.0,21.47,12.29,0.0,-0.0069999999999999,-0.0069999999999999,-0.0069999999999999,-0.332,-0.152,0.228,0.001,25.98,20.5,20.5,19.82,20.22,20.17,20.21,-75.08,20.27,20.21,0.0289999999999999,0.005,0.005,0.0069999999999999,0.008,0.0139999999999999,0.011,0.01,12114.0,16815.0,16717.0,17050.0,14419.0,14445.0,11703.0,0.0,0.0,0.0,0.0,0.0,0.0,0.0,0.0,12.45,0.0,60.14,0.0,0.0,0.0,0.0,16.0,0.0,0.0,0.0,0.0,0.0,21.47,21.18,0.0,20.24,192.2,14.76,2.0,3.474,-1.0,2.83,4.8,4901
2016-03-31 21:08:00,0.0,0.0,0.0,1113782.0,62.9,59.9,60.0,0.0,43261.0,540.0,96899.0,1070507.0,0.0,1.0,0.0,0.0,0.0,276.7,275.9,277.3,0.772,275.0,0.531,274.0,0.842,276.0,0.005,13.62,2.0,3.0,0.0,21.92,0.0,21.37,11.96,0.0,-0.0069999999999999,-0.0069999999999999,-0.0069999999999999,-0.3279999999999999,-0.152,0.2269999999999999,0.0,25.87,20.53,20.52,19.82,20.2,20.17,20.21,-96.0,20.24,20.21,0.0289999999999999,0.005,0.005,0.0069999999999999,0.008,0.013,0.01,0.011,12114.0,16815.0,16717.0,17050.0,14419.0,14445.0,11703.0,0.0,0.0,0.0,0.0,0.0,0.0,0.0,0.0,12.0,0.0,60.14,0.0,0.0,0.0,0.0,16.0,0.0,0.0,0.0,0.0,0.0,21.46,21.29,0.0,20.3,193.5,13.05,2.0,3.475,-1.0,4.053,6.0,4901
2016-03-31 21:09:00,0.0,0.0,0.0,1113782.0,62.9,59.9,60.0,0.0,43261.0,540.0,96899.0,1070507.0,0.0,1.0,0.0,0.0,0.0,276.7,275.9,277.4,0.772,275.0,0.531,274.4,0.842,276.0,0.004,13.62,2.0,3.0,0.0,21.92,0.0,21.5,11.49,0.0,-0.0069999999999999,-0.0069999999999999,-0.0069999999999999,-0.317,-0.152,0.2269999999999999,0.0,25.87,20.58,20.58,19.83,20.25,20.2,20.21,-74.69,20.28,20.21,0.0279999999999999,0.004,0.006,0.0069999999999999,0.009,0.013,0.012,0.011,12114.0,16815.0,16717.0,17050.0,14419.0,14445.0,11703.0,0.0,0.0,0.0,0.0,0.0,0.0,0.0,0.0,11.52,0.0,60.15,0.0,0.0,0.0,0.0,16.0,0.0,0.0,0.0,0.0,0.0,21.49,21.32,0.0,20.3,188.3,10.52,2.0,3.474,-1.0,3.083,5.3,4901
2016-03-31 21:10:00,0.0,0.0,0.0,1113782.0,62.9,59.9,60.0,0.0,43261.0,540.0,96899.0,1070507.0,0.0,1.0,0.0,0.0,0.0,276.9,276.0,277.5,0.772,275.0,0.531,274.9,0.842,276.0,0.004,13.62,2.0,3.0,0.0,21.92,0.0,21.36,10.92,0.0,-0.0069999999999999,-0.0069999999999999,-0.0069999999999999,-0.321,-0.152,0.2269999999999999,0.0,25.87,20.55,20.5,19.82,20.2,20.16,20.2,-64.51,20.22,20.18,0.027,0.005,0.005,0.0069999999999999,0.008,0.013,0.012,0.011,12114.0,16815.0,16717.0,17050.0,14419.0,14445.0,11703.0,0.0,0.0,0.0,0.0,0.0,0.0,0.0,0.0,10.94,0.0,60.15,0.0,0.0,0.0,0.0,16.0,0.0,0.0,0.0,0.0,0.0,21.44,21.25,0.0,20.26,175.0,13.88,2.0,3.474,-1.0,2.093,3.2,4901
2016-03-31 21:11:00,0.0,0.0,0.0,1113782.0,62.9,59.9,60.0,0.0,43261.0,540.0,96899.0,1070507.0,0.0,1.0,0.0,0.0,0.0,276.8,276.1,277.6,0.772,275.0,0.531,275.0,0.842,276.0,0.004,13.62,2.0,3.0,0.0,21.94,0.0,21.39,10.16,0.0,-0.0069999999999999,-0.0069999999999999,-0.0069999999999999,-0.315,-0.152,0.2269999999999999,0.0,25.87,20.5,20.5,19.82,20.2,20.11,20.11,-101.2,20.2,20.12,0.0289999999999999,0.005,0.005,0.0069999999999999,0.008,0.013,0.011,0.012,12114.0,16815.0,16717.0,17050.0,14419.0,14445.0,11703.0,0.0,0.0,0.0,0.0,0.0,0.0,0.0,0.0,10.18,0.0,60.15,0.0,0.0,0.0,0.0,16.0,0.0,0.0,0.0,0.0,0.0,21.45,21.25,0.0,20.27,175.8,10.28,2.0,3.474,-1.0,3.508,5.3,4901
2016-03-31 21:12:00,0.0,0.0,0.0,1113782.0,62.9,59.9,60.0,0.0,43261.0,540.0,96899.0,1070507.0,0.0,1.0,0.0,0.0,0.0,277.0,276.0,277.4,0.772,275.0,0.531,275.0,0.842,276.0,0.002,13.5,2.0,1.0,0.0,21.94,0.0,21.68,9.44,0.0,-0.0069999999999999,-0.0069999999999999,-0.0069999999999999,-0.262,-0.152,0.2269999999999999,0.001,25.87,20.49,20.5,19.8,20.2,20.11,20.11,-122.1,20.2,20.12,0.027,0.005,0.005,0.008,0.0069999999999999,0.0139999999999999,0.011,0.013,12114.0,16815.0,16717.0,17050.0,14419.0,14445.0,11703.0,0.0,0.0,0.0,0.0,0.0,0.0,0.0,0.0,9.340000000000002,0.0,60.14,0.0,0.0,0.0,0.0,16.0,0.0,0.0,0.0,0.0,0.0,21.43,21.23,0.0,20.22,187.7,18.18,2.0,3.474,-1.0,1.72,4.2,4901
2016-03-31 21:13:00,0.0,0.0,0.0,1113782.0,62.9,59.9,60.0,0.0,43261.0,540.0,96899.0,1070507.0,0.0,1.0,0.0,0.0,0.0,276.8,276.2,277.6,0.772,275.0,0.531,275.0,0.842,276.0,0.006,13.62,2.0,3.0,0.0,21.95,0.0,21.35,8.65,0.0,-0.008,-0.008,-0.0069999999999999,-0.315,-0.152,0.2269999999999999,0.0,25.8,20.44,20.45,19.72,20.12,20.03,20.11,-122.6,20.14,20.1,0.027,0.005,0.006,0.008,0.008,0.013,0.011,0.01,12114.0,16815.0,16717.0,17050.0,14419.0,14445.0,11703.0,0.0,0.0,0.0,0.0,0.0,0.0,0.0,0.0,8.49,0.0,60.14,0.0,0.0,0.0,0.0,16.0,0.0,0.0,0.0,0.0,0.0,21.41,21.16,0.0,20.17,185.1,21.64,2.0,3.474,-1.0,1.933,3.2,4901
2016-03-31 21:14:00,0.0,0.0,0.0,1113782.0,62.9,59.9,60.0,0.0,43261.0,540.0,96899.0,1070507.0,0.0,1.0,0.0,0.0,0.0,277.0,276.1,277.6,0.772,275.0,0.531,275.0,0.842,276.0,0.004,13.62,2.0,3.0,0.0,21.95,0.0,21.56,8.09,0.0,-0.01,-0.01,-0.0069999999999999,-0.311,-0.152,0.2269999999999999,0.0,25.77,20.44,20.44,19.65,20.11,20.01,20.01,-122.8,20.13,20.02,0.033,0.005,0.005,0.0069999999999999,0.008,0.012,0.011,0.011,12114.0,16815.0,16717.0,17050.0,14419.0,14445.0,11703.0,0.0,0.0,0.0,0.0,0.0,0.0,0.0,0.0,7.776,0.0,60.16,0.0,0.0,0.0,0.0,16.0,0.0,0.0,0.0,0.0,0.0,21.41,21.24,0.0,20.19,196.9,14.76,2.0,3.475,-1.0,3.713,6.6,4901
2016-03-31 21:15:00,0.0,0.0,0.0,1113782.0,62.9,59.9,60.0,0.0,43261.0,540.0,96899.0,1070507.0,0.0,1.0,0.0,0.0,0.0,276.9,276.3,277.7,0.772,275.0,0.531,275.0,0.842,276.0,0.004,13.62,2.0,3.0,0.0,21.95,0.0,21.36,7.519999999999999,0.0,-0.01,-0.01,-0.0069999999999999,-0.3019999999999999,-0.152,0.2269999999999999,0.0,25.77,20.47,20.47,19.71,20.11,20.01,20.08,-96.0,20.13,20.08,0.0279999999999999,0.005,0.006,0.0069999999999999,0.008,0.013,0.011,0.01,12114.0,16815.0,16717.0,17050.0,14419.0,14445.0,11703.0,0.0,0.0,0.0,0.0,0.0,0.0,0.0,0.0,7.274,0.0,60.2,0.0,0.0,0.0,0.0,16.0,0.0,0.0,0.0,0.0,0.0,21.5,21.28,0.0,20.19,184.5,14.31,2.0,3.475,-1.0,3.303,5.8,4901
2016-03-31 21:16:00,0.0,0.0,0.0,1113782.0,62.9,59.9,60.0,0.0,43261.0,540.0,96899.0,1070507.0,0.0,1.0,0.0,0.0,0.0,276.7,276.3,277.8,0.772,275.0,0.531,275.0,0.842,276.0,0.004,13.62,2.0,3.0,0.0,21.95,0.0,21.47,7.15,0.0,-0.01,-0.01,-0.0069999999999999,-0.313,-0.152,0.2269999999999999,0.0,25.77,20.39,20.39,19.63,20.04,20.01,20.01,-74.73,20.11,20.02,0.033,0.004,0.006,0.008,0.008,0.0139999999999999,0.01,0.011,12114.0,16815.0,16717.0,17050.0,14419.0,14445.0,11703.0,0.0,0.0,0.0,0.0,0.0,0.0,0.0,0.0,6.821000000000001,0.0,60.22,0.0,0.0,0.0,0.0,16.0,0.0,0.0,0.0,0.0,0.0,21.47,21.24,0.0,20.15,179.9,21.7,2.0,3.474,-1.0,2.61,5.0,4901
2016-03-31 21:17:00,0.0,0.0,0.0,1113782.0,62.9,59.9,60.0,0.0,43261.0,540.0,96899.0,1070507.0,0.0,1.0,0.0,0.0,0.0,276.8,276.4,277.8,0.772,275.0,0.531,275.0,0.842,276.0,0.0069999999999999,13.62,2.0,3.0,0.0,21.95,0.0,21.43,6.712999999999999,0.0,-0.01,-0.01,-0.0069999999999999,-0.252,-0.152,0.2269999999999999,0.0,25.74,20.37,20.37,19.63,20.01,20.01,19.98,-123.2,20.06,20.02,0.034,0.005,0.005,0.0069999999999999,0.008,0.013,0.011,0.01,12114.0,16815.0,16717.0,17050.0,14419.0,14445.0,11703.0,0.0,0.0,0.0,0.0,0.0,0.0,0.0,0.0,6.247000000000001,0.0,60.16,0.0,0.0,0.0,0.0,16.0,0.0,0.0,0.0,0.0,0.0,21.44,21.24,0.0,20.13,196.8,16.48,2.0,3.474,-1.0,3.363,5.5,4901
2016-03-31 21:18:00,0.0,0.0,0.0,1113782.0,62.9,59.9,60.0,0.0,43261.0,540.0,96899.0,1070507.0,0.0,1.0,0.0,0.0,0.0,277.0,276.4,277.8,0.772,275.0,0.531,275.0,0.842,276.0,-0.001,13.29,2.0,1.0,0.0,21.95,0.0,21.37,6.122000000000001,0.0,-0.01,-0.01,-0.0069999999999999,-0.311,-0.152,0.228,0.001,25.71,20.39,20.42,19.63,20.03,20.01,20.0,-120.3,20.06,20.02,0.0279999999999999,0.004,0.005,0.0069999999999999,0.0069999999999999,0.013,0.011,0.012,12114.0,16815.0,16717.0,17050.0,14419.0,14445.0,11703.0,0.0,0.0,0.0,0.0,0.0,0.0,0.0,0.0,5.509,0.0,60.15,0.0,0.0,0.0,0.0,16.0,0.0,0.0,0.0,0.0,0.0,21.48,21.32,0.0,20.18,196.1,9.51,2.0,3.474,-1.0,5.492000000000001,7.7,4901
2016-03-31 21:19:00,0.0,0.0,0.0,1113782.0,62.9,59.9,60.0,0.0,43261.0,540.0,96899.0,1070507.0,0.0,1.0,0.0,0.0,0.0,277.1,276.6,278.0,0.772,275.0,0.531,275.0,0.842,276.4,0.006,13.62,2.0,3.0,0.0,21.95,0.0,21.47,5.5360000000000005,0.0,-0.01,-0.01,-0.0069999999999999,-0.315,-0.152,0.2269999999999999,0.001,25.67,20.39,20.42,19.61,20.04,19.99,19.97,-101.0,20.07,20.02,0.033,0.005,0.005,0.0069999999999999,0.008,0.013,0.01,0.011,12114.0,16815.0,16717.0,17050.0,14419.0,14445.0,11703.0,0.0,0.0,0.0,0.0,0.0,0.0,0.0,0.0,4.816,0.0,60.13,0.0,0.0,0.0,0.0,16.0,0.0,0.0,0.0,0.0,0.0,21.49,21.28,0.0,20.16,189.5,13.15,2.0,3.474,-1.0,3.475,5.5,4901
2016-03-31 21:20:00,0.0,0.0,0.0,1113782.0,62.9,59.9,60.0,0.0,43261.0,540.0,96899.0,1070507.0,0.0,1.0,0.0,0.0,0.0,277.3,276.5,277.9,0.772,275.0,0.531,275.0,0.842,276.3,0.004,13.62,2.0,3.0,0.0,21.95,0.0,21.6,4.964,0.0,-0.01,-0.01,-0.009,-0.317,-0.152,0.2269999999999999,0.0,25.67,20.31,20.33,19.53,20.01,19.92,19.91,-48.98,20.01,19.96,0.025,0.004,0.006,0.006,0.008,0.013,0.011,0.011,12114.0,16815.0,16717.0,17050.0,14419.0,14445.0,11703.0,0.0,0.0,0.0,0.0,0.0,0.0,0.0,0.0,4.355,0.0,60.14,0.0,0.0,0.0,0.0,16.0,0.0,0.0,0.0,0.0,0.0,21.46,21.28,0.0,20.12,187.6,14.6,2.0,3.475,-1.0,3.732,6.7,4901
2016-03-31 21:21:00,0.0,0.0,0.0,1113782.0,62.9,59.9,60.0,0.0,43261.0,540.0,96899.0,1070507.0,0.0,1.0,0.0,0.0,0.0,276.9,276.5,277.9,0.772,275.0,0.531,275.0,0.842,276.0,0.004,13.62,2.0,3.0,0.0,21.95,0.0,21.32,4.913,0.0,-0.01,-0.01,-0.01,-0.317,-0.152,0.2269999999999999,0.0,25.67,20.29,20.31,19.52,19.95,19.92,19.91,-75.40999999999998,20.03,19.92,0.023,0.005,0.006,0.0069999999999999,0.008,0.013,0.01,0.01,12114.0,16815.0,16717.0,17050.0,14419.0,14445.0,11703.0,0.0,0.0,0.0,0.0,0.0,0.0,0.0,0.0,4.178,0.0,60.16,0.0,0.0,0.0,0.0,16.0,0.0,0.0,0.0,0.0,0.0,21.44,21.32,0.0,20.11,194.8,14.13,2.0,3.474,-1.0,4.505,6.5,4901
2016-03-31 21:22:00,0.0,0.0,0.0,1113782.0,62.9,59.9,60.0,0.0,43261.0,540.0,96899.0,1070507.0,0.0,1.0,0.0,0.0,0.0,276.9,276.6,277.9,0.772,275.0,0.531,275.0,0.842,276.0,0.004,13.62,2.0,3.0,0.0,21.95,0.0,21.39,4.944,0.0,-0.01,-0.01,-0.01,-0.315,-0.152,0.2269999999999999,0.0,25.67,20.29,20.29,19.44,19.92,19.88,19.82,-54.0,19.92,19.86,0.031,0.005,0.006,0.0069999999999999,0.0069999999999999,0.0139999999999999,0.011,0.01,12114.0,16815.0,16717.0,17050.0,14419.0,14445.0,11703.0,0.0,0.0,0.0,0.0,0.0,0.0,0.0,0.0,4.205,0.0,60.23,0.0,0.0,0.0,0.0,16.0,0.0,0.0,0.0,0.0,0.0,21.46,21.32,0.0,20.05,192.2,13.21,2.0,3.475,-1.0,3.532,4.9,4901
2016-03-31 21:23:00,0.0,0.0,0.0,1113782.0,62.9,59.9,60.0,0.0,43261.0,540.0,96899.0,1070507.0,0.0,1.0,0.0,0.0,0.0,276.8,276.5,277.9,0.772,275.0,0.531,275.0,0.842,276.0,0.02,13.59,2.0,1.0,0.0,21.96,0.0,21.42,5.267,0.0,-0.011,-0.01,-0.01,-0.245,-0.152,0.2269999999999999,0.0,25.67,20.21,20.28,19.39,19.83,19.82,19.73,-79.69,19.84,19.78,0.031,0.005,0.005,0.006,0.008,0.013,0.01,0.011,12114.0,16815.0,16717.0,17050.0,14419.0,14445.0,11703.0,0.0,0.0,0.0,0.0,0.0,0.0,0.0,0.0,4.458,0.0,60.23,0.0,0.0,0.0,0.0,16.0,0.0,0.0,0.0,0.0,0.0,21.44,21.27,0.0,19.98,188.8,11.81,2.0,3.474,-1.0,3.817,6.1,4901
2016-03-31 21:24:00,0.0,0.0,0.0,1113782.0,62.9,59.9,60.0,0.0,43261.0,540.0,96899.0,1070507.0,0.0,1.0,0.0,0.0,0.0,276.9,276.6,277.9,0.772,275.0,0.531,275.0,0.842,276.0,-0.019,13.23,2.0,1.0,0.0,21.97,0.0,21.42,5.335,0.0,-0.012,-0.01,-0.01,-0.313,-0.152,0.23,0.002,25.67,20.2,20.28,19.34,19.82,19.79,19.72,-101.0,19.82,19.73,0.027,0.004,0.006,0.006,0.008,0.012,0.01,0.01,12114.0,16815.0,16717.0,17050.0,14419.0,14445.0,11703.0,0.0,0.0,0.0,0.0,0.0,0.0,0.0,0.0,4.682,0.0,60.22,0.0,0.0,0.0,0.0,16.0,0.0,0.0,0.0,0.0,0.0,21.42,21.27,0.0,19.99,179.4,15.35,2.0,3.474,-1.0,3.897,5.7,4901
2016-03-31 21:25:00,0.0,0.0,0.0,1113782.0,62.9,59.9,60.0,0.0,43261.0,540.0,96899.0,1070507.0,0.0,1.0,0.0,0.0,0.0,277.3,276.4,277.8,0.772,275.0,0.531,275.0,0.842,276.0,0.0069999999999999,13.62,2.0,3.0,0.0,21.97,0.0,21.43,5.399,0.0,-0.013,-0.01,-0.01,-0.347,-0.152,0.2269999999999999,0.001,25.66,20.15,20.18,19.34,19.72,19.74,19.72,-86.4,19.84,19.73,0.031,0.004,0.005,0.0069999999999999,0.0069999999999999,0.012,0.011,0.011,12114.0,16815.0,16717.0,17050.0,14419.0,14445.0,11703.0,0.0,0.0,0.0,0.0,0.0,0.0,0.0,0.0,4.755,0.0,60.22,0.0,0.0,0.0,0.0,16.0,0.0,0.0,0.0,0.0,0.0,21.42,21.17,0.0,19.93,200.2,11.18,2.0,3.474,-1.0,4.613,6.5,4901
2016-03-31 21:26:00,0.0,0.0,0.0,1113782.0,62.9,59.9,60.0,0.0,43261.0,540.0,96899.0,1070507.0,0.0,1.0,0.0,0.0,0.0,276.6,276.3,277.7,0.772,275.0,0.531,275.0,0.842,276.0,0.004,13.62,2.0,3.0,0.0,21.97,0.0,21.43,5.788,0.0,-0.012,-0.01,-0.01,-0.307,-0.152,0.2269999999999999,0.0,25.61,20.08,20.1,19.28,19.74,19.72,19.66,-123.3,19.74,19.73,0.023,0.005,0.005,0.006,0.008,0.013,0.011,0.011,12114.0,16815.0,16717.0,17050.0,14419.0,14445.0,11703.0,0.0,0.0,0.0,0.0,0.0,0.0,0.0,0.0,4.986000000000001,0.0,60.23,0.0,0.0,0.0,0.0,16.0,0.0,0.0,0.0,0.0,0.0,21.46,21.14,0.0,19.86,188.5,19.52,2.0,3.474,-1.0,2.47,4.1,4901
2016-03-31 21:27:00,0.0,0.0,0.0,1113782.0,62.9,59.9,60.0,0.0,43261.0,540.0,96899.0,1070507.0,0.0,1.0,0.0,0.0,0.0,276.8,276.0,277.4,0.772,275.0,0.531,274.5,0.842,276.0,0.004,13.62,2.0,3.0,0.0,21.96,0.0,21.43,5.933,0.0,-0.013,-0.01,-0.01,-0.319,-0.152,0.2269999999999999,0.0,25.59,20.09,20.1,19.24,19.65,19.65,19.62,-122.6,19.72,19.65,0.032,0.004,0.005,0.0069999999999999,0.008,0.013,0.011,0.012,12114.0,16815.0,16717.0,17050.0,14419.0,14445.0,11703.0,0.0,0.0,0.0,0.0,0.0,0.0,0.0,0.0,5.195,0.0,60.23,0.0,0.0,0.0,0.0,16.0,0.0,0.0,0.0,0.0,0.0,21.34,21.22,0.0,19.9,189.7,11.55,2.0,3.474,-1.0,3.39,5.5,4901
2016-03-31 21:28:00,0.0,0.0,0.0,1113782.0,62.9,59.9,60.0,0.0,43261.0,540.0,96899.0,1070507.0,0.0,1.0,0.0,0.0,0.0,276.7,276.0,277.4,0.772,275.0,0.531,274.9,0.842,276.0,0.004,13.62,2.0,3.0,0.0,21.95,0.0,21.26,5.969,0.0,-0.013,-0.01,-0.01,-0.321,-0.152,0.2269999999999999,0.0,25.58,20.07,20.08,19.24,19.63,19.63,19.6,-123.0,19.68,19.62,0.0279999999999999,0.004,0.006,0.0069999999999999,0.0069999999999999,0.013,0.01,0.011,12114.0,16815.0,16717.0,17050.0,14419.0,14445.0,11703.0,0.0,0.0,0.0,0.0,0.0,0.0,0.0,0.0,5.265,0.0,60.19,0.0,0.0,0.0,0.0,16.0,0.0,0.0,0.0,0.0,0.0,21.31,21.17,0.0,19.82,185.1,17.73,2.0,3.474,-1.0,2.812,4.7,4901
2016-03-31 21:29:00,0.0,0.0,0.0,1113782.0,62.9,59.9,60.0,0.0,43261.0,540.0,96899.0,1070507.0,0.0,1.0,0.0,0.0,0.0,276.5,276.2,277.5,0.772,275.0,0.531,274.9,0.842,276.0,0.006,13.62,2.0,3.0,0.0,21.95,0.0,21.54,6.115,0.0,-0.0149999999999999,-0.012,-0.01,-0.2939999999999999,-0.152,0.2269999999999999,0.0,25.58,20.01,20.04,19.16,19.63,19.63,19.5,-75.43,19.63,19.57,0.023,0.004,0.005,0.0069999999999999,0.008,0.0139999999999999,0.011,0.01,12114.0,16815.0,16717.0,17050.0,14419.0,14445.0,11703.0,0.0,0.0,0.0,0.0,0.0,0.0,0.0,0.0,5.437,0.0,60.17,0.0,0.0,0.0,0.0,16.0,0.0,0.0,0.0,0.0,0.0,21.33,21.14,0.0,19.79,196.9,18.0,2.0,3.475,-1.0,2.253,4.7,4901
2016-03-31 21:30:00,0.0,0.0,0.0,1113782.0,62.9,59.9,60.0,0.0,43261.0,540.0,96899.0,1070507.0,0.0,1.0,0.0,0.0,0.0,276.7,276.1,277.5,0.772,275.0,0.531,275.0,0.842,276.0,-0.01,13.22,2.0,1.0,0.0,21.95,0.0,21.27,6.256,0.0,-0.017,-0.013,-0.01,-0.324,-0.152,0.2289999999999999,0.002,25.56,20.01,20.02,19.15,19.59,19.63,19.52,-75.68,19.63,19.54,0.032,0.004,0.006,0.0069999999999999,0.008,0.013,0.011,0.01,12114.0,16815.0,16717.0,17050.0,14419.0,14445.0,11703.0,0.0,0.0,0.0,0.0,0.0,0.0,0.0,0.0,5.565,0.0,60.18,0.0,0.0,0.0,0.0,16.0,0.0,0.0,0.0,0.0,0.0,21.29,21.14,0.0,19.8,193.0,15.34,2.0,3.474,-1.0,2.793,3.8,4901
2016-03-31 21:31:00,0.0,0.0,0.0,1113782.0,62.9,59.9,60.0,0.0,43261.0,540.0,96899.0,1070507.0,0.0,1.0,0.0,0.0,0.0,276.7,276.3,277.6,0.772,275.0,0.531,275.0,0.842,276.0,0.0149999999999999,13.55,2.0,3.0,0.0,21.95,0.0,21.41,6.519,0.0,-0.016,-0.013,-0.01,-0.315,-0.152,0.2269999999999999,0.001,25.53,20.01,20.01,19.15,19.61,19.56,19.52,-123.4,19.58,19.54,0.031,0.004,0.005,0.006,0.008,0.013,0.01,0.01,12114.0,16815.0,16717.0,17050.0,14419.0,14445.0,11703.0,0.0,0.0,0.0,0.0,0.0,0.0,0.0,0.0,5.796,0.0,60.22,0.0,0.0,0.0,0.0,16.0,0.0,0.0,0.0,0.0,0.0,21.29,21.18,0.0,19.8,186.7,12.65,2.0,3.474,-1.0,3.782,5.3,4901
2016-03-31 21:32:00,0.0,0.0,0.0,1113782.0,62.9,59.9,60.0,0.0,43261.0,540.0,96899.0,1070507.0,0.0,1.0,0.0,0.0,0.0,277.2,276.2,277.5,0.772,275.0,0.531,275.0,0.842,276.0,0.005,13.62,2.0,3.0,0.0,21.95,0.0,21.4,6.823,0.0,-0.013,-0.011,-0.01,-0.315,-0.152,0.2269999999999999,0.0,25.48,20.01,20.07,19.15,19.61,19.63,19.5,-123.1,19.63,19.54,0.019,0.004,0.006,0.0069999999999999,0.008,0.013,0.01,0.011,12114.0,16815.0,16717.0,17050.0,14419.0,14445.0,11703.0,0.0,0.0,0.0,0.0,0.0,0.0,0.0,0.0,6.047000000000001,0.0,60.22,0.0,0.0,0.0,0.0,16.0,0.0,0.0,0.0,0.0,0.0,21.29,21.16,0.0,19.82,189.2,11.41,2.0,3.474,-1.0,3.1,4.7,4901
2016-03-31 21:33:00,0.0,0.0,0.0,1113782.0,62.9,59.9,60.0,0.0,43261.0,540.0,96899.0,1070507.0,0.0,1.0,0.0,0.0,0.0,276.8,276.5,277.8,0.772,275.0,0.531,275.0,0.842,276.0,0.004,13.62,2.0,3.0,0.0,21.95,0.0,21.42,7.132999999999999,0.0,-0.013,-0.01,-0.01,-0.324,-0.152,0.2269999999999999,0.0,25.48,19.99,20.01,19.15,19.55,19.58,19.52,-122.1,19.63,19.54,0.032,0.005,0.005,0.0069999999999999,0.008,0.013,0.011,0.01,12114.0,16815.0,16717.0,17050.0,14419.0,14445.0,11703.0,0.0,0.0,0.0,0.0,0.0,0.0,0.0,0.0,6.399,0.0,60.21,0.0,0.0,0.0,0.0,16.0,0.0,0.0,0.0,0.0,0.0,21.3,21.09,0.0,19.79,191.7,30.75,2.0,3.474,-1.0,2.28,5.2,4901
2016-03-31 21:34:00,0.0,0.0,0.0,1113782.0,62.9,59.9,60.0,0.0,43261.0,540.0,96899.0,1070507.0,0.0,1.0,0.0,0.0,0.0,276.7,276.3,277.7,0.772,275.0,0.531,275.0,0.842,276.0,0.004,13.62,2.0,3.0,0.0,21.95,0.0,21.46,7.244,0.0,-0.013,-0.01,-0.01,-0.315,-0.152,0.2269999999999999,0.0,25.48,20.01,20.04,19.15,19.53,19.53,19.5,-97.3,19.63,19.54,0.019,0.005,0.005,0.006,0.008,0.013,0.011,0.011,12114.0,16815.0,16717.0,17050.0,14419.0,14445.0,11703.0,0.0,0.0,0.0,0.0,0.0,0.0,0.0,0.0,6.768,0.0,60.22,0.0,0.0,0.0,0.0,16.0,0.0,0.0,0.0,0.0,0.0,21.29,21.12,0.0,19.81,189.3,18.57,2.0,3.474,-1.0,2.695,4.2,4901
2016-03-31 21:35:00,0.0,0.0,0.0,1113782.0,62.9,59.9,60.0,0.0,43261.0,540.0,96899.0,1070507.0,0.0,1.0,0.0,0.0,0.0,277.3,276.2,277.6,0.772,275.0,0.531,275.0,0.842,276.0,0.004,13.62,2.0,3.0,0.0,21.95,0.0,21.36,7.5939999999999985,0.0,-0.013,-0.01,-0.01,-0.3279999999999999,-0.152,0.2269999999999999,0.0,25.48,20.01,20.01,19.15,19.58,19.56,19.5,-123.0,19.63,19.54,0.025,0.004,0.005,0.006,0.009,0.013,0.011,0.011,12114.0,16815.0,16717.0,17050.0,14419.0,14445.0,11703.0,0.0,0.0,0.0,0.0,0.0,0.0,0.0,0.0,6.879,0.0,60.22,0.0,0.0,0.0,0.0,16.0,0.0,0.0,0.0,0.0,0.0,21.31,21.14,0.0,19.8,200.1,13.25,2.0,3.475,-1.0,3.395,5.1,4901
2016-03-31 21:36:00,0.0,0.0,0.0,1113782.0,62.9,59.9,60.0,0.0,43261.0,540.0,96899.0,1070507.0,0.0,1.0,0.0,0.0,0.0,277.0,276.3,277.7,0.772,275.0,0.531,275.0,0.842,276.0,-0.089,13.23,2.0,1.0,0.0,21.95,0.0,21.37,7.556,0.0,-0.01,-0.01,-0.01,-0.281,-0.152,0.2289999999999999,0.002,25.48,20.01,20.04,19.15,19.6,19.56,19.48,-75.54999999999998,19.63,19.54,0.0289999999999999,0.004,0.005,0.0069999999999999,0.008,0.013,0.011,0.01,12114.0,16815.0,16717.0,17050.0,14419.0,14445.0,11703.0,0.0,0.0,0.0,0.0,0.0,0.0,0.0,0.0,6.88,0.0,60.22,0.0,0.0,0.0,0.0,16.0,0.0,0.0,0.0,0.0,0.0,21.28,21.09,0.0,19.81,186.1,11.68,2.0,3.474,-1.0,3.343,5.6,4901
2016-03-31 21:37:00,0.0,0.0,0.0,1113782.0,62.9,59.9,60.0,0.0,43261.0,540.0,96899.0,1070507.0,0.0,1.0,0.0,0.0,0.0,276.7,276.4,277.7,0.772,275.0,0.531,275.0,0.842,276.0,0.096,13.53,2.0,3.0,0.0,21.95,0.0,21.61,7.207999999999998,0.0,-0.01,-0.01,-0.01,-0.3279999999999999,-0.152,0.2269999999999999,0.001,25.4,20.05,20.08,19.24,19.63,19.63,19.52,-96.6,19.66,19.62,0.0279999999999999,0.004,0.004,0.0069999999999999,0.0069999999999999,0.013,0.01,0.011,12114.0,16815.0,16717.0,17050.0,14419.0,14445.0,11703.0,0.0,0.0,0.0,0.0,0.0,0.0,0.0,0.0,6.739,0.0,60.15,0.0,0.0,0.0,0.0,16.0,0.0,0.0,0.0,0.0,0.0,21.35,21.16,0.0,19.85,178.5,11.15,2.0,3.474,-1.0,3.518,5.8,4901
2016-03-31 21:38:00,0.0,0.0,0.0,1113782.0,62.9,59.9,60.0,0.0,43261.0,540.0,96899.0,1070507.0,0.0,1.0,0.0,0.0,0.0,276.7,276.2,277.6,0.772,275.0,0.531,274.9,0.842,276.0,0.005,13.62,2.0,3.0,0.0,21.95,0.0,21.33,7.149,0.0,-0.01,-0.01,-0.01,-0.326,-0.152,0.2269999999999999,0.0,25.39,20.13,20.17,19.24,19.69,19.63,19.59,-97.2,19.74,19.64,0.022,0.004,0.006,0.0069999999999999,0.008,0.012,0.01,0.01,12114.0,16815.0,16717.0,17050.0,14419.0,14445.0,11703.0,0.0,0.0,0.0,0.0,0.0,0.0,0.0,0.0,6.41,0.0,60.15,0.0,0.0,0.0,0.0,16.0,0.0,0.0,0.0,0.0,0.0,21.35,21.22,0.0,19.94,192.5,9.76,2.0,3.475,-1.0,3.98,6.3,4901
2016-03-31 21:39:00,0.0,0.0,0.0,1113782.0,62.9,59.9,60.0,0.0,43261.0,540.0,96899.0,1070507.0,0.0,1.0,0.0,0.0,0.0,276.6,276.1,277.5,0.772,275.0,0.531,274.9,0.842,276.0,0.004,13.62,2.0,3.0,0.0,21.95,0.0,21.4,7.125,0.0,-0.01,-0.01,-0.009,-0.3379999999999999,-0.152,0.2269999999999999,0.0,25.39,20.21,20.23,19.34,19.72,19.72,19.68,-96.7,19.77,19.7,0.0279999999999999,0.005,0.005,0.006,0.0069999999999999,0.012,0.01,0.01,12114.0,16815.0,16717.0,17050.0,14419.0,14445.0,11703.0,0.0,0.0,0.0,0.0,0.0,0.0,0.0,0.0,6.211,0.0,60.15,0.0,0.0,0.0,0.0,16.0,0.0,0.0,0.0,0.0,0.0,21.41,21.24,0.0,19.97,191.2,14.28,2.0,3.475,-1.0,4.645,6.8,4901
2016-03-31 21:40:00,0.0,0.0,0.0,1113782.0,62.9,59.9,60.0,0.0,43261.0,540.0,96899.0,1070507.0,0.0,1.0,0.0,0.0,0.0,276.4,276.4,277.8,0.772,275.0,0.531,275.0,0.842,276.0,0.004,13.62,2.0,3.0,0.0,21.95,0.0,21.57,7.146,0.0,-0.01,-0.01,-0.0069999999999999,-0.332,-0.152,0.2269999999999999,0.0,25.39,20.2,20.29,19.34,19.79,19.79,19.7,-123.1,19.82,19.73,0.033,0.004,0.005,0.006,0.0069999999999999,0.012,0.011,0.01,12114.0,16815.0,16717.0,17050.0,14419.0,14445.0,11703.0,0.0,0.0,0.0,0.0,0.0,0.0,0.0,0.0,6.312,0.0,60.15,0.0,0.0,0.0,0.0,16.0,0.0,0.0,0.0,0.0,0.0,21.36,21.19,0.0,19.99,190.4,16.38,2.0,3.474,-1.0,3.64,6.3,4901
2016-03-31 21:41:00,0.0,0.0,0.0,1113782.0,62.9,59.9,60.0,0.0,43261.0,540.0,96899.0,1070507.0,0.0,1.0,0.0,0.0,0.0,277.0,276.3,277.7,0.772,275.0,0.531,275.0,0.842,276.0,0.004,13.62,2.0,3.0,0.0,21.95,0.0,21.35,7.175,0.0,-0.01,-0.01,-0.0069999999999999,-0.313,-0.152,0.2269999999999999,0.0,25.39,20.28,20.29,19.37,19.82,19.81,19.72,-83.79999999999998,19.82,19.73,0.031,0.005,0.004,0.006,0.0069999999999999,0.012,0.01,0.01,12114.0,16815.0,16717.0,17050.0,14419.0,14445.0,11703.0,0.0,0.0,0.0,0.0,0.0,0.0,0.0,0.0,6.62,0.0,60.23,0.0,0.0,0.0,0.0,16.0,0.0,0.0,0.0,0.0,0.0,21.33,21.16,0.0,20.03,190.8,14.94,2.0,3.474,-1.0,4.38,6.3,4901
2016-03-31 21:42:00,0.0,0.0,0.0,1113782.0,62.9,59.9,60.0,0.0,43261.0,540.0,96899.0,1070507.0,0.0,1.0,0.0,0.0,0.0,276.8,276.4,277.9,0.772,275.0,0.531,275.0,0.842,276.0,-0.0289999999999999,13.3,2.0,1.0,0.0,21.95,0.0,21.4,7.186,0.0,-0.01,-0.01,-0.0069999999999999,-0.264,-0.152,0.228,0.001,25.37,20.26,20.29,19.42,19.82,19.82,19.72,-122.7,19.82,19.73,0.034,0.004,0.005,0.0069999999999999,0.008,0.013,0.01,0.011,12114.0,16815.0,16717.0,17050.0,14419.0,14445.0,11703.0,0.0,0.0,0.0,0.0,0.0,0.0,0.0,0.0,6.632999999999999,0.0,60.23,0.0,0.0,0.0,0.0,16.0,0.0,0.0,0.0,0.0,0.0,21.3,21.13,0.0,19.99,204.4,15.58,2.0,3.474,-1.0,3.913,5.4,4901
2016-03-31 21:43:00,0.0,0.0,0.0,1113782.0,62.9,59.9,60.0,0.0,43261.0,540.0,96899.0,1070507.0,0.0,1.0,0.0,0.0,0.0,277.2,276.3,277.7,0.772,275.0,0.531,275.0,0.842,276.0,0.036,13.62,2.0,3.0,0.0,21.95,0.0,21.38,7.117000000000001,0.0,-0.01,-0.01,-0.0069999999999999,-0.3339999999999999,-0.152,0.2269999999999999,0.001,25.3,20.23,20.21,19.39,19.8,19.79,19.7,-101.8,19.82,19.73,0.025,0.004,0.004,0.0069999999999999,0.008,0.012,0.011,0.01,12114.0,16815.0,16717.0,17050.0,14419.0,14445.0,11703.0,0.0,0.0,0.0,0.0,0.0,0.0,0.0,0.0,6.222,0.0,60.23,0.0,0.0,0.0,0.0,16.0,0.0,0.0,0.0,0.0,0.0,21.28,21.07,0.0,19.96,181.2,15.46,2.0,3.474,-1.0,2.667,4.0,4901
2016-03-31 21:44:00,0.0,0.0,0.0,1113782.0,62.9,59.9,60.0,0.0,43261.0,540.0,96899.0,1070507.0,0.0,1.0,0.0,0.0,0.0,276.8,276.5,277.9,0.772,275.0,0.531,275.0,0.842,276.0,0.004,13.62,2.0,3.0,0.0,21.95,0.0,21.53,6.507000000000001,0.0,-0.01,-0.01,-0.01,-0.313,-0.152,0.2269999999999999,0.0,25.29,20.12,20.13,19.32,19.72,19.71,19.63,-122.8,19.77,19.71,0.027,0.004,0.006,0.0069999999999999,0.008,0.013,0.01,0.009,12114.0,16815.0,16717.0,17050.0,14419.0,14445.0,11703.0,0.0,0.0,0.0,0.0,0.0,0.0,0.0,0.0,5.672999999999999,0.0,60.2,0.0,0.0,0.0,0.0,16.0,0.0,0.0,0.0,0.0,0.0,21.26,20.98,0.0,19.86,183.4,16.31,2.0,3.474,-1.0,2.395,3.7,4901
2016-03-31 21:45:00,0.0,0.0,0.0,1113782.0,62.9,59.9,60.0,0.0,43261.0,540.0,96899.0,1070507.0,0.0,1.0,0.0,0.0,0.0,277.0,276.3,277.8,0.772,275.0,0.531,275.0,0.842,276.0,0.004,13.62,2.0,3.0,0.0,21.95,0.0,21.58,5.881,0.0,-0.01,-0.01,-0.01,-0.311,-0.152,0.2269999999999999,0.0,25.29,20.1,20.1,19.24,19.64,19.63,19.62,-96.9,19.72,19.64,0.018,0.005,0.006,0.0069999999999999,0.0069999999999999,0.013,0.01,0.011,12114.0,16815.0,16717.0,17050.0,14419.0,14445.0,11703.0,0.0,0.0,0.0,0.0,0.0,0.0,0.0,0.0,5.024,0.0,60.13,0.0,0.0,0.0,0.0,16.0,0.0,0.0,0.0,0.0,0.0,21.24,21.12,0.0,19.9,189.9,18.77,2.0,3.474,-1.0,3.902,6.0,4901
2016-03-31 21:46:00,0.0,0.0,0.0,1113782.0,62.9,59.9,60.0,0.0,43261.0,540.0,96899.0,1070507.0,0.0,1.0,0.0,0.0,0.0,276.9,276.3,277.7,0.772,275.0,0.531,275.0,0.842,276.0,0.004,13.62,2.0,3.0,0.0,21.95,0.0,21.2,5.388,0.0,-0.01,-0.01,-0.01,-0.311,-0.152,0.2269999999999999,0.0,25.29,20.1,20.12,19.24,19.67,19.63,19.61,-122.9,19.71,19.64,0.0289999999999999,0.004,0.004,0.006,0.0069999999999999,0.013,0.01,0.01,12114.0,16815.0,16717.0,17050.0,14419.0,14445.0,11703.0,0.0,0.0,0.0,0.0,0.0,0.0,0.0,0.0,4.531000000000001,0.0,60.13,0.0,0.0,0.0,0.0,16.0,0.0,0.0,0.0,0.0,0.0,21.24,21.08,0.0,19.87,203.4,25.83,2.0,3.474,-1.0,2.882,4.6,4901
2016-03-31 21:47:00,0.0,0.0,0.0,1113782.0,62.9,59.9,60.0,0.0,43261.0,540.0,96899.0,1070507.0,0.0,1.0,0.0,0.0,0.0,276.9,276.4,277.8,0.772,275.0,0.531,275.0,0.842,276.0,0.004,13.62,2.0,3.0,0.0,21.95,0.0,21.46,5.234,0.0,-0.013,-0.01,-0.01,-0.324,-0.152,0.2269999999999999,0.0,25.29,20.05,20.05,19.15,19.63,19.61,19.49,-122.9,19.65,19.62,0.025,0.004,0.005,0.0069999999999999,0.0069999999999999,0.013,0.011,0.01,12114.0,16815.0,16717.0,17050.0,14419.0,14445.0,11703.0,0.0,0.0,0.0,0.0,0.0,0.0,0.0,0.0,4.209,0.0,60.14,0.0,0.0,0.0,0.0,16.0,0.0,0.0,0.0,0.0,0.0,21.27,21.07,0.0,19.83,185.9,17.21,2.0,3.475,-1.0,3.033,6.2,4901
2016-03-31 21:48:00,0.0,0.0,0.0,1113782.0,62.9,59.9,60.0,0.0,43261.0,540.0,96899.0,1070507.0,0.0,1.0,0.0,0.0,0.0,277.0,276.5,277.9,0.772,275.0,0.531,275.0,0.842,276.0,0.004,13.38,2.0,3.0,0.0,21.95,0.0,21.31,4.917,0.0,-0.013,-0.01,-0.01,-0.262,-0.152,0.2269999999999999,0.001,25.29,20.01,20.02,19.15,19.63,19.61,19.5,-123.1,19.63,19.57,0.027,0.004,0.005,0.006,0.008,0.013,0.01,0.01,12114.0,16815.0,16717.0,17050.0,14419.0,14445.0,11703.0,0.0,0.0,0.0,0.0,0.0,0.0,0.0,0.0,4.12,0.0,60.17,0.0,0.0,0.0,0.0,16.0,0.0,0.0,0.0,0.0,0.0,21.27,21.1,0.0,19.8,185.9,16.02,2.0,3.474,-1.0,4.96,6.3,4901
2016-03-31 21:49:00,0.0,0.0,0.0,1113782.0,62.9,59.9,60.0,0.0,43261.0,540.0,96899.0,1070507.0,0.0,1.0,0.0,0.0,0.0,276.9,276.5,277.9,0.772,275.0,0.531,275.0,0.842,276.0,0.005,13.62,2.0,3.0,0.0,21.95,0.0,21.34,5.0360000000000005,0.0,-0.013,-0.01,-0.01,-0.319,-0.152,0.2269999999999999,0.0,25.24,20.01,20.01,19.15,19.61,19.59,19.48,-122.1,19.63,19.56,0.032,0.004,0.004,0.006,0.0069999999999999,0.013,0.01,0.01,12114.0,16815.0,16717.0,17050.0,14419.0,14445.0,11703.0,0.0,0.0,0.0,0.0,0.0,0.0,0.0,0.0,4.169,0.0,60.21,0.0,0.0,0.0,0.0,16.0,0.0,0.0,0.0,0.0,0.0,21.24,21.08,0.0,19.79,191.5,16.48,2.0,3.474,-1.0,3.432,4.3,4901
2016-03-31 21:50:00,0.0,0.0,0.0,1113782.0,62.9,59.9,60.0,0.0,43261.0,540.0,96899.0,1070507.0,0.0,1.0,0.0,0.0,0.0,277.1,276.5,277.9,0.772,275.0,0.531,275.0,0.842,276.0,0.004,13.62,2.0,3.0,0.0,21.94,0.0,21.45,5.237,0.0,-0.013,-0.01,-0.01,-0.324,-0.152,0.2269999999999999,0.0,25.19,19.97,19.97,19.11,19.56,19.56,19.45,-49.27,19.63,19.54,0.023,0.004,0.005,0.0069999999999999,0.008,0.012,0.01,0.01,12114.0,16815.0,16717.0,17050.0,14419.0,14445.0,11703.0,0.0,0.0,0.0,0.0,0.0,0.0,0.0,0.0,4.239,0.0,60.22,0.0,0.0,0.0,0.0,16.0,0.0,0.0,0.0,0.0,0.0,21.2,21.03,0.0,19.76,197.6,13.14,2.0,3.474,-1.0,3.297,4.5,4901
2016-03-31 21:51:00,0.0,0.0,0.0,1113782.0,62.9,59.9,60.0,0.0,43261.0,540.0,96899.0,1070507.0,0.0,1.0,0.0,0.0,0.0,277.1,276.5,277.9,0.772,275.0,0.531,275.0,0.842,276.0,0.004,13.62,2.0,3.0,0.0,21.94,0.0,21.45,5.346,0.0,-0.0139999999999999,-0.011,-0.01,-0.324,-0.152,0.2269999999999999,0.0,25.19,19.91,19.91,19.05,19.52,19.5,19.38,-96.8,19.53,19.46,0.024,0.003,0.004,0.006,0.0069999999999999,0.013,0.01,0.01,12114.0,16815.0,16717.0,17050.0,14419.0,14445.0,11703.0,0.0,0.0,0.0,0.0,0.0,0.0,0.0,0.0,4.431,0.0,60.2,0.0,0.0,0.0,0.0,16.0,0.0,0.0,0.0,0.0,0.0,21.2,20.99,0.0,19.69,193.8,17.5,2.0,3.474,-1.0,2.817,4.5,4901
2016-03-31 21:52:00,0.0,0.0,0.0,1113782.0,62.9,59.9,60.0,0.0,43261.0,540.0,96899.0,1070507.0,0.0,1.0,0.0,0.0,0.0,277.0,276.4,277.8,0.772,275.0,0.531,275.0,0.842,276.0,0.004,13.62,2.0,3.0,0.0,21.94,0.0,21.31,5.398,0.0,-0.0139999999999999,-0.013,-0.01,-0.326,-0.152,0.2269999999999999,0.0,25.19,19.91,19.91,19.04,19.45,19.44,19.33,-96.8,19.53,19.43,0.025,0.004,0.005,0.0069999999999999,0.008,0.012,0.01,0.01,12114.0,16815.0,16717.0,17050.0,14419.0,14445.0,11703.0,0.0,0.0,0.0,0.0,0.0,0.0,0.0,0.0,4.525,0.0,60.14,0.0,0.0,0.0,0.0,16.0,0.0,0.0,0.0,0.0,0.0,21.19,21.01,0.0,19.68,174.9,16.35,2.0,3.475,-1.0,3.125,6.2,4901
2016-03-31 21:53:00,0.0,0.0,0.0,1113782.0,62.9,59.9,60.0,0.0,43261.0,540.0,96899.0,1070507.0,0.0,1.0,0.0,0.0,0.0,277.1,276.5,277.8,0.772,275.0,0.531,275.0,0.842,276.0,0.016,13.5,2.0,1.0,0.0,21.92,0.0,21.61,5.5920000000000005,0.0,-0.0139999999999999,-0.013,-0.01,-0.273,-0.152,0.226,0.0,25.18,19.89,19.89,19.03,19.44,19.44,19.35,-101.8,19.53,19.41,0.027,0.005,0.005,0.006,0.0069999999999999,0.011,0.01,0.011,12114.0,16815.0,16717.0,17050.0,14419.0,14445.0,11703.0,0.0,0.0,0.0,0.0,0.0,0.0,0.0,0.0,4.713,0.0,60.14,0.0,0.0,0.0,0.0,16.0,0.0,0.0,0.0,0.0,0.0,21.19,21.02,0.0,19.68,192.4,21.85,2.0,3.474,-1.0,4.587,7.9,4901
2016-03-31 21:54:00,0.0,0.0,0.0,1113782.0,62.9,59.9,60.0,0.0,43261.0,540.0,96899.0,1070507.0,0.0,1.0,0.0,0.0,0.0,277.0,276.6,278.0,0.772,275.0,0.531,275.0,0.842,276.2,-0.027,13.21,2.0,1.0,0.0,21.92,0.0,21.34,5.794,0.0,-0.013,-0.01,-0.01,-0.321,-0.152,0.231,0.003,25.18,19.91,19.93,19.05,19.53,19.52,19.41,-101.4,19.53,19.48,0.023,0.003,0.005,0.0069999999999999,0.008,0.012,0.01,0.01,12114.0,16815.0,16717.0,17050.0,14419.0,14445.0,11703.0,0.0,0.0,0.0,0.0,0.0,0.0,0.0,0.0,4.777,0.0,60.14,0.0,0.0,0.0,0.0,16.0,0.0,0.0,0.0,0.0,0.0,21.22,21.01,0.0,19.69,197.0,14.99,2.0,3.475,-1.0,3.268,4.7,4901
2016-03-31 21:55:00,0.0,0.0,0.0,1113782.0,62.9,59.9,60.0,0.0,43261.0,540.0,96899.0,1070507.0,0.0,1.0,0.0,0.0,0.0,276.7,276.6,278.0,0.772,275.0,0.531,275.0,0.842,276.2,0.02,13.51,2.0,3.0,0.0,21.92,0.0,21.37,5.854,0.0,-0.01,-0.01,-0.01,-0.326,-0.152,0.2269999999999999,0.001,25.11,19.91,19.91,19.05,19.45,19.5,19.38,-96.9,19.5,19.44,0.024,0.003,0.004,0.006,0.0069999999999999,0.012,0.01,0.009,12114.0,16815.0,16717.0,17050.0,14419.0,14445.0,11703.0,0.0,0.0,0.0,0.0,0.0,0.0,0.0,0.0,4.865,0.0,60.14,0.0,0.0,0.0,0.0,16.0,0.0,0.0,0.0,0.0,0.0,21.21,21.05,0.0,19.73,190.5,10.87,2.0,3.475,-1.0,3.763,5.6,4901
2016-03-31 21:56:00,0.0,0.0,0.0,1113782.0,62.9,59.9,60.0,0.0,43261.0,540.0,96899.0,1070507.0,0.0,1.0,0.0,0.0,0.0,276.8,276.4,277.8,0.772,275.0,0.531,275.0,0.842,276.0,0.005,13.62,2.0,3.0,0.0,21.92,0.0,21.65,5.912000000000001,0.0,-0.01,-0.01,-0.01,-0.321,-0.152,0.2269999999999999,0.0,25.1,19.91,19.91,19.05,19.47,19.49,19.4,-123.1,19.56,19.44,0.0289999999999999,0.004,0.005,0.006,0.0069999999999999,0.012,0.01,0.009,12114.0,16815.0,16717.0,17050.0,14419.0,14445.0,11703.0,0.0,0.0,0.0,0.0,0.0,0.0,0.0,0.0,4.961,0.0,60.13,0.0,0.0,0.0,0.0,16.0,0.0,0.0,0.0,0.0,0.0,21.2,21.06,0.0,19.74,181.2,27.97,2.0,3.474,-1.0,2.645,6.4,4901
2016-03-31 21:57:00,0.0,0.0,0.0,1113782.0,62.9,59.9,60.0,0.0,43261.0,540.0,96899.0,1070507.0,0.0,1.0,0.0,0.0,0.0,276.7,276.6,278.0,0.772,275.0,0.531,275.0,0.842,276.0,0.004,13.62,2.0,3.0,0.0,21.92,0.0,21.43,5.835,0.0,-0.011,-0.01,-0.01,-0.321,-0.152,0.2269999999999999,0.0,25.1,19.91,19.91,19.05,19.5,19.52,19.41,-123.0,19.55,19.44,0.031,0.004,0.005,0.006,0.0069999999999999,0.011,0.01,0.01,12114.0,16815.0,16717.0,17050.0,14419.0,14445.0,11703.0,0.0,0.0,0.0,0.0,0.0,0.0,0.0,0.0,4.836,0.0,60.19,0.0,0.0,0.0,0.0,16.0,0.0,0.0,0.0,0.0,0.0,21.23,20.99,0.0,19.7,191.0,12.53,2.0,3.475,-1.0,2.725,4.0,4901
2016-03-31 21:58:00,0.0,0.0,0.0,1113782.0,62.9,59.9,60.0,0.0,43261.0,540.0,96899.0,1070507.0,0.0,1.0,0.0,0.0,0.0,277.3,276.4,277.8,0.772,275.0,0.531,275.0,0.842,276.0,0.004,13.62,2.0,3.0,0.0,21.91,0.0,21.37,5.659,0.0,-0.013,-0.01,-0.01,-0.321,-0.152,0.2269999999999999,0.0,25.1,19.89,19.86,18.97,19.44,19.44,19.34,-97.1,19.48,19.39,0.02,0.003,0.004,0.006,0.008,0.012,0.01,0.009,12114.0,16815.0,16717.0,17050.0,14419.0,14445.0,11703.0,0.0,0.0,0.0,0.0,0.0,0.0,0.0,0.0,4.714,0.0,60.17,0.0,0.0,0.0,0.0,16.0,0.0,0.0,0.0,0.0,0.0,21.16,20.97,0.0,19.64,189.8,12.86,2.0,3.474,-1.0,3.152,4.9,4901
2016-03-31 21:59:00,0.0,0.0,0.0,1113782.0,62.9,59.9,60.0,0.0,43261.0,540.0,96899.0,1070507.0,0.0,1.0,0.0,0.0,0.0,277.2,276.6,278.0,0.772,275.0,0.531,275.0,0.842,276.7,0.004,13.62,2.0,3.0,0.0,21.91,0.0,21.38,5.489,0.0,-0.013,-0.01,-0.01,-0.33,-0.152,0.2269999999999999,0.0,25.1,19.81,19.81,18.96,19.44,19.44,19.31,-95.0,19.44,19.35,0.033,0.004,0.005,0.0069999999999999,0.0069999999999999,0.012,0.01,0.009,12114.0,16815.0,16717.0,17050.0,14419.0,14445.0,11703.0,0.0,0.0,0.0,0.0,0.0,0.0,0.0,0.0,4.517,0.0,60.15,0.0,0.0,0.0,0.0,16.0,0.0,0.0,0.0,0.0,0.0,21.15,20.97,0.0,19.64,193.0,22.91,2.0,3.474,-1.0,3.76,6.5,4901
2016-03-31 22:00:00,0.0,0.0,0.0,1113782.0,62.9,59.9,60.0,0.0,43261.0,540.0,96899.0,1070507.0,0.0,1.0,0.0,0.0,0.0,277.2,276.6,278.0,0.772,275.0,0.531,275.0,0.842,276.9,0.0,13.37,2.0,1.0,0.0,21.9,0.0,21.56,5.35,0.0,-0.013,-0.01,-0.01,-0.2689999999999999,-0.152,0.226,0.001,25.02,19.88,19.86,18.97,19.44,19.48,19.31,-123.1,19.45,19.44,0.02,0.004,0.004,0.006,0.0069999999999999,0.013,0.009,0.01,12114.0,16815.0,16717.0,17050.0,14419.0,14445.0,11703.0,0.0,0.0,0.0,0.0,0.0,0.0,0.0,0.0,4.442,0.0,60.14,0.0,0.0,0.0,0.0,16.0,0.0,0.0,0.0,0.0,0.0,21.17,20.98,0.0,19.66,194.1,14.32,2.0,3.474,-1.0,3.395,5.0,4901
2016-03-31 22:01:00,0.0,0.0,0.0,1113782.0,62.9,59.9,60.0,0.0,43261.0,540.0,96899.0,1070507.0,0.0,1.0,0.0,0.0,0.0,277.2,276.6,278.0,0.772,275.0,0.531,275.0,0.842,276.9,0.0069999999999999,13.62,2.0,3.0,0.0,21.89,0.0,21.39,5.334,0.0,-0.013,-0.01,-0.01,-0.3489999999999999,-0.152,0.2269999999999999,0.001,25.0,19.81,19.81,18.96,19.44,19.44,19.31,-123.2,19.46,19.35,0.0289999999999999,0.004,0.005,0.006,0.008,0.012,0.01,0.009,12114.0,16815.0,16717.0,17050.0,14419.0,14445.0,11703.0,0.0,0.0,0.0,0.0,0.0,0.0,0.0,0.0,4.304,0.0,60.14,0.0,0.0,0.0,0.0,16.0,0.0,0.0,0.0,0.0,0.0,21.09,20.94,0.0,19.61,185.7,12.57,2.0,3.474,-1.0,3.043,4.6,4901
2016-03-31 22:02:00,0.0,0.0,0.0,1113782.0,62.9,59.9,60.0,0.0,43261.0,540.0,96899.0,1070507.0,0.0,1.0,0.0,0.0,0.0,277.4,276.6,278.1,0.772,275.0,0.531,275.0,0.842,277.0,0.004,13.62,2.0,3.0,0.0,21.89,0.0,21.4,5.255,0.0,-0.0149999999999999,-0.011,-0.01,-0.319,-0.152,0.2269999999999999,0.0,25.0,19.78,19.75,18.89,19.35,19.37,19.23,-123.5,19.4,19.35,0.0289999999999999,0.005,0.005,0.006,0.008,0.012,0.01,0.009,12114.0,16815.0,16717.0,17050.0,14419.0,14445.0,11703.0,0.0,0.0,0.0,0.0,0.0,0.0,0.0,0.0,4.184,0.0,60.15,0.0,0.0,0.0,0.0,16.0,0.0,0.0,0.0,0.0,0.0,21.06,20.84,0.0,19.54,195.8,18.9,2.0,3.475,-1.0,2.857,4.4,4901
2016-03-31 22:03:00,0.0,0.0,0.0,1113782.0,62.9,59.9,60.0,0.0,43261.0,540.0,96899.0,1070507.0,0.0,1.0,0.0,0.0,0.0,277.4,276.7,278.2,0.772,275.6,0.531,275.0,0.842,277.0,0.004,13.62,2.0,3.0,0.0,21.89,0.0,21.38,5.26,0.0,-0.017,-0.013,-0.01,-0.319,-0.152,0.2269999999999999,0.0,25.0,19.72,19.72,18.86,19.26,19.28,19.18,-123.7,19.3,19.28,0.025,0.004,0.005,0.006,0.0069999999999999,0.012,0.01,0.01,12114.0,16815.0,16717.0,17050.0,14419.0,14445.0,11703.0,0.0,0.0,0.0,0.0,0.0,0.0,0.0,0.0,4.178,0.0,60.15,0.0,0.0,0.0,0.0,16.0,0.0,0.0,0.0,0.0,0.0,20.98,20.84,0.0,19.49,196.3,16.0,2.0,3.474,-1.0,2.612,5.1,4901
2016-03-31 22:04:00,0.0,0.0,0.0,1113782.0,62.9,59.9,60.0,0.0,43261.0,540.0,96899.0,1070507.0,0.0,1.0,0.0,0.0,0.0,277.2,276.9,278.3,0.772,275.9,0.531,275.0,0.842,277.0,0.004,13.62,2.0,3.0,0.0,21.89,0.0,21.39,5.221,0.0,-0.017,-0.013,-0.01,-0.309,-0.152,0.2269999999999999,0.0,24.98,19.7,19.72,18.86,19.24,19.24,19.11,-101.8,19.24,19.25,0.022,0.004,0.005,0.006,0.0069999999999999,0.012,0.01,0.01,12114.0,16815.0,16717.0,17050.0,14419.0,14445.0,11703.0,0.0,0.0,0.0,0.0,0.0,0.0,0.0,0.0,4.178,0.0,60.15,0.0,0.0,0.0,0.0,16.0,0.0,0.0,0.0,0.0,0.0,21.03,20.93,0.0,19.47,184.4,13.51,2.0,3.474,-1.0,3.37,4.7,4901
2016-03-31 22:05:00,0.0,0.0,0.0,1113782.0,62.9,59.9,60.0,0.0,43261.0,540.0,96899.0,1070507.0,0.0,1.0,0.0,0.0,0.0,277.5,277.0,278.4,0.772,276.0,0.531,275.1,0.842,277.0,0.0069999999999999,13.62,2.0,3.0,0.0,21.89,0.0,21.41,5.263,0.0,-0.017,-0.013,-0.01,-0.2999999999999999,-0.152,0.2269999999999999,0.0,24.9,19.69,19.72,18.81,19.24,19.24,19.11,-101.8,19.31,19.25,0.025,0.004,0.005,0.006,0.0069999999999999,0.012,0.01,0.01,12114.0,16815.0,16717.0,17050.0,14419.0,14445.0,11703.0,0.0,0.0,0.0,0.0,0.0,0.0,0.0,0.0,4.178,0.0,60.15,0.0,0.0,0.0,0.0,16.0,0.0,0.0,0.0,0.0,0.0,21.02,20.92,0.0,19.52,189.6,17.32,2.0,3.474,-1.0,4.125,6.6,4901
2016-03-31 22:06:00,0.0,0.0,0.0,1113782.0,62.9,59.9,60.0,0.0,43261.0,540.0,96899.0,1070507.0,0.0,1.0,0.0,0.0,0.0,276.4,275.9,277.4,0.772,274.7,0.531,274.3,0.842,275.7,-0.001,13.3,2.0,1.0,0.0,21.88,0.0,21.36,5.236000000000001,0.0,-0.017,-0.013,-0.01,-0.319,-0.152,0.228,0.001,24.9,19.72,19.72,18.86,19.28,19.24,19.21,-123.1,19.36,19.27,0.024,0.004,0.004,0.006,0.0069999999999999,0.012,0.01,0.01,12114.0,16815.0,16717.0,17050.0,14419.0,14445.0,11703.0,0.0,0.0,0.0,0.0,0.0,0.0,0.0,0.0,4.178,0.0,60.15,0.0,0.0,0.0,0.0,16.0,0.0,0.0,0.0,0.0,0.0,21.07,20.88,0.0,19.51,180.0,22.98,2.0,3.475,-1.0,3.228,5.7,4901
2016-03-31 22:07:00,0.0,0.0,0.0,1113782.0,62.9,59.9,60.0,0.0,43261.0,540.0,96899.0,1070507.0,0.0,1.0,0.0,0.0,0.0,275.8,275.4,276.9,0.772,274.0,0.531,274.0,0.842,275.1,0.006,13.62,2.0,3.0,0.0,21.86,0.0,21.69,5.25,0.0,-0.0149999999999999,-0.012,-0.01,-0.33,-0.152,0.2269999999999999,0.001,24.9,19.78,19.78,18.86,19.31,19.33,19.21,-123.0,19.34,19.3,0.024,0.004,0.005,0.006,0.0069999999999999,0.012,0.011,0.01,12114.0,16815.0,16717.0,17050.0,14419.0,14445.0,11703.0,0.0,0.0,0.0,0.0,0.0,0.0,0.0,0.0,4.21,0.0,60.14,0.0,0.0,0.0,0.0,16.0,0.0,0.0,0.0,0.0,0.0,21.08,20.95,0.0,19.59,188.0,17.41,2.0,3.473,-1.0,4.2780000000000005,7.2,4901
2016-03-31 22:08:00,0.0,0.0,0.0,1113782.0,62.9,59.9,60.0,0.0,43261.0,540.0,96899.0,1070507.0,0.0,1.0,0.0,0.0,0.0,276.0,275.3,276.8,0.772,274.0,0.531,274.0,0.842,275.0,0.004,13.62,2.0,3.0,0.0,21.86,0.0,21.34,5.33,0.0,-0.013,-0.01,-0.01,-0.3279999999999999,-0.152,0.2269999999999999,0.0,24.9,19.81,19.81,18.86,19.34,19.34,19.21,-123.4,19.36,19.27,0.024,0.004,0.004,0.006,0.0069999999999999,0.012,0.01,0.01,12114.0,16815.0,16717.0,17050.0,14419.0,14445.0,11703.0,0.0,0.0,0.0,0.0,0.0,0.0,0.0,0.0,4.388,0.0,60.14,0.0,0.0,0.0,0.0,16.0,0.0,0.0,0.0,0.0,0.0,21.05,20.94,0.0,19.6,188.1,12.98,2.0,3.473,-1.0,4.077,6.0,4901
2016-03-31 22:09:00,0.0,0.0,0.0,1113782.0,62.9,59.9,60.0,0.0,43261.0,540.0,96899.0,1070507.0,0.0,1.0,0.0,0.0,0.0,276.1,275.4,276.9,0.772,274.0,0.531,274.0,0.842,275.4,0.004,13.62,2.0,3.0,0.0,21.86,0.0,21.31,5.404,0.0,-0.013,-0.01,-0.01,-0.347,-0.152,0.2269999999999999,0.0,24.89,19.8,19.81,18.86,19.34,19.34,19.28,-123.3,19.39,19.25,0.018,0.004,0.004,0.006,0.0069999999999999,0.012,0.01,0.01,12114.0,16815.0,16717.0,17050.0,14419.0,14445.0,11703.0,0.0,0.0,0.0,0.0,0.0,0.0,0.0,0.0,4.447,0.0,60.15,0.0,0.0,0.0,0.0,16.0,0.0,0.0,0.0,0.0,0.0,21.04,20.92,0.0,19.58,189.9,12.43,2.0,3.474,-1.0,3.097,5.9,4901
2016-03-31 22:10:00,0.0,0.0,0.0,1113782.0,62.9,59.9,60.0,0.0,43261.0,540.0,96899.0,1070507.0,0.0,1.0,0.0,0.0,0.0,276.1,275.3,276.8,0.772,274.0,0.531,274.0,0.842,275.0,0.004,13.62,2.0,3.0,0.0,21.86,0.0,21.38,5.347,0.0,-0.013,-0.01,-0.01,-0.324,-0.152,0.2269999999999999,0.0,24.81,19.73,19.72,18.86,19.24,19.24,19.23,-122.8,19.36,19.24,0.025,0.004,0.004,0.006,0.0069999999999999,0.012,0.01,0.01,12114.0,16815.0,16717.0,17050.0,14419.0,14445.0,11703.0,0.0,0.0,0.0,0.0,0.0,0.0,0.0,0.0,4.447,0.0,60.14,0.0,0.0,0.0,0.0,16.0,0.0,0.0,0.0,0.0,0.0,21.0,20.86,0.0,19.55,190.0,16.52,2.0,3.474,-1.0,2.3,5.2,4901
2016-03-31 22:11:00,0.0,0.0,0.0,1113782.0,62.9,59.9,60.0,0.0,43261.0,540.0,96899.0,1070507.0,0.0,1.0,0.0,0.0,0.0,275.8,275.5,276.9,0.772,274.0,0.531,274.0,0.842,275.0,0.005,13.62,2.0,3.0,0.0,21.84,0.0,21.31,5.37,0.0,-0.016,-0.012,-0.01,-0.309,-0.152,0.2269999999999999,0.0,24.81,19.7,19.65,18.8,19.21,19.24,19.15,-123.4,19.26,19.16,0.0279999999999999,0.004,0.004,0.006,0.008,0.013,0.01,0.009,12114.0,16815.0,16717.0,17050.0,14419.0,14445.0,11703.0,0.0,0.0,0.0,0.0,0.0,0.0,0.0,0.0,4.447,0.0,60.13,0.0,0.0,0.0,0.0,16.0,0.0,0.0,0.0,0.0,0.0,20.95,20.72,0.0,19.48,183.8,23.71,2.0,3.474,-1.0,2.192,3.7,4901
2016-03-31 22:12:00,0.0,0.0,0.0,1113782.0,62.9,59.9,60.0,0.0,43261.0,540.0,96899.0,1070507.0,0.0,1.0,0.0,0.0,0.0,275.9,275.4,276.8,0.772,274.0,0.531,274.0,0.842,275.0,-0.047,13.2,2.0,1.0,0.0,21.84,0.0,21.35,5.359,0.0,-0.017,-0.013,-0.01,-0.321,-0.152,0.23,0.003,24.79,19.7,19.64,18.75,19.15,19.15,19.05,-101.8,19.3,19.16,0.025,0.004,0.005,0.006,0.006,0.012,0.011,0.01,12114.0,16815.0,16717.0,17050.0,14419.0,14445.0,11703.0,0.0,0.0,0.0,0.0,0.0,0.0,0.0,0.0,4.447,0.0,60.14,0.0,0.0,0.0,0.0,16.0,0.0,0.0,0.0,0.0,0.0,20.95,20.8,0.0,19.49,186.1,13.58,2.0,3.474,-1.0,4.112,5.6,4901
2016-03-31 22:13:00,0.0,0.0,0.0,1113782.0,62.9,59.9,60.0,0.0,43261.0,540.0,96899.0,1070507.0,0.0,1.0,0.0,0.0,0.0,275.6,275.2,276.6,0.772,274.0,0.531,274.0,0.842,275.0,0.052,13.55,2.0,3.0,0.0,21.84,0.0,21.36,5.37,0.0,-0.017,-0.013,-0.01,-0.336,-0.152,0.2269999999999999,0.001,24.78,19.65,19.62,18.71,19.16,19.16,19.05,-122.9,19.18,19.14,0.027,0.004,0.005,0.006,0.0069999999999999,0.012,0.009,0.01,12114.0,16815.0,16717.0,17050.0,14419.0,14445.0,11703.0,0.0,0.0,0.0,0.0,0.0,0.0,0.0,0.0,4.44,0.0,60.14,0.0,0.0,0.0,0.0,16.0,0.0,0.0,0.0,0.0,0.0,20.91,20.74,0.0,19.44,193.3,11.43,2.0,3.474,-1.0,2.767,4.1,4901
2016-03-31 22:14:00,0.0,0.0,0.0,1113782.0,62.9,59.9,60.0,0.0,43261.0,540.0,96899.0,1070507.0,0.0,1.0,0.0,0.0,0.0,275.8,275.2,276.6,0.772,274.0,0.531,274.0,0.842,275.0,0.005,13.62,2.0,3.0,0.0,21.84,0.0,21.24,5.34,0.0,-0.017,-0.013,-0.01,-0.335,-0.1489999999999999,0.2269999999999999,0.001,24.73,19.62,19.62,18.67,19.15,19.15,19.05,-123.5,19.15,19.06,0.031,0.004,0.005,0.006,0.008,0.013,0.009,0.009,12114.0,16815.0,16717.0,17050.0,14419.0,14445.0,11703.0,0.0,0.0,0.0,0.0,0.0,0.0,0.0,0.0,4.419,0.0,60.18,0.0,0.0,0.0,0.0,16.0,0.0,0.0,0.0,0.0,0.0,20.9,20.77,0.0,19.45,182.3,15.8,2.0,3.474,-1.0,2.687,4.7,4901
2016-03-31 22:15:00,0.0,0.0,0.0,1113782.0,62.9,59.9,60.0,0.0,43261.0,540.0,96899.0,1070507.0,0.0,1.0,0.0,0.0,0.0,276.2,275.2,276.6,0.772,274.0,0.531,274.0,0.842,275.0,0.004,13.62,2.0,3.0,0.0,21.84,0.0,21.46,5.404,0.0,-0.017,-0.013,-0.01,-0.342,-0.148,0.2269999999999999,0.0,24.71,19.62,19.62,18.67,19.13,19.13,19.02,-123.0,19.21,19.06,0.019,0.003,0.005,0.006,0.0069999999999999,0.012,0.01,0.01,12114.0,16815.0,16717.0,17050.0,14419.0,14445.0,11703.0,0.0,0.0,0.0,0.0,0.0,0.0,0.0,0.0,4.447,0.0,60.17,0.0,0.0,0.0,0.0,16.0,0.0,0.0,0.0,0.0,0.0,20.88,20.72,0.0,19.4,187.2,10.91,2.0,3.474,-1.0,3.402,4.5,4901
2016-03-31 22:16:00,0.0,0.0,0.0,1113782.0,62.9,59.9,60.0,0.0,43261.0,540.0,96899.0,1070507.0,0.0,1.0,0.0,0.0,0.0,275.9,275.3,276.6,0.772,274.0,0.531,274.0,0.842,275.0,0.004,13.62,2.0,3.0,0.0,21.82,0.0,21.53,5.464,0.0,-0.017,-0.013,-0.01,-0.324,-0.148,0.2269999999999999,0.0,24.71,19.6,19.62,18.67,19.13,19.13,19.03,-123.6,19.25,19.06,0.025,0.004,0.004,0.006,0.006,0.012,0.009,0.009,12114.0,16815.0,16717.0,17050.0,14419.0,14445.0,11703.0,0.0,0.0,0.0,0.0,0.0,0.0,0.0,0.0,4.447,0.0,60.2,0.0,0.0,0.0,0.0,16.0,0.0,0.0,0.0,0.0,0.0,20.91,20.75,0.0,19.4,183.7,23.4,2.0,3.474,-1.0,3.362,5.4,4901
2016-03-31 22:17:00,0.0,0.0,0.0,1113782.0,62.9,59.9,60.0,0.0,43261.0,540.0,96899.0,1070507.0,0.0,1.0,0.0,0.0,0.0,275.9,275.3,276.6,0.772,274.0,0.531,274.0,0.842,275.0,0.004,13.62,2.0,3.0,0.0,21.81,0.0,21.47,5.453,0.0,-0.017,-0.013,-0.01,-0.3289999999999999,-0.1489999999999999,0.2269999999999999,0.0,24.71,19.62,19.62,18.67,19.15,19.15,19.05,-123.8,19.23,19.07,0.0289999999999999,0.004,0.005,0.0069999999999999,0.0069999999999999,0.012,0.01,0.009,12114.0,16815.0,16717.0,17050.0,14419.0,14445.0,11703.0,0.0,0.0,0.0,0.0,0.0,0.0,0.0,0.0,4.367,0.0,60.17,0.0,0.0,0.0,0.0,16.0,0.0,0.0,0.0,0.0,0.0,20.91,20.79,0.0,19.41,193.8,12.4,2.0,3.474,-1.0,3.61,5.3,4901
2016-03-31 22:18:00,0.0,0.0,0.0,1113782.0,62.9,59.9,60.0,0.0,43261.0,540.0,96899.0,1070507.0,0.0,1.0,0.0,0.0,0.0,276.1,275.4,276.7,0.772,274.0,0.531,274.0,0.842,275.0,-0.0429999999999999,13.27,2.0,1.0,0.0,21.81,0.0,21.35,5.197,0.0,-0.017,-0.013,-0.01,-0.272,-0.1489999999999999,0.228,0.001,24.71,19.62,19.62,18.67,19.13,19.12,19.05,-123.9,19.16,19.06,0.024,0.004,0.004,0.006,0.0069999999999999,0.013,0.01,0.009,12114.0,16815.0,16717.0,17050.0,14419.0,14445.0,11703.0,0.0,0.0,0.0,0.0,0.0,0.0,0.0,0.0,4.042,0.0,60.22,0.0,0.0,0.0,0.0,16.0,0.0,0.0,0.0,0.0,0.0,20.9,20.84,0.0,19.44,191.6,11.32,2.0,3.474,-1.0,4.2,6.3,4901
2016-03-31 22:19:00,0.0,0.0,0.0,1113782.0,62.9,59.9,60.0,0.0,43261.0,540.0,96899.0,1070507.0,0.0,1.0,0.0,0.0,0.0,276.2,275.6,276.9,0.772,274.0,0.531,274.0,0.842,275.1,0.052,13.61,2.0,3.0,0.0,21.81,0.0,21.44,5.037,0.0,-0.0149999999999999,-0.011,-0.01,-0.332,-0.1499999999999999,0.2269999999999999,0.001,24.71,19.64,19.62,18.67,19.15,19.15,19.01,-123.7,19.16,19.06,0.032,0.004,0.004,0.0069999999999999,0.0069999999999999,0.012,0.01,0.01,12114.0,16815.0,16717.0,17050.0,14419.0,14445.0,11703.0,0.0,0.0,0.0,0.0,0.0,0.0,0.0,0.0,3.924,0.0,60.19,0.0,0.0,0.0,0.0,16.0,0.0,0.0,0.0,0.0,0.0,20.89,20.82,0.0,19.46,193.1,14.21,2.0,3.474,-1.0,3.638,5.0,4901
2016-03-31 22:20:00,0.0,0.0,0.0,1113782.0,62.9,59.9,60.0,0.0,43261.0,540.0,96899.0,1070507.0,0.0,1.0,0.0,0.0,0.0,276.2,275.4,276.8,0.772,274.0,0.531,274.0,0.842,275.0,0.005,13.62,2.0,3.0,0.0,21.79,0.0,21.29,5.047,0.0,-0.0149999999999999,-0.01,-0.01,-0.315,-0.1499999999999999,0.2269999999999999,0.0,24.65,19.62,19.62,18.67,19.13,19.15,18.98,-123.6,19.2,19.06,0.025,0.004,0.005,0.0069999999999999,0.0069999999999999,0.013,0.009,0.009,12114.0,16815.0,16717.0,17050.0,14419.0,14445.0,11703.0,0.0,0.0,0.0,0.0,0.0,0.0,0.0,0.0,3.908,0.0,60.14,0.0,0.0,0.0,0.0,16.0,0.0,0.0,0.0,0.0,0.0,20.89,20.79,0.0,19.45,193.9,14.94,2.0,3.474,-1.0,3.945,6.7,4901
2016-03-31 22:21:00,0.0,0.0,0.0,1113782.0,62.9,59.9,60.0,0.0,43261.0,540.0,96899.0,1070507.0,0.0,1.0,0.0,0.0,0.0,275.6,275.5,276.9,0.772,274.0,0.531,274.0,0.842,275.0,0.004,13.62,2.0,3.0,0.0,21.78,0.0,21.4,4.8660000000000005,0.0,-0.016,-0.011,-0.01,-0.337,-0.151,0.2269999999999999,0.0,24.62,19.59,19.6,18.67,19.13,19.17,18.96,-123.8,19.15,19.06,0.0289999999999999,0.004,0.005,0.006,0.0069999999999999,0.013,0.01,0.01,12114.0,16815.0,16717.0,17050.0,14419.0,14445.0,11703.0,0.0,0.0,0.0,0.0,0.0,0.0,0.0,0.0,3.814,0.0,60.15,0.0,0.0,0.0,0.0,16.0,0.0,0.0,0.0,0.0,0.0,20.88,20.73,0.0,19.4,194.1,26.14,2.0,3.474,-1.0,2.725,4.6,4901
2016-03-31 22:22:00,0.0,0.0,0.0,1113782.0,62.9,59.9,60.0,0.0,43261.0,540.0,96899.0,1070507.0,0.0,1.0,0.0,0.0,0.0,276.1,275.2,276.6,0.772,274.0,0.531,274.0,0.842,275.0,0.004,13.62,2.0,3.0,0.0,21.78,0.0,21.33,4.76,0.0,-0.017,-0.013,-0.01,-0.3539999999999999,-0.151,0.2269999999999999,0.0,24.62,19.49,19.49,18.64,19.05,19.1,18.93,-123.4,19.16,19.03,0.02,0.003,0.004,0.006,0.0069999999999999,0.013,0.01,0.009,12114.0,16815.0,16717.0,17050.0,14419.0,14445.0,11703.0,0.0,0.0,0.0,0.0,0.0,0.0,0.0,0.0,3.641,0.0,60.15,0.0,0.0,0.0,0.0,16.0,0.0,0.0,0.0,0.0,0.0,20.89,20.66,0.0,19.3,200.1,19.29,2.0,3.474,-1.0,3.533,5.7,4901
2016-03-31 22:23:00,0.0,0.0,0.0,1113782.0,62.9,59.9,60.0,0.0,43261.0,540.0,96899.0,1070507.0,0.0,1.0,0.0,0.0,0.0,276.0,275.6,276.8,0.772,274.0,0.531,274.0,0.842,275.0,0.004,13.62,2.0,3.0,0.0,21.78,0.0,21.69,4.753,0.0,-0.017,-0.013,-0.01,-0.3329999999999999,-0.151,0.2269999999999999,0.0,24.62,19.43,19.43,18.57,18.97,19.03,18.88,-124.0,19.05,18.96,0.0279999999999999,0.004,0.004,0.006,0.008,0.012,0.009,0.01,12114.0,16815.0,16717.0,17050.0,14419.0,14445.0,11703.0,0.0,0.0,0.0,0.0,0.0,0.0,0.0,0.0,3.639,0.0,60.13,0.0,0.0,0.0,0.0,16.0,0.0,0.0,0.0,0.0,0.0,20.91,20.7,0.0,19.24,192.9,18.74,2.0,3.474,-1.0,2.672,3.9,4901
2016-03-31 22:24:00,0.0,0.0,0.0,1113782.0,62.9,59.9,60.0,0.0,43261.0,540.0,96899.0,1070507.0,0.0,1.0,0.0,0.0,0.0,276.0,275.7,277.0,0.772,274.0,0.531,274.0,0.842,275.0,-0.095,13.22,2.0,1.0,0.0,21.77,0.0,21.41,4.763999999999999,0.0,-0.017,-0.013,-0.01,-0.337,-0.151,0.228,0.002,24.52,19.43,19.43,18.51,18.96,19.05,18.83,-123.8,19.05,18.96,0.024,0.005,0.005,0.006,0.008,0.013,0.01,0.009,12114.0,16815.0,16717.0,17050.0,14419.0,14445.0,11703.0,0.0,0.0,0.0,0.0,0.0,0.0,0.0,0.0,3.639,0.0,60.19,0.0,0.0,0.0,0.0,16.0,0.0,0.0,0.0,0.0,0.0,20.88,20.72,0.0,19.23,201.3,15.09,2.0,3.475,-1.0,3.588,5.4,4901
2016-03-31 22:25:00,0.0,0.0,0.0,1113782.0,62.9,59.9,60.0,0.0,43261.0,540.0,96899.0,1070507.0,0.0,1.0,0.0,0.0,0.0,276.2,275.5,276.8,0.772,274.0,0.531,274.0,0.842,275.0,0.1019999999999999,13.41,2.0,3.0,0.0,21.75,0.0,21.36,4.788,0.0,-0.017,-0.013,-0.01,-0.3439999999999999,-0.151,0.2269999999999999,0.001,24.52,19.33,19.33,18.48,18.97,19.03,18.89,-123.7,18.97,18.96,0.0289999999999999,0.004,0.004,0.006,0.006,0.012,0.01,0.01,12114.0,16815.0,16717.0,17050.0,14419.0,14445.0,11703.0,0.0,0.0,0.0,0.0,0.0,0.0,0.0,0.0,3.639,0.0,60.17,0.0,0.0,0.0,0.0,16.0,0.0,0.0,0.0,0.0,0.0,20.9,20.68,0.0,19.17,201.2,20.25,2.0,3.475,-1.0,2.023,4.1,4901
2016-03-31 22:26:00,0.0,0.0,0.0,1113782.0,62.9,59.9,60.0,0.0,43261.0,540.0,96899.0,1070507.0,0.0,1.0,0.0,0.0,0.0,276.2,275.6,276.9,0.772,274.0,0.531,274.0,0.842,275.0,0.005,13.62,2.0,3.0,0.0,21.75,0.0,21.48,4.748,0.0,-0.017,-0.016,-0.01,-0.352,-0.151,0.2269999999999999,0.0,24.52,19.33,19.33,18.48,18.96,18.96,18.85,-123.2,19.04,18.87,0.0289999999999999,0.004,0.005,0.006,0.0069999999999999,0.013,0.01,0.01,12114.0,16815.0,16717.0,17050.0,14419.0,14445.0,11703.0,0.0,0.0,0.0,0.0,0.0,0.0,0.0,0.0,3.639,0.0,60.18,0.0,0.0,0.0,0.0,16.0,0.0,0.0,0.0,0.0,0.0,20.88,20.73,0.0,19.18,172.6,12.67,2.0,3.474,-1.0,3.093,5.0,4901
2016-03-31 22:27:00,0.0,0.0,0.0,1113782.0,62.9,59.9,60.0,0.0,43261.0,540.0,96899.0,1070507.0,0.0,1.0,0.0,0.0,0.0,276.3,275.6,276.9,0.772,274.1,0.531,274.0,0.842,275.3,0.004,13.62,2.0,3.0,0.0,21.73,0.0,21.38,4.747,0.0,-0.017,-0.016,-0.01,-0.3439999999999999,-0.152,0.2269999999999999,0.0,24.52,19.33,19.33,18.48,18.92,18.96,18.84,-124.2,18.98,18.87,0.024,0.004,0.004,0.005,0.0069999999999999,0.012,0.01,0.009,12114.0,16815.0,16717.0,17050.0,14419.0,14445.0,11703.0,0.0,0.0,0.0,0.0,0.0,0.0,0.0,0.0,3.639,0.0,60.22,0.0,0.0,0.0,0.0,16.0,0.0,0.0,0.0,0.0,0.0,20.85,20.73,0.0,19.13,207.0,11.97,2.0,3.475,-1.0,3.235,5.0,4901
2016-03-31 22:28:00,0.0,0.0,0.0,1113782.0,62.9,59.9,60.0,0.0,43261.0,540.0,96899.0,1070507.0,0.0,1.0,0.0,0.0,0.0,276.2,275.7,277.1,0.772,274.1,0.531,274.0,0.842,275.8,0.004,13.62,2.0,3.0,0.0,21.72,0.0,21.34,4.769,0.0,-0.017,-0.017,-0.01,-0.3549999999999999,-0.152,0.2269999999999999,0.0,24.52,19.28,19.33,18.39,18.86,18.89,18.79,-97.6,18.93,18.87,0.023,0.003,0.005,0.005,0.008,0.012,0.01,0.01,12114.0,16815.0,16717.0,17050.0,14419.0,14445.0,11703.0,0.0,0.0,0.0,0.0,0.0,0.0,0.0,0.0,3.639,0.0,60.21,0.0,0.0,0.0,0.0,16.0,0.0,0.0,0.0,0.0,0.0,20.86,20.73,0.0,19.12,193.2,11.56,2.0,3.474,-1.0,3.375,4.8,4901
2016-03-31 22:29:00,0.0,0.0,0.0,1113782.0,62.9,59.9,60.0,0.0,43261.0,540.0,96899.0,1070507.0,0.0,1.0,0.0,0.0,0.0,276.2,275.7,277.0,0.772,274.0,0.531,274.0,0.842,275.0,0.004,13.62,2.0,3.0,0.0,21.72,0.0,21.47,4.789,0.0,-0.017,-0.016,-0.01,-0.3379999999999999,-0.152,0.2269999999999999,0.0,24.52,19.28,19.3,18.38,18.86,18.86,18.72,-123.9,18.88,18.8,0.023,0.004,0.004,0.006,0.0069999999999999,0.012,0.009,0.009,12114.0,16815.0,16717.0,17050.0,14419.0,14445.0,11703.0,0.0,0.0,0.0,0.0,0.0,0.0,0.0,0.0,3.639,0.0,60.2,0.0,0.0,0.0,0.0,16.0,0.0,0.0,0.0,0.0,0.0,20.87,20.71,0.0,19.1,184.5,21.29,2.0,,-1.0,3.018,20.8,4901
2016-03-31 22:30:00,0.0,0.0,0.0,1113782.0,62.9,59.9,60.0,0.0,43261.0,540.0,96899.0,1070507.0,0.0,1.0,0.0,0.0,0.0,276.2,275.7,277.0,0.772,274.0,0.531,274.0,0.842,275.2,0.002,13.44,2.0,1.0,0.0,21.72,0.0,21.41,4.76,0.0,-0.017,-0.017,-0.01,-0.3039999999999999,-0.152,0.2269999999999999,0.001,24.49,19.24,19.24,18.35,18.83,18.86,18.67,-124.2,18.9,18.77,0.023,0.005,0.004,0.006,0.0069999999999999,0.012,0.009,0.009,12114.0,16815.0,16717.0,17050.0,14419.0,14445.0,11703.0,0.0,0.0,0.0,0.0,0.0,0.0,0.0,0.0,3.639,0.0,60.21,0.0,0.0,0.0,0.0,16.0,0.0,0.0,0.0,0.0,0.0,20.86,20.73,0.0,19.09,185.0,13.84,2.0,3.474,-1.0,2.7430000000000003,4.9,4901
2016-03-31 22:31:00,0.0,0.0,0.0,1113782.0,62.9,59.9,60.0,0.0,43261.0,540.0,96899.0,1070507.0,0.0,1.0,0.0,0.0,0.0,276.3,275.7,277.0,0.772,274.1,0.531,274.0,0.842,275.7,0.006,13.62,2.0,3.0,0.0,21.7,0.0,21.33,4.777,0.0,-0.017,-0.017,-0.01,-0.3339999999999999,-0.152,0.2269999999999999,0.0,24.44,19.29,19.3,18.32,18.76,18.85,18.65,-123.8,18.89,18.77,0.025,0.004,0.004,0.005,0.0069999999999999,0.012,0.01,0.009,12114.0,16815.0,16717.0,17050.0,14419.0,14445.0,11703.0,0.0,0.0,0.0,0.0,0.0,0.0,0.0,0.0,3.639,0.0,60.22,0.0,0.0,0.0,0.0,16.0,0.0,0.0,0.0,0.0,0.0,20.86,20.75,0.0,19.14,190.2,9.31,2.0,3.475,-1.0,3.072,4.8,4901
2016-03-31 22:32:00,0.0,0.0,0.0,1113782.0,62.9,59.9,60.0,0.0,43261.0,540.0,96899.0,1070507.0,0.0,1.0,0.0,0.0,0.0,276.2,275.7,277.0,0.772,274.0,0.531,274.0,0.842,275.2,0.004,13.62,2.0,3.0,0.0,21.7,0.0,21.4,4.752,0.0,-0.017,-0.017,-0.01,-0.342,-0.152,0.2269999999999999,0.0,24.44,19.3,19.3,18.33,18.76,18.84,18.69,-123.8,18.88,18.77,0.017,0.005,0.004,0.006,0.0069999999999999,0.011,0.009,0.009,12114.0,16815.0,16717.0,17050.0,14419.0,14445.0,11703.0,0.0,0.0,0.0,0.0,0.0,0.0,0.0,0.0,3.639,0.0,60.2,0.0,0.0,0.0,0.0,16.0,0.0,0.0,0.0,0.0,0.0,20.84,20.75,0.0,19.13,177.6,16.38,2.0,3.474,-1.0,2.905,4.8,4901
2016-03-31 22:33:00,0.0,0.0,0.0,1113782.0,62.9,59.9,60.0,0.0,43261.0,540.0,96899.0,1070507.0,0.0,1.0,0.0,0.0,0.0,276.1,275.8,277.1,0.772,274.0,0.531,274.0,0.842,275.3,0.004,13.62,2.0,3.0,0.0,21.69,0.0,21.43,4.734,0.0,-0.017,-0.017,-0.01,-0.3589999999999999,-0.152,0.2269999999999999,0.0,24.44,19.3,19.33,18.3,18.76,18.8,18.69,-123.6,18.89,18.77,0.027,0.004,0.004,0.006,0.0069999999999999,0.013,0.01,0.009,12114.0,16815.0,16717.0,17050.0,14419.0,14445.0,11703.0,0.0,0.0,0.0,0.0,0.0,0.0,0.0,0.0,3.638,0.0,60.23,0.0,0.0,0.0,0.0,16.0,0.0,0.0,0.0,0.0,0.0,20.85,20.75,0.0,19.15,191.8,27.31,2.0,,-1.0,3.85,20.8,4901
2016-03-31 22:34:00,0.0,0.0,0.0,1113782.0,62.9,59.9,60.0,0.0,43261.0,540.0,96899.0,1070507.0,0.0,1.0,0.0,0.0,0.0,276.1,275.9,277.1,0.772,274.0,0.531,274.0,0.842,275.7,0.004,13.62,2.0,3.0,0.0,21.67,0.0,21.39,4.728,0.0,-0.017,-0.016,-0.01,-0.336,-0.152,0.2269999999999999,0.0,24.46,19.33,19.33,18.36,18.81,18.86,18.72,-124.6,18.98,18.82,0.022,0.004,0.005,0.006,0.008,0.012,0.011,0.009,12114.0,16815.0,16717.0,17050.0,14419.0,14445.0,11703.0,0.0,0.0,0.0,0.0,0.0,0.0,0.0,0.0,3.53,0.0,60.22,0.0,0.0,0.0,0.0,16.0,0.0,0.0,0.0,0.0,0.0,20.9,20.76,0.0,19.16,188.1,16.04,2.0,3.474,-1.0,3.067,4.8,4901
2016-03-31 22:35:00,0.0,0.0,0.0,1113782.0,62.9,59.9,60.0,0.0,43261.0,540.0,96899.0,1070507.0,0.0,1.0,0.0,0.0,0.0,276.3,275.8,277.0,0.772,274.1,0.531,274.0,0.842,275.5,0.006,13.62,2.0,3.0,0.0,21.67,0.0,21.41,4.643,0.0,-0.017,-0.016,-0.01,-0.311,-0.152,0.2269999999999999,0.0,24.4,19.32,19.33,18.33,18.76,18.86,18.72,-97.9,18.89,18.77,0.023,0.004,0.004,0.006,0.006,0.012,0.01,0.01,12114.0,16815.0,16717.0,17050.0,14419.0,14445.0,11703.0,0.0,0.0,0.0,0.0,0.0,0.0,0.0,0.0,3.4330000000000003,0.0,60.18,0.0,0.0,0.0,0.0,16.0,0.0,0.0,0.0,0.0,0.0,20.86,20.72,0.0,19.14,182.7,27.54,2.0,3.474,-1.0,2.823,5.3,4901
2016-03-31 22:36:00,0.0,0.0,0.0,1113782.0,62.9,59.9,60.0,0.0,43261.0,540.0,96899.0,1070507.0,0.0,1.0,0.0,0.0,0.0,276.4,275.8,277.0,0.772,274.5,0.531,274.0,0.842,275.6,-0.01,13.23,2.0,1.0,0.0,21.67,0.0,21.43,4.666,0.0,-0.017,-0.017,-0.01,-0.3379999999999999,-0.152,0.2289999999999999,0.002,24.36,19.25,19.28,18.28,18.76,18.85,18.72,-124.1,18.96,18.77,0.0149999999999999,0.004,0.005,0.006,0.008,0.012,0.009,0.01,12114.0,16815.0,16717.0,17050.0,14419.0,14445.0,11703.0,0.0,0.0,0.0,0.0,0.0,0.0,0.0,0.0,3.36,0.0,60.17,0.0,0.0,0.0,0.0,16.0,0.0,0.0,0.0,0.0,0.0,20.84,20.71,0.0,19.17,177.5,19.1,2.0,3.475,-1.0,2.983,5.5,4901
2016-03-31 22:37:00,0.0,0.0,0.0,1113782.0,62.9,59.9,60.0,0.0,43261.0,540.0,96899.0,1070507.0,0.0,1.0,0.0,0.0,0.0,276.3,275.9,277.2,0.772,275.0,0.531,274.0,0.842,276.0,0.0139999999999999,13.54,2.0,3.0,0.0,21.65,0.0,21.33,4.6160000000000005,0.0,-0.017,-0.017,-0.01,-0.332,-0.152,0.2269999999999999,0.001,24.38,19.33,19.33,18.32,18.76,18.8,18.74,-123.8,18.97,18.77,0.019,0.003,0.006,0.006,0.0069999999999999,0.012,0.009,0.009,12114.0,16815.0,16717.0,17050.0,14419.0,14445.0,11703.0,0.0,0.0,0.0,0.0,0.0,0.0,0.0,0.0,3.249,0.0,60.21,0.0,0.0,0.0,0.0,16.0,0.0,0.0,0.0,0.0,0.0,20.82,20.78,0.0,19.18,180.3,10.36,2.0,3.474,-1.0,3.457,4.7,4901
2016-03-31 22:38:00,0.0,0.0,0.0,1113782.0,62.9,59.9,60.0,0.0,43261.0,540.0,96899.0,1070507.0,0.0,1.0,0.0,0.0,0.0,276.3,276.0,277.2,0.772,274.9,0.531,274.0,0.842,276.0,0.005,13.62,2.0,3.0,0.0,21.64,0.0,21.32,4.4910000000000005,0.0,-0.017,-0.017,-0.01,-0.3679999999999999,-0.152,0.2269999999999999,0.0,24.36,19.33,19.33,18.32,18.75,18.76,18.72,-124.0,18.99,18.77,0.025,0.004,0.005,0.006,0.0069999999999999,0.013,0.009,0.009,12114.0,16815.0,16717.0,17050.0,14419.0,14445.0,11703.0,0.0,0.0,0.0,0.0,0.0,0.0,0.0,0.0,3.235,0.0,60.22,0.0,0.0,0.0,0.0,16.0,0.0,0.0,0.0,0.0,0.0,20.82,20.77,0.0,19.2,178.3,12.01,2.0,3.474,-1.0,3.333,5.3,4901
2016-03-31 22:39:00,0.0,0.0,0.0,1113782.0,62.9,59.9,60.0,0.0,43261.0,540.0,96899.0,1070507.0,0.0,1.0,0.0,0.0,0.0,276.5,276.2,277.4,0.772,275.0,0.531,274.6,0.842,276.0,0.004,13.62,2.0,3.0,0.0,21.64,0.0,21.49,4.476,0.0,-0.017,-0.017,-0.01,-0.34,-0.152,0.2269999999999999,0.0,24.37,19.33,19.33,18.38,18.76,18.76,18.75,-124.2,18.98,18.77,0.025,0.003,0.004,0.006,0.006,0.012,0.009,0.01,12114.0,16815.0,16717.0,17050.0,14419.0,14445.0,11703.0,0.0,0.0,0.0,0.0,0.0,0.0,0.0,0.0,3.228,0.0,60.22,0.0,0.0,0.0,0.0,16.0,0.0,0.0,0.0,0.0,0.0,20.8,20.72,0.0,19.22,182.7,13.38,2.0,3.474,-1.0,3.702,5.0,4901
2016-03-31 22:40:00,0.0,0.0,0.0,1113782.0,62.9,59.9,60.0,0.0,43261.0,540.0,96899.0,1070507.0,0.0,1.0,0.0,0.0,0.0,276.6,276.1,277.3,0.772,275.0,0.531,274.8,0.842,276.0,0.004,13.62,2.0,3.0,0.0,21.62,0.0,21.32,4.414,0.0,-0.017,-0.017,-0.01,-0.3589999999999999,-0.152,0.2269999999999999,0.0,24.33,19.33,19.33,18.3,18.76,18.76,18.71,-124.2,18.99,18.76,0.023,0.004,0.004,0.006,0.0069999999999999,0.012,0.01,0.009,12114.0,16815.0,16717.0,17050.0,14419.0,14445.0,11703.0,0.0,0.0,0.0,0.0,0.0,0.0,0.0,0.0,3.2260000000000004,0.0,60.2,0.0,0.0,0.0,0.0,16.0,0.0,0.0,0.0,0.0,0.0,20.77,20.72,0.0,19.21,191.0,14.93,2.0,3.474,-1.0,3.667,5.6,4901
2016-03-31 22:41:00,0.0,0.0,0.0,1113782.0,62.9,59.9,60.0,0.0,43261.0,540.0,96899.0,1070507.0,0.0,1.0,0.0,0.0,0.0,276.6,276.1,277.2,0.772,275.0,0.531,274.6,0.842,276.0,0.004,13.62,2.0,3.0,0.0,21.62,0.0,21.65,4.497,0.0,-0.017,-0.016,-0.01,-0.342,-0.152,0.2269999999999999,0.0,24.29,19.33,19.33,18.28,18.76,18.76,18.77,-123.8,18.97,18.77,0.025,0.004,0.004,0.006,0.006,0.012,0.01,0.01,12114.0,16815.0,16717.0,17050.0,14419.0,14445.0,11703.0,0.0,0.0,0.0,0.0,0.0,0.0,0.0,0.0,3.155,0.0,60.13,0.0,0.0,0.0,0.0,16.0,0.0,0.0,0.0,0.0,0.0,20.81,20.75,0.0,19.18,196.0,13.69,2.0,3.475,-1.0,3.485,5.5,4901
2016-03-31 22:42:00,0.0,0.0,0.0,1113782.0,62.9,59.9,60.0,0.0,43261.0,540.0,96899.0,1070507.0,0.0,1.0,0.0,0.0,0.0,276.6,276.2,277.4,0.772,275.0,0.531,274.9,0.842,276.0,-0.107,13.2,2.0,1.0,0.0,21.62,0.0,21.2,4.414,0.0,-0.017,-0.016,-0.01,-0.313,-0.152,0.228,0.002,24.27,19.32,19.3,18.28,18.75,18.76,18.67,-123.6,18.89,18.71,0.023,0.004,0.004,0.005,0.0069999999999999,0.012,0.01,0.009,12114.0,16815.0,16717.0,17050.0,14419.0,14445.0,11703.0,0.0,0.0,0.0,0.0,0.0,0.0,0.0,0.0,3.1,0.0,60.14,0.0,0.0,0.0,0.0,16.0,0.0,0.0,0.0,0.0,0.0,20.8,20.7,0.0,19.16,189.8,34.76,2.0,3.474,-1.0,1.96,4.1,4901
2016-03-31 22:43:00,0.0,0.0,0.0,1113782.0,62.9,59.9,60.0,0.0,43261.0,540.0,96899.0,1070507.0,0.0,1.0,0.0,0.0,0.0,276.8,276.2,277.4,0.772,275.0,0.531,275.0,0.842,276.0,-0.0769999999999999,13.18,2.0,1.0,0.0,21.62,0.0,21.34,4.538,0.0,-0.017,-0.017,-0.011,-0.311,-0.152,0.2319999999999999,0.005,24.3,19.33,19.27,18.27,18.71,18.75,18.67,-123.6,18.88,18.68,0.024,0.003,0.004,0.006,0.0069999999999999,0.012,0.009,0.008,12114.0,16815.0,16717.0,17050.0,14419.0,14445.0,11703.0,0.0,0.0,0.0,0.0,0.0,0.0,0.0,0.0,3.111,0.0,60.23,0.0,0.0,0.0,0.0,16.0,0.0,0.0,0.0,0.0,0.0,20.8,20.71,0.0,19.18,192.2,16.5,2.0,3.474,-1.0,3.187,6.1,4901
2016-03-31 22:44:00,0.0,0.0,0.0,1113782.0,62.9,59.9,60.0,0.0,43261.0,540.0,96899.0,1070507.0,0.0,1.0,0.0,0.0,0.0,276.7,276.4,277.6,0.772,275.0,0.531,275.0,0.842,276.0,0.193,13.53,2.0,3.0,0.0,21.61,0.0,21.34,4.523,0.0,-0.017,-0.017,-0.011,-0.3489999999999999,-0.152,0.2269999999999999,0.001,24.22,19.32,19.33,18.28,18.76,18.76,18.72,-123.7,18.99,18.68,0.0279999999999999,0.004,0.005,0.005,0.0069999999999999,0.012,0.009,0.009,12114.0,16815.0,16717.0,17050.0,14419.0,14445.0,11703.0,0.0,0.0,0.0,0.0,0.0,0.0,0.0,0.0,3.2260000000000004,0.0,60.22,0.0,0.0,0.0,0.0,16.0,0.0,0.0,0.0,0.0,0.0,20.79,20.67,0.0,19.16,202.8,17.13,2.0,3.475,-1.0,2.655,5.8,4901
2016-03-31 22:45:00,0.0,0.0,0.0,1113782.0,62.9,59.9,60.0,0.0,43261.0,540.0,96899.0,1070507.0,0.0,1.0,0.0,0.0,0.0,276.5,276.4,277.6,0.772,275.0,0.531,275.0,0.842,276.0,0.005,13.62,2.0,3.0,0.0,21.59,0.0,21.47,4.547,0.0,-0.017,-0.017,-0.012,-0.3529999999999999,-0.152,0.2269999999999999,0.001,24.21,19.24,19.24,18.19,18.67,18.75,18.62,-124.0,18.88,18.63,0.023,0.004,0.004,0.006,0.008,0.011,0.01,0.009,12114.0,16815.0,16717.0,17050.0,14419.0,14445.0,11703.0,0.0,0.0,0.0,0.0,0.0,0.0,0.0,0.0,3.232,0.0,60.22,0.0,0.0,0.0,0.0,16.0,0.0,0.0,0.0,0.0,0.0,20.76,20.64,0.0,19.09,199.3,24.56,2.0,3.474,-1.0,2.113,4.4,4901
2016-03-31 22:46:00,0.0,0.0,0.0,1113782.0,62.9,59.9,60.0,0.0,43261.0,540.0,96899.0,1070507.0,0.0,1.0,0.0,0.0,0.0,276.3,275.6,276.8,0.772,274.1,0.531,274.1,0.842,275.1,0.004,13.62,2.0,3.0,0.0,21.59,0.0,21.4,4.626,0.0,-0.017,-0.017,-0.013,-0.357,-0.152,0.2269999999999999,0.0,24.22,19.24,19.24,18.19,18.67,18.76,18.65,-124.0,18.86,18.61,0.0289999999999999,0.004,0.004,0.005,0.006,0.012,0.009,0.009,12114.0,16815.0,16717.0,17050.0,14419.0,14445.0,11703.0,0.0,0.0,0.0,0.0,0.0,0.0,0.0,0.0,3.236,0.0,60.19,0.0,0.0,0.0,0.0,16.0,0.0,0.0,0.0,0.0,0.0,20.76,20.7,0.0,19.13,203.8,18.13,2.0,3.474,-1.0,2.962,5.4,4901
2016-03-31 22:47:00,0.0,0.0,0.0,1113782.0,62.9,59.9,60.0,0.0,43261.0,540.0,96899.0,1070507.0,0.0,1.0,0.0,0.0,0.0,276.2,275.5,276.7,0.772,274.0,0.531,274.0,0.842,275.0,0.004,13.62,2.0,3.0,0.0,21.58,0.0,21.32,4.675,0.0,-0.017,-0.017,-0.012,-0.34,-0.152,0.2269999999999999,0.0,24.17,19.21,19.21,18.19,18.67,18.73,18.6,-123.6,18.88,18.61,0.025,0.004,0.005,0.005,0.0069999999999999,0.011,0.01,0.008,12114.0,16815.0,16717.0,17050.0,14419.0,14445.0,11703.0,0.0,0.0,0.0,0.0,0.0,0.0,0.0,0.0,3.257,0.0,60.19,0.0,0.0,0.0,0.0,16.0,0.0,0.0,0.0,0.0,0.0,20.77,20.66,0.0,19.11,183.5,12.61,2.0,3.474,-1.0,3.172,5.2,4901
2016-03-31 22:48:00,0.0,0.0,0.0,1113782.0,62.9,59.9,60.0,0.0,43261.0,540.0,96899.0,1070507.0,0.0,1.0,0.0,0.0,0.0,276.2,275.4,276.6,0.772,274.0,0.531,274.0,0.842,275.0,0.004,13.62,2.0,3.0,0.0,21.57,0.0,21.48,4.675,0.0,-0.017,-0.017,-0.011,-0.351,-0.152,0.2269999999999999,0.0,24.22,19.14,19.19,18.15,18.67,18.67,18.59,-98.4,18.84,18.58,0.022,0.003,0.005,0.006,0.0069999999999999,0.012,0.008,0.009,12114.0,16815.0,16717.0,17050.0,14419.0,14445.0,11703.0,0.0,0.0,0.0,0.0,0.0,0.0,0.0,0.0,3.24,0.0,60.18,0.0,0.0,0.0,0.0,16.0,0.0,0.0,0.0,0.0,0.0,20.77,20.62,0.0,19.04,203.4,15.07,2.0,3.475,-1.0,2.093,3.1,4901
2016-03-31 22:49:00,0.0,0.0,0.0,1113782.0,62.9,59.9,60.0,0.0,43261.0,540.0,96899.0,1070507.0,0.0,1.0,0.0,0.0,0.0,276.2,275.5,276.7,0.772,274.0,0.531,274.0,0.842,275.0,-0.003,13.42,2.0,3.0,0.0,21.56,0.0,21.32,4.681,0.0,-0.017,-0.017,-0.012,-0.309,-0.152,0.226,0.001,24.21,19.11,19.14,18.09,18.59,18.67,18.57,-124.4,18.78,18.56,0.027,0.004,0.004,0.005,0.0069999999999999,0.011,0.009,0.009,12114.0,16815.0,16717.0,17050.0,14419.0,14445.0,11703.0,0.0,0.0,0.0,0.0,0.0,0.0,0.0,0.0,3.34,0.0,60.22,0.0,0.0,0.0,0.0,16.0,0.0,0.0,0.0,0.0,0.0,20.78,20.6,0.0,18.99,176.5,39.06,2.0,3.474,-1.0,1.773,2.9,4901
2016-03-31 22:50:00,0.0,0.0,0.0,1113782.0,62.9,59.9,60.0,0.0,43261.0,540.0,96899.0,1070507.0,0.0,1.0,0.0,0.0,0.0,276.1,275.7,276.8,0.772,274.0,0.531,274.0,0.842,275.0,0.011,13.62,2.0,3.0,0.0,21.56,0.0,21.34,4.708,0.0,-0.017,-0.017,-0.013,-0.34,-0.152,0.2269999999999999,0.0,24.24,19.08,19.14,18.09,18.57,18.67,18.52,-124.1,18.77,18.52,0.025,0.004,0.004,0.005,0.0069999999999999,0.012,0.01,0.009,12114.0,16815.0,16717.0,17050.0,14419.0,14445.0,11703.0,0.0,0.0,0.0,0.0,0.0,0.0,0.0,0.0,3.369,0.0,60.22,0.0,0.0,0.0,0.0,16.0,0.0,0.0,0.0,0.0,0.0,20.7,20.55,0.0,18.99,184.5,47.38,2.0,3.475,-1.0,1.832,4.2,4901
2016-03-31 22:51:00,0.0,0.0,0.0,1113782.0,62.9,59.9,60.0,0.0,43261.0,540.0,96899.0,1070507.0,0.0,1.0,0.0,0.0,0.0,276.3,275.6,276.8,0.772,274.0,0.531,274.0,0.842,275.0,0.004,13.62,2.0,3.0,0.0,21.55,0.0,21.31,4.727,0.0,-0.017,-0.017,-0.013,-0.3659999999999999,-0.152,0.2269999999999999,0.0,24.21,19.14,19.14,18.09,18.57,18.67,18.52,-123.9,18.78,18.48,0.022,0.003,0.004,0.006,0.006,0.011,0.009,0.009,12114.0,16815.0,16717.0,17050.0,14419.0,14445.0,11703.0,0.0,0.0,0.0,0.0,0.0,0.0,0.0,0.0,3.432,0.0,60.22,0.0,0.0,0.0,0.0,16.0,0.0,0.0,0.0,0.0,0.0,20.69,20.67,0.0,19.02,183.2,15.94,2.0,3.474,-1.0,2.655,3.8,4901
2016-03-31 22:52:00,0.0,0.0,0.0,1113782.0,62.9,59.9,60.0,0.0,43261.0,540.0,96899.0,1070507.0,0.0,1.0,0.0,0.0,0.0,276.4,275.8,276.9,0.772,274.3,0.531,274.0,0.842,275.1,0.004,13.62,2.0,3.0,0.0,21.53,0.0,21.4,4.728,0.0,-0.017,-0.017,-0.013,-0.3589999999999999,-0.152,0.2269999999999999,0.0,24.14,19.14,19.14,18.09,18.57,18.67,18.56,-124.0,18.78,18.48,0.027,0.004,0.004,0.006,0.0069999999999999,0.012,0.009,0.009,12114.0,16815.0,16717.0,17050.0,14419.0,14445.0,11703.0,0.0,0.0,0.0,0.0,0.0,0.0,0.0,0.0,3.528,0.0,60.22,0.0,0.0,0.0,0.0,16.0,0.0,0.0,0.0,0.0,0.0,20.72,20.65,0.0,19.0,204.6,22.96,2.0,3.474,-1.0,2.485,5.0,4901
2016-03-31 22:53:00,0.0,0.0,0.0,1113782.0,62.9,59.9,60.0,0.0,43261.0,540.0,96899.0,1070507.0,0.0,1.0,0.0,0.0,0.0,276.5,275.8,276.9,0.772,274.8,0.531,274.0,0.842,275.3,0.004,13.62,2.0,3.0,0.0,21.53,0.0,21.5,4.728,0.0,-0.017,-0.017,-0.011,-0.357,-0.152,0.2269999999999999,0.0,24.13,19.14,19.14,18.09,18.57,18.67,18.56,-124.5,18.76,18.58,0.02,0.003,0.004,0.006,0.006,0.012,0.01,0.009,12114.0,16815.0,16717.0,17050.0,14419.0,14445.0,11703.0,0.0,0.0,0.0,0.0,0.0,0.0,0.0,0.0,3.579,0.0,60.14,0.0,0.0,0.0,0.0,16.0,0.0,0.0,0.0,0.0,0.0,20.77,20.65,0.0,19.0,199.2,19.32,2.0,3.474,-1.0,3.23,5.0,4901
2016-03-31 22:54:00,0.0,0.0,0.0,1113782.0,62.9,59.9,60.0,0.0,43261.0,540.0,96899.0,1070507.0,0.0,1.0,0.0,0.0,0.0,276.1,275.9,277.0,0.772,274.3,0.531,274.0,0.842,275.3,0.004,13.62,2.0,3.0,0.0,21.52,0.0,21.45,4.754,0.0,-0.017,-0.017,-0.01,-0.3529999999999999,-0.152,0.2269999999999999,0.0,24.13,19.16,19.21,18.19,18.57,18.67,18.59,-124.1,18.85,18.58,0.023,0.004,0.004,0.006,0.0069999999999999,0.012,0.01,0.01,12114.0,16815.0,16717.0,17050.0,14419.0,14445.0,11703.0,0.0,0.0,0.0,0.0,0.0,0.0,0.0,0.0,3.539,0.0,60.19,0.0,0.0,0.0,0.0,16.0,0.0,0.0,0.0,0.0,0.0,20.78,20.66,0.0,19.07,193.3,17.08,2.0,3.474,-1.0,2.573,3.9,4901
2016-03-31 22:55:00,0.0,0.0,0.0,1113782.0,62.9,59.9,60.0,0.0,43261.0,540.0,96899.0,1070507.0,0.0,1.0,0.0,0.0,0.0,276.4,275.9,277.1,0.772,274.9,0.531,274.3,0.842,276.0,0.002,13.37,2.0,1.0,0.0,21.51,0.0,21.35,4.715,0.0,-0.017,-0.0149999999999999,-0.01,-0.309,-0.1499999999999999,0.228,0.001,24.14,19.24,19.27,18.19,18.65,18.7,18.57,-124.1,18.83,18.56,0.025,0.003,0.004,0.005,0.0069999999999999,0.011,0.008,0.009,12114.0,16815.0,16717.0,17050.0,14419.0,14445.0,11703.0,0.0,0.0,0.0,0.0,0.0,0.0,0.0,0.0,3.439,0.0,60.23,0.0,0.0,0.0,0.0,16.0,0.0,0.0,0.0,0.0,0.0,20.77,20.71,0.0,19.1,174.9,19.91,2.0,3.475,-1.0,3.858,6.1,4901
2016-03-31 22:56:00,0.0,0.0,0.0,1113782.0,62.9,59.9,60.0,0.0,43261.0,540.0,96899.0,1070507.0,0.0,1.0,0.0,0.0,0.0,276.5,276.0,277.1,0.772,274.9,0.531,274.6,0.842,276.0,0.006,13.66,2.0,3.0,0.0,21.51,0.0,21.51,4.694,0.0,-0.0149999999999999,-0.013,-0.01,-0.352,-0.1469999999999999,0.226,0.0,24.14,19.32,19.33,18.28,18.67,18.72,18.67,-123.9,18.91,18.58,0.023,0.003,0.004,0.006,0.0069999999999999,0.012,0.009,0.009,12114.0,16815.0,16717.0,17050.0,14419.0,14445.0,11703.0,0.0,0.0,0.0,0.0,0.0,0.0,0.0,0.0,3.322,0.0,60.16,0.0,0.0,0.0,0.0,16.0,0.0,0.0,0.0,0.0,0.0,20.79,20.67,0.0,19.14,184.9,20.66,2.0,3.475,-1.0,4.372,7.8,4901
2016-03-31 22:57:00,0.0,0.0,0.0,1113782.0,62.9,59.9,60.0,0.0,43261.0,540.0,96899.0,1070507.0,0.0,1.0,0.0,0.0,0.0,276.5,275.9,277.1,0.772,274.8,0.531,274.1,0.842,276.0,0.004,13.66,2.0,3.0,0.0,21.51,0.0,21.32,4.512,0.0,-0.012,-0.011,-0.01,-0.351,-0.148,0.226,0.0,24.11,19.33,19.33,18.28,18.76,18.78,18.72,-123.8,18.95,18.68,0.02,0.004,0.005,0.005,0.006,0.012,0.009,0.008,12114.0,16815.0,16717.0,17050.0,14419.0,14445.0,11703.0,0.0,0.0,0.0,0.0,0.0,0.0,0.0,0.0,3.1630000000000003,0.0,60.22,0.0,0.0,0.0,0.0,16.0,0.0,0.0,0.0,0.0,0.0,20.8,20.67,0.0,19.17,188.6,15.6,2.0,3.474,-1.0,3.762,5.9,4901
2016-03-31 22:58:00,0.0,0.0,0.0,1113782.0,62.9,59.9,60.0,0.0,43261.0,540.0,96899.0,1070507.0,0.0,1.0,0.0,0.0,0.0,276.5,276.0,277.2,0.772,275.0,0.531,274.4,0.842,276.0,0.004,13.66,2.0,3.0,0.0,21.5,0.0,21.46,4.329,0.0,-0.011,-0.01,-0.01,-0.341,-0.1489999999999999,0.226,0.0,24.05,19.3,19.25,18.28,18.75,18.76,18.72,-93.6,18.89,18.68,0.024,0.004,0.004,0.005,0.0069999999999999,0.012,0.01,0.009,12114.0,16815.0,16717.0,17050.0,14419.0,14445.0,11703.0,0.0,0.0,0.0,0.0,0.0,0.0,0.0,0.0,3.0410000000000004,0.0,60.18,0.0,0.0,0.0,0.0,16.0,0.0,0.0,0.0,0.0,0.0,20.75,20.61,0.0,19.12,191.9,17.64,2.0,3.474,-1.0,2.987,4.9,4901
2016-03-31 22:59:00,0.0,0.0,0.0,1113782.0,62.9,59.9,60.0,0.0,43261.0,540.0,96899.0,1070507.0,0.0,1.0,0.0,0.0,0.0,276.5,276.1,277.2,0.772,275.0,0.531,274.9,0.842,276.0,0.004,13.66,2.0,3.0,0.0,21.49,0.0,21.46,4.173,0.0,-0.0149999999999999,-0.013,-0.01,-0.3479999999999999,-0.1469999999999999,0.226,0.0,24.03,19.17,19.16,18.22,18.68,18.71,18.64,-76.44,18.76,18.64,0.019,0.003,0.004,0.006,0.0069999999999999,0.012,0.009,0.009,12114.0,16815.0,16717.0,17050.0,14419.0,14445.0,11703.0,0.0,0.0,0.0,0.0,0.0,0.0,0.0,0.0,2.892,0.0,60.16,0.0,0.0,0.0,0.0,16.0,0.0,0.0,0.0,0.0,0.0,20.75,20.55,0.0,19.0,182.0,39.51,2.0,3.473,-1.0,1.568,2.9,4901
2016-03-31 23:00:00,0.0,0.0,0.0,1113782.0,62.9,59.9,60.0,0.0,43261.0,540.0,96899.0,1070507.0,0.0,1.0,0.0,0.0,0.0,276.7,276.2,277.3,0.772,275.0,0.531,275.0,0.842,276.0,0.0069999999999999,13.66,2.0,3.0,0.0,21.48,0.0,21.6,4.125,0.0,-0.017,-0.017,-0.01,-0.2989999999999999,-0.1449999999999999,0.226,0.0,24.05,19.14,19.14,18.16,18.65,18.67,18.57,-124.3,18.75,18.58,0.023,0.003,0.004,0.005,0.0069999999999999,0.012,0.009,0.009,12114.0,16815.0,16717.0,17050.0,14419.0,14445.0,11703.0,0.0,0.0,0.0,0.0,0.0,0.0,0.0,0.0,2.8280000000000003,0.0,60.14,0.0,0.0,0.0,0.0,16.0,0.0,0.0,0.0,0.0,0.0,20.69,20.6,0.0,19.07,195.7,12.86,2.0,3.474,-1.0,3.647,5.9,4901
2016-03-31 23:01:00,0.0,0.0,0.0,1113782.0,62.9,59.9,60.0,0.0,43261.0,540.0,96899.0,1070507.0,0.0,1.0,0.0,0.0,0.0,276.7,276.1,277.2,0.772,275.0,0.531,275.0,0.842,276.0,-0.001,13.29,2.0,1.0,0.0,21.48,0.0,21.39,4.123,0.0,-0.017,-0.017,-0.01,-0.3449999999999999,-0.1459999999999999,0.2269999999999999,0.001,24.05,19.14,19.14,18.11,18.59,18.67,18.54,-102.5,18.73,18.53,0.024,0.004,0.004,0.006,0.0069999999999999,0.012,0.01,0.008,12114.0,16815.0,16717.0,17050.0,14419.0,14445.0,11703.0,0.0,0.0,0.0,0.0,0.0,0.0,0.0,0.0,2.755,0.0,60.15,0.0,0.0,0.0,0.0,16.0,0.0,0.0,0.0,0.0,0.0,20.7,20.56,0.0,19.03,186.3,13.24,2.0,3.474,-1.0,2.093,3.6,4901
2016-03-31 23:02:00,0.0,0.0,0.0,1113782.0,62.9,59.9,60.0,0.0,43261.0,540.0,96899.0,1070507.0,0.0,1.0,0.0,0.0,0.0,276.4,276.3,277.3,0.772,275.0,0.531,275.0,0.842,276.0,0.006,13.66,2.0,3.0,0.0,21.46,0.0,21.45,4.09,0.0,-0.017,-0.017,-0.013,-0.3479999999999999,-0.1469999999999999,0.226,0.0,24.05,19.14,19.14,18.09,18.54,18.57,18.49,-124.2,18.74,18.48,0.033,0.004,0.004,0.006,0.0069999999999999,0.011,0.008,0.01,12114.0,16815.0,16717.0,17050.0,14419.0,14445.0,11703.0,0.0,0.0,0.0,0.0,0.0,0.0,0.0,0.0,2.656,0.0,60.15,0.0,0.0,0.0,0.0,16.0,0.0,0.0,0.0,0.0,0.0,20.71,20.61,0.0,18.99,186.0,13.03,2.0,3.474,-1.0,3.622,6.0,4901
2016-03-31 23:03:00,0.0,0.0,0.0,1113782.0,62.9,59.9,60.0,0.0,43261.0,540.0,96899.0,1070507.0,0.0,1.0,0.0,0.0,0.0,276.7,276.4,277.4,0.772,275.0,0.531,275.0,0.842,276.0,0.004,13.66,2.0,3.0,0.0,21.45,0.0,21.43,4.083,0.0,-0.017,-0.017,-0.013,-0.347,-0.1459999999999999,0.226,0.0,24.05,19.09,19.09,18.09,18.54,18.54,18.43,-123.8,18.77,18.47,0.02,0.004,0.004,0.006,0.0069999999999999,0.011,0.01,0.009,12114.0,16815.0,16717.0,17050.0,14419.0,14445.0,11703.0,0.0,0.0,0.0,0.0,0.0,0.0,0.0,0.0,2.5610000000000004,0.0,60.15,0.0,0.0,0.0,0.0,16.0,0.0,0.0,0.0,0.0,0.0,20.72,20.61,0.0,18.94,182.6,14.79,2.0,3.474,-1.0,2.292,5.4,4901
2016-03-31 23:04:00,0.0,0.0,0.0,1113782.0,62.9,59.9,60.0,0.0,43261.0,540.0,96899.0,1070507.0,0.0,1.0,0.0,0.0,0.0,276.6,276.6,277.7,0.772,275.0,0.531,275.0,0.842,276.0,0.004,13.66,2.0,3.0,0.0,21.45,0.0,21.47,4.021,0.0,-0.017,-0.017,-0.013,-0.357,-0.143,0.226,0.0,24.0,19.05,19.11,18.03,18.48,18.48,18.43,-102.8,18.73,18.4,0.0289999999999999,0.004,0.004,0.006,0.0069999999999999,0.012,0.009,0.009,12114.0,16815.0,16717.0,17050.0,14419.0,14445.0,11703.0,0.0,0.0,0.0,0.0,0.0,0.0,0.0,0.0,2.5610000000000004,0.0,60.17,0.0,0.0,0.0,0.0,16.0,0.0,0.0,0.0,0.0,0.0,20.69,20.62,0.0,18.96,192.4,19.19,2.0,3.474,-1.0,3.242,5.1,4901
2016-03-31 23:05:00,0.0,0.0,0.0,1113782.0,62.9,59.9,60.0,0.0,43261.0,540.0,96899.0,1070507.0,0.0,1.0,0.0,0.0,0.0,276.9,276.5,277.5,0.772,275.0,0.531,275.0,0.842,276.0,0.004,13.66,2.0,3.0,0.0,21.45,0.0,21.36,3.945,0.0,-0.017,-0.017,-0.0139999999999999,-0.3689999999999999,-0.1449999999999999,0.226,0.0,23.95,19.05,19.05,18.0,18.48,18.51,18.38,-124.1,18.74,18.39,0.033,0.003,0.003,0.006,0.0069999999999999,0.012,0.009,0.008,12114.0,16815.0,16717.0,17050.0,14419.0,14445.0,11703.0,0.0,0.0,0.0,0.0,0.0,0.0,0.0,0.0,2.5380000000000003,0.0,60.22,0.0,0.0,0.0,0.0,16.0,0.0,0.0,0.0,0.0,0.0,20.71,20.64,0.0,18.94,184.3,21.69,2.0,3.474,-1.0,3.638,9.0,4901
2016-03-31 23:06:00,0.0,0.0,0.0,1113782.0,62.9,59.9,60.0,0.0,43261.0,540.0,96899.0,1070507.0,0.0,1.0,0.0,0.0,0.0,276.3,276.0,277.0,0.772,274.1,0.531,274.1,0.842,275.2,0.021,13.66,2.0,3.0,0.0,21.44,0.0,21.43,3.767,0.0,-0.017,-0.017,-0.013,-0.2929999999999999,-0.143,0.226,0.0,23.95,19.05,19.05,18.0,18.48,18.48,18.44,-124.6,18.75,18.4,0.022,0.004,0.003,0.005,0.0069999999999999,0.01,0.009,0.01,12114.0,16815.0,16717.0,17050.0,14419.0,14445.0,11703.0,0.0,0.0,0.0,0.0,0.0,0.0,0.0,0.0,2.416,0.0,60.21,0.0,0.0,0.0,0.0,16.0,0.0,0.0,0.0,0.0,0.0,20.74,20.62,0.0,18.95,201.9,17.9,2.0,3.474,-1.0,3.44,5.0,4901
2016-03-31 23:07:00,0.0,0.0,0.0,1113782.0,62.9,59.9,60.0,0.0,43261.0,540.0,96899.0,1070507.0,0.0,1.0,0.0,0.0,0.0,276.1,275.9,277.0,0.772,274.0,0.531,274.0,0.842,275.4,-0.013,13.41,2.0,3.0,0.0,21.42,0.0,21.38,3.775,0.0,-0.017,-0.017,-0.013,-0.3389999999999999,-0.1419999999999999,0.226,0.001,23.95,19.05,19.05,18.0,18.48,18.51,18.42,-124.2,18.66,18.4,0.018,0.004,0.003,0.005,0.006,0.012,0.008,0.01,12114.0,16815.0,16717.0,17050.0,14419.0,14445.0,11703.0,0.0,0.0,0.0,0.0,0.0,0.0,0.0,0.0,2.316,0.0,60.13,0.0,0.0,0.0,0.0,16.0,0.0,0.0,0.0,0.0,0.0,20.71,20.57,0.0,18.92,184.1,25.88,2.0,3.474,-1.0,2.918,4.9,4901
2016-03-31 23:08:00,0.0,0.0,0.0,1113782.0,62.9,59.9,60.0,0.0,43261.0,540.0,96899.0,1070507.0,0.0,1.0,0.0,0.0,0.0,276.1,276.0,277.1,0.772,274.0,0.531,274.0,0.842,275.4,0.004,13.66,2.0,3.0,0.0,21.42,0.0,21.41,3.669,0.0,-0.017,-0.017,-0.0139999999999999,-0.34,-0.144,0.226,0.0,23.95,19.05,18.98,17.91,18.39,18.48,18.33,-124.3,18.59,18.35,0.027,0.004,0.004,0.005,0.006,0.011,0.009,0.009,12114.0,16815.0,16717.0,17050.0,14419.0,14445.0,11703.0,0.0,0.0,0.0,0.0,0.0,0.0,0.0,0.0,2.291,0.0,60.15,0.0,0.0,0.0,0.0,16.0,0.0,0.0,0.0,0.0,0.0,20.69,20.58,0.0,18.95,185.1,12.11,2.0,3.474,-1.0,2.9930000000000003,5.3,4901
2016-03-31 23:09:00,0.0,0.0,0.0,1113782.0,62.9,59.9,60.0,0.0,43261.0,540.0,96899.0,1070507.0,0.0,1.0,0.0,0.0,0.0,276.3,275.9,276.9,0.772,274.0,0.531,274.0,0.842,275.2,0.004,13.66,2.0,3.0,0.0,21.4,0.0,21.33,3.614,0.0,-0.017,-0.017,-0.0149999999999999,-0.3589999999999999,-0.1449999999999999,0.226,0.0,23.92,18.98,18.92,17.93,18.43,18.48,18.3,-124.2,18.61,18.39,0.0289999999999999,0.003,0.004,0.006,0.006,0.012,0.01,0.008,12114.0,16815.0,16717.0,17050.0,14419.0,14445.0,11703.0,0.0,0.0,0.0,0.0,0.0,0.0,0.0,0.0,2.29,0.0,60.15,0.0,0.0,0.0,0.0,16.0,0.0,0.0,0.0,0.0,0.0,20.71,20.57,0.0,18.82,211.0,14.93,2.0,3.475,-1.0,2.438,3.8,4901
2016-03-31 23:10:00,0.0,0.0,0.0,1113782.0,62.9,59.9,60.0,0.0,43261.0,540.0,96899.0,1070507.0,0.0,1.0,0.0,0.0,0.0,276.4,276.0,277.0,0.772,274.0,0.531,274.1,0.842,275.8,0.004,13.66,2.0,3.0,0.0,21.4,0.0,21.46,3.564,0.0,-0.017,-0.017,-0.017,-0.3629999999999999,-0.143,0.226,0.0,23.86,18.85,18.85,17.8,18.32,18.38,18.27,-124.0,18.48,18.29,0.017,0.004,0.004,0.005,0.0069999999999999,0.011,0.009,0.009,12114.0,16815.0,16717.0,17050.0,14419.0,14445.0,11703.0,0.0,0.0,0.0,0.0,0.0,0.0,0.0,0.0,2.25,0.0,60.15,0.0,0.0,0.0,0.0,16.0,0.0,0.0,0.0,0.0,0.0,20.62,20.46,0.0,18.75,185.3,28.52,2.0,3.474,-1.0,2.305,4.4,4901
2016-03-31 23:11:00,0.0,0.0,0.0,1113782.0,62.9,59.9,60.0,0.0,43261.0,540.0,96899.0,1070507.0,0.0,1.0,0.0,0.0,0.0,276.3,276.2,277.2,0.772,274.7,0.531,274.8,0.842,276.0,0.004,13.66,2.0,3.0,0.0,21.4,0.0,21.54,3.571,0.0,-0.019,-0.017,-0.017,-0.3689999999999999,-0.1419999999999999,0.226,0.0,23.86,18.85,18.85,17.8,18.28,18.32,18.2,-124.0,18.52,18.23,0.0279999999999999,0.003,0.004,0.006,0.006,0.01,0.008,0.008,12114.0,16815.0,16717.0,17050.0,14419.0,14445.0,11703.0,0.0,0.0,0.0,0.0,0.0,0.0,0.0,0.0,2.178,0.0,60.17,0.0,0.0,0.0,0.0,16.0,0.0,0.0,0.0,0.0,0.0,20.61,20.57,0.0,18.78,174.5,23.28,2.0,3.474,-1.0,3.228,5.3,4901
2016-03-31 23:12:00,0.0,0.0,0.0,1113782.0,62.9,59.9,60.0,0.0,43261.0,540.0,96899.0,1070507.0,0.0,1.0,0.0,0.0,0.0,276.2,276.0,277.0,0.772,274.1,0.531,274.1,0.842,275.6,-0.065,13.25,2.0,1.0,0.0,21.39,0.0,21.49,3.534,0.0,-0.017,-0.017,-0.017,-0.275,-0.144,0.2269999999999999,0.002,23.86,18.84,18.85,17.8,18.28,18.35,18.2,-124.4,18.56,18.27,0.0289999999999999,0.004,0.004,0.005,0.006,0.013,0.009,0.009,12114.0,16815.0,16717.0,17050.0,14419.0,14445.0,11703.0,0.0,0.0,0.0,0.0,0.0,0.0,0.0,0.0,2.1590000000000003,0.0,60.13,0.0,0.0,0.0,0.0,16.0,0.0,0.0,0.0,0.0,0.0,20.65,20.58,0.0,18.69,195.2,16.49,2.0,3.475,-1.0,2.675,4.2,4901
2016-03-31 23:13:00,0.0,0.0,0.0,1113782.0,62.9,59.9,60.0,0.0,43261.0,540.0,96899.0,1070507.0,0.0,1.0,0.0,0.0,0.0,276.3,276.0,277.1,0.772,274.3,0.531,274.3,0.842,275.7,0.068,13.39,2.0,1.0,0.0,21.34,0.0,21.22,3.55,0.0,-0.02,-0.017,-0.017,-0.3449999999999999,-0.14,0.2269999999999999,0.001,23.86,18.71,18.74,17.74,18.15,18.23,18.07,-124.4,18.42,18.18,0.02,0.004,0.004,0.0069999999999999,0.006,0.011,0.009,0.009,12114.0,16815.0,16717.0,17050.0,14419.0,14445.0,11703.0,0.0,0.0,0.0,0.0,0.0,0.0,0.0,0.0,2.1590000000000003,0.0,60.16,0.0,0.0,0.0,0.0,16.0,0.0,0.0,0.0,0.0,0.0,20.61,20.46,0.0,18.59,194.6,20.01,2.0,3.475,-1.0,1.503,3.7,4901
2016-03-31 23:14:00,0.0,0.0,0.0,1113782.0,62.9,59.9,60.0,0.0,43261.0,540.0,96899.0,1070507.0,0.0,1.0,0.0,0.0,0.0,276.7,276.0,277.1,0.772,275.0,0.531,275.0,0.842,276.0,0.005,13.66,2.0,3.0,0.0,21.34,0.0,21.36,3.562,0.0,-0.023,-0.017,-0.017,-0.3549999999999999,-0.1419999999999999,0.226,0.0,23.86,18.66,18.64,17.61,18.09,18.19,18.04,-124.2,18.31,18.1,0.024,0.003,0.004,0.005,0.006,0.011,0.009,0.009,12114.0,16815.0,16717.0,17050.0,14419.0,14445.0,11703.0,0.0,0.0,0.0,0.0,0.0,0.0,0.0,0.0,2.151,0.0,60.21,0.0,0.0,0.0,0.0,16.0,0.0,0.0,0.0,0.0,0.0,20.58,20.45,0.0,18.53,181.3,16.04,2.0,3.474,-1.0,2.523,4.9,4901
2016-03-31 23:15:00,0.0,0.0,0.0,1113782.0,62.9,59.9,60.0,0.0,43261.0,540.0,96899.0,1070507.0,0.0,1.0,0.0,0.0,0.0,276.2,276.1,277.2,0.772,274.8,0.531,274.7,0.842,276.0,0.004,13.66,2.0,3.0,0.0,21.33,0.0,21.23,3.524,0.0,-0.023,-0.017,-0.017,-0.367,-0.143,0.226,0.0,23.86,18.58,18.61,17.58,18.03,18.11,18.01,-124.5,18.29,18.02,0.0279999999999999,0.004,0.004,0.006,0.006,0.012,0.009,0.009,12114.0,16815.0,16717.0,17050.0,14419.0,14445.0,11703.0,0.0,0.0,0.0,0.0,0.0,0.0,0.0,0.0,2.091,0.0,60.16,0.0,0.0,0.0,0.0,16.0,0.0,0.0,0.0,0.0,0.0,20.58,20.45,0.0,18.48,191.7,32.68,2.0,3.474,-1.0,2.097,4.1,4901
2016-03-31 23:16:00,0.0,0.0,0.0,1113782.0,62.9,59.9,60.0,0.0,43261.0,540.0,96899.0,1070507.0,0.0,1.0,0.0,0.0,0.0,276.1,276.2,277.2,0.772,274.7,0.531,274.7,0.842,276.0,0.004,13.66,2.0,3.0,0.0,21.31,0.0,21.4,3.529,0.0,-0.023,-0.02,-0.017,-0.3499999999999999,-0.1449999999999999,0.226,0.0,23.81,18.57,18.57,17.53,18.0,18.09,17.97,-124.2,18.26,17.97,0.019,0.003,0.004,0.006,0.0069999999999999,0.012,0.009,0.008,12114.0,16815.0,16717.0,17050.0,14419.0,14445.0,11703.0,0.0,0.0,0.0,0.0,0.0,0.0,0.0,0.0,2.063,0.0,60.14,0.0,0.0,0.0,0.0,16.0,0.0,0.0,0.0,0.0,0.0,20.52,20.43,0.0,18.47,180.2,13.94,2.0,3.474,-1.0,2.8680000000000003,5.8,4901
2016-03-31 23:17:00,0.0,0.0,0.0,1113782.0,62.9,59.9,60.0,0.0,43261.0,540.0,96899.0,1070507.0,0.0,1.0,0.0,0.0,0.0,276.4,276.2,277.2,0.772,275.0,0.531,275.0,0.842,276.0,0.004,13.66,2.0,3.0,0.0,21.31,0.0,21.54,3.533,0.0,-0.023,-0.018,-0.017,-0.3609999999999999,-0.1409999999999999,0.226,0.0,23.76,18.65,18.63,17.58,18.0,18.11,17.99,-116.2,18.28,17.99,0.0289999999999999,0.004,0.004,0.005,0.006,0.012,0.009,0.009,12114.0,16815.0,16717.0,17050.0,14419.0,14445.0,11703.0,0.0,0.0,0.0,0.0,0.0,0.0,0.0,0.0,2.051,0.0,60.13,0.0,0.0,0.0,0.0,16.0,0.0,0.0,0.0,0.0,0.0,20.55,20.51,0.0,18.57,191.0,13.05,2.0,3.474,-1.0,3.96,5.6,4901
2016-03-31 23:18:00,0.0,0.0,0.0,1113782.0,62.9,59.9,60.0,0.0,43261.0,540.0,96899.0,1070507.0,0.0,1.0,0.0,0.0,0.0,276.5,276.2,277.3,0.772,275.0,0.531,275.0,0.842,276.0,0.003,13.43,2.0,3.0,0.0,21.3,0.0,21.38,3.545,0.0,-0.023,-0.017,-0.017,-0.313,-0.139,0.226,0.0,23.76,18.66,18.66,17.53,18.04,18.12,17.99,-124.4,18.21,18.0,0.024,0.004,0.004,0.006,0.0069999999999999,0.011,0.01,0.009,12114.0,16815.0,16717.0,17050.0,14419.0,14445.0,11703.0,0.0,0.0,0.0,0.0,0.0,0.0,0.0,0.0,2.042,0.0,60.16,0.0,0.0,0.0,0.0,16.0,0.0,0.0,0.0,0.0,0.0,20.55,20.51,0.0,18.57,184.3,19.55,2.0,3.474,-1.0,2.92,4.6,4901
2016-03-31 23:19:00,0.0,0.0,0.0,1113782.0,62.9,59.9,60.0,0.0,43261.0,540.0,96899.0,1070507.0,0.0,1.0,0.0,0.0,0.0,276.3,276.3,277.4,0.772,275.0,0.531,275.0,0.842,276.0,0.005,13.66,2.0,3.0,0.0,21.29,0.0,21.53,3.528,0.0,-0.022,-0.017,-0.017,-0.3649999999999999,-0.139,0.226,0.0,23.76,18.66,18.66,17.61,18.09,18.11,18.03,-124.5,18.29,18.0,0.019,0.003,0.004,0.005,0.0069999999999999,0.011,0.009,0.008,12114.0,16815.0,16717.0,17050.0,14419.0,14445.0,11703.0,0.0,0.0,0.0,0.0,0.0,0.0,0.0,0.0,2.052,0.0,60.18,0.0,0.0,0.0,0.0,16.0,0.0,0.0,0.0,0.0,0.0,20.55,20.45,0.0,18.63,185.4,15.76,2.0,3.474,-1.0,2.762,4.2,4901
2016-03-31 23:20:00,0.0,0.0,0.0,1113782.0,62.9,59.9,60.0,0.0,43261.0,540.0,96899.0,1070507.0,0.0,1.0,0.0,0.0,0.0,276.5,276.2,277.4,0.772,275.0,0.531,275.0,0.842,276.0,0.004,13.66,2.0,3.0,0.0,21.28,0.0,21.24,3.526,0.0,-0.023,-0.017,-0.017,-0.3609999999999999,-0.1409999999999999,0.226,0.0,23.76,18.68,18.66,17.52,18.01,18.11,18.01,-124.9,18.28,18.0,0.0289999999999999,0.003,0.004,0.005,0.006,0.012,0.009,0.009,12114.0,16815.0,16717.0,17050.0,14419.0,14445.0,11703.0,0.0,0.0,0.0,0.0,0.0,0.0,0.0,0.0,2.053,0.0,60.17,0.0,0.0,0.0,0.0,16.0,0.0,0.0,0.0,0.0,0.0,20.49,20.46,0.0,18.62,195.1,18.56,2.0,3.474,-1.0,2.46,5.3,4901
2016-03-31 23:21:00,0.0,0.0,0.0,1113782.0,62.9,59.9,60.0,0.0,43261.0,540.0,96899.0,1070507.0,0.0,1.0,0.0,0.0,0.0,276.6,276.1,277.3,0.772,275.0,0.531,275.0,0.842,276.0,0.004,13.66,2.0,3.0,0.0,21.29,0.0,21.23,3.524,0.0,-0.023,-0.017,-0.017,-0.367,-0.143,0.226,0.0,23.76,18.66,18.66,17.52,18.0,18.11,17.95,-124.4,18.23,17.92,0.02,0.005,0.004,0.006,0.006,0.012,0.008,0.009,12114.0,16815.0,16717.0,17050.0,14419.0,14445.0,11703.0,0.0,0.0,0.0,0.0,0.0,0.0,0.0,0.0,2.03,0.0,60.14,0.0,0.0,0.0,0.0,16.0,0.0,0.0,0.0,0.0,0.0,20.48,20.46,0.0,18.62,179.6,14.7,2.0,3.475,-1.0,2.462,3.9,4901
2016-03-31 23:22:00,0.0,0.0,0.0,1113782.0,62.9,59.9,60.0,0.0,43261.0,540.0,96899.0,1070507.0,0.0,1.0,0.0,0.0,0.0,276.3,276.3,277.4,0.772,275.0,0.531,275.0,0.842,276.0,0.004,13.66,2.0,3.0,0.0,21.27,0.0,21.18,3.54,0.0,-0.023,-0.017,-0.017,-0.3649999999999999,-0.1409999999999999,0.226,0.0,23.73,18.66,18.66,17.52,17.98,18.14,17.95,-124.6,18.23,17.91,0.022,0.004,0.004,0.006,0.006,0.012,0.009,0.009,12114.0,16815.0,16717.0,17050.0,14419.0,14445.0,11703.0,0.0,0.0,0.0,0.0,0.0,0.0,0.0,0.0,2.039,0.0,60.13,0.0,0.0,0.0,0.0,16.0,0.0,0.0,0.0,0.0,0.0,20.55,20.48,0.0,18.62,190.8,17.35,2.0,3.474,-1.0,2.978,6.3,4901
2016-03-31 23:23:00,0.0,0.0,0.0,1113782.0,62.9,59.9,60.0,0.0,43261.0,540.0,96899.0,1070507.0,0.0,1.0,0.0,0.0,0.0,276.5,276.3,277.4,0.772,275.0,0.531,275.0,0.842,276.0,0.004,13.66,2.0,3.0,0.0,21.26,0.0,21.36,3.5380000000000003,0.0,-0.022,-0.017,-0.017,-0.2899999999999999,-0.1369999999999999,0.226,0.0,23.74,18.73,18.71,17.55,18.0,18.11,17.98,-125.1,18.26,17.94,0.023,0.002,0.003,0.005,0.006,0.012,0.009,0.009,12114.0,16815.0,16717.0,17050.0,14419.0,14445.0,11703.0,0.0,0.0,0.0,0.0,0.0,0.0,0.0,0.0,2.023,0.0,60.23,0.0,0.0,0.0,0.0,16.0,0.0,0.0,0.0,0.0,0.0,20.51,20.43,0.0,18.6,186.3,19.87,2.0,3.475,-1.0,3.22,5.3,4901
2016-03-31 23:24:00,0.0,0.0,0.0,1113782.0,62.9,59.9,60.0,0.0,43261.0,540.0,96899.0,1070507.0,0.0,1.0,0.0,0.0,0.0,276.4,276.3,277.4,0.772,275.0,0.531,275.0,0.842,276.0,0.004,13.38,2.0,3.0,0.0,21.24,0.0,21.43,3.543,0.0,-0.021,-0.017,-0.017,-0.3479999999999999,-0.132,0.226,0.001,23.66,18.64,18.68,17.5,17.91,18.06,17.92,-124.5,18.2,17.89,0.02,0.003,0.004,0.005,0.0069999999999999,0.01,0.008,0.008,12114.0,16815.0,16717.0,17050.0,14419.0,14445.0,11703.0,0.0,0.0,0.0,0.0,0.0,0.0,0.0,0.0,2.026,0.0,60.23,0.0,0.0,0.0,0.0,16.0,0.0,0.0,0.0,0.0,0.0,20.52,20.34,0.0,18.57,178.3,12.71,2.0,3.474,-1.0,2.728,5.1,4901
2016-03-31 23:25:00,0.0,0.0,0.0,1113782.0,62.9,59.9,60.0,0.0,43261.0,540.0,96899.0,1070507.0,0.0,1.0,0.0,0.0,0.0,276.3,276.2,277.4,0.772,274.1,0.531,274.7,0.842,276.0,0.004,13.66,2.0,3.0,0.0,21.23,0.0,21.26,3.537,0.0,-0.02,-0.017,-0.017,-0.3549999999999999,-0.131,0.226,0.0,23.66,18.68,18.7,17.55,17.95,18.02,17.93,-124.7,18.2,17.91,0.025,0.003,0.004,0.006,0.006,0.011,0.009,0.009,12114.0,16815.0,16717.0,17050.0,14419.0,14445.0,11703.0,0.0,0.0,0.0,0.0,0.0,0.0,0.0,0.0,2.049,0.0,60.15,0.0,0.0,0.0,0.0,16.0,0.0,0.0,0.0,0.0,0.0,20.49,20.43,0.0,18.63,182.1,11.94,2.0,3.474,-1.0,4.0680000000000005,7.0,4901
2016-03-31 23:26:00,0.0,0.0,0.0,1113782.0,62.9,59.9,60.0,0.0,43261.0,540.0,96899.0,1070507.0,0.0,1.0,0.0,0.0,0.0,275.4,275.5,276.7,0.772,274.0,0.531,274.1,0.842,275.1,0.004,13.66,2.0,3.0,0.0,21.24,0.0,21.33,3.543,0.0,-0.018,-0.017,-0.017,-0.3449999999999999,-0.134,0.226,0.0,23.66,18.64,18.65,17.52,17.98,18.03,17.93,-125.1,18.2,17.91,0.0279999999999999,0.004,0.004,0.005,0.006,0.011,0.009,0.008,12114.0,16815.0,16717.0,17050.0,14419.0,14445.0,11703.0,0.0,0.0,0.0,0.0,0.0,0.0,0.0,0.0,2.096,0.0,60.14,0.0,0.0,0.0,0.0,16.0,0.0,0.0,0.0,0.0,0.0,20.45,20.39,0.0,18.58,179.1,14.73,2.0,3.474,-1.0,3.135,4.4,4901
2016-03-31 23:27:00,0.0,0.0,0.0,1113782.0,62.9,59.9,60.0,0.0,43261.0,540.0,96899.0,1070507.0,0.0,1.0,0.0,0.0,0.0,275.6,275.3,276.5,0.772,274.0,0.531,274.0,0.842,275.0,0.004,13.66,2.0,3.0,0.0,21.21,0.0,21.46,3.539,0.0,-0.017,-0.017,-0.017,-0.3609999999999999,-0.135,0.226,0.0,23.66,18.66,18.68,17.55,18.0,18.01,18.01,-124.0,18.27,17.91,0.025,0.004,0.004,0.006,0.006,0.012,0.009,0.008,12114.0,16815.0,16717.0,17050.0,14419.0,14445.0,11703.0,0.0,0.0,0.0,0.0,0.0,0.0,0.0,0.0,2.158,0.0,60.14,0.0,0.0,0.0,0.0,16.0,0.0,0.0,0.0,0.0,0.0,20.47,20.42,0.0,18.59,195.0,15.64,2.0,3.474,-1.0,3.133,4.9,4901
2016-03-31 23:28:00,0.0,0.0,0.0,1113782.0,62.9,59.9,60.0,0.0,43261.0,540.0,96899.0,1070507.0,0.0,1.0,0.0,0.0,0.0,275.7,275.3,276.5,0.772,274.0,0.531,274.0,0.842,275.0,0.004,13.66,2.0,3.0,0.0,21.23,0.0,21.59,3.56,0.0,-0.017,-0.017,-0.017,-0.37,-0.134,0.226,0.0,23.66,18.66,18.7,17.58,18.0,18.07,17.9,-124.2,18.2,17.91,0.02,0.004,0.004,0.005,0.006,0.011,0.009,0.008,12114.0,16815.0,16717.0,17050.0,14419.0,14445.0,11703.0,0.0,0.0,0.0,0.0,0.0,0.0,0.0,0.0,2.232,0.0,60.15,0.0,0.0,0.0,0.0,16.0,0.0,0.0,0.0,0.0,0.0,20.47,20.35,0.0,18.58,186.4,12.91,2.0,3.474,-1.0,3.897,6.7,4901
2016-03-31 23:29:00,0.0,0.0,0.0,1113782.0,62.9,59.9,60.0,0.0,43261.0,540.0,96899.0,1070507.0,0.0,1.0,0.0,0.0,0.0,275.8,275.3,276.6,0.772,274.0,0.531,274.0,0.842,275.0,0.002,13.45,2.0,1.0,0.0,21.23,0.0,21.32,3.732,0.0,-0.017,-0.017,-0.016,-0.2789999999999999,-0.127,0.226,0.001,23.61,18.74,18.73,17.63,18.01,18.11,17.99,-124.5,18.26,18.0,0.025,0.003,0.003,0.005,0.006,0.011,0.008,0.009,12114.0,16815.0,16717.0,17050.0,14419.0,14445.0,11703.0,0.0,0.0,0.0,0.0,0.0,0.0,0.0,0.0,2.292,0.0,60.14,0.0,0.0,0.0,0.0,16.0,0.0,0.0,0.0,0.0,0.0,20.48,20.4,0.0,18.64,189.7,12.57,2.0,3.474,-1.0,3.617,5.7,4901
2016-03-31 23:30:00,0.0,0.0,0.0,1113782.0,62.9,59.9,60.0,0.0,43261.0,540.0,96899.0,1070507.0,0.0,1.0,0.0,0.0,0.0,275.7,275.4,276.6,0.772,274.0,0.531,274.0,0.842,275.0,0.006,13.66,2.0,3.0,0.0,21.21,0.0,21.23,3.826,0.0,-0.017,-0.017,-0.0149999999999999,-0.351,-0.127,0.226,0.0,23.57,18.73,18.75,17.65,18.09,18.14,18.01,-124.6,18.27,18.0,0.027,0.003,0.004,0.004,0.006,0.011,0.009,0.008,12114.0,16815.0,16717.0,17050.0,14419.0,14445.0,11703.0,0.0,0.0,0.0,0.0,0.0,0.0,0.0,0.0,2.3040000000000003,0.0,60.14,0.0,0.0,0.0,0.0,16.0,0.0,0.0,0.0,0.0,0.0,20.45,20.37,0.0,18.62,193.4,17.46,2.0,3.474,-1.0,2.56,4.8,4901
2016-03-31 23:31:00,0.0,0.0,0.0,1113782.0,62.9,59.9,60.0,0.0,43261.0,540.0,96899.0,1070507.0,0.0,1.0,0.0,0.0,0.0,275.7,275.4,276.6,0.772,274.0,0.531,274.0,0.842,275.0,0.004,13.66,2.0,3.0,0.0,21.21,0.0,21.29,4.041,0.0,-0.017,-0.017,-0.017,-0.362,-0.127,0.226,0.0,23.57,18.68,18.68,17.58,18.03,18.11,18.03,-124.3,18.23,17.95,0.022,0.003,0.004,0.005,0.0069999999999999,0.011,0.008,0.008,12114.0,16815.0,16717.0,17050.0,14419.0,14445.0,11703.0,0.0,0.0,0.0,0.0,0.0,0.0,0.0,0.0,2.495,0.0,60.17,0.0,0.0,0.0,0.0,16.0,0.0,0.0,0.0,0.0,0.0,20.36,20.34,0.0,18.63,185.8,12.93,2.0,3.475,-1.0,3.143,5.1,4901
2016-03-31 23:32:00,0.0,0.0,0.0,1113782.0,62.9,59.9,60.0,0.0,43261.0,540.0,96899.0,1070507.0,0.0,1.0,0.0,0.0,0.0,275.7,275.5,276.6,0.772,274.0,0.531,274.0,0.842,275.0,0.004,13.66,2.0,3.0,0.0,21.2,0.0,21.34,4.134,0.0,-0.017,-0.017,-0.017,-0.351,-0.127,0.226,0.0,23.57,18.74,18.7,17.6,18.0,18.18,18.01,-124.5,18.29,17.94,0.024,0.004,0.003,0.005,0.006,0.012,0.008,0.009,12114.0,16815.0,16717.0,17050.0,14419.0,14445.0,11703.0,0.0,0.0,0.0,0.0,0.0,0.0,0.0,0.0,2.705,0.0,60.23,0.0,0.0,0.0,0.0,16.0,0.0,0.0,0.0,0.0,0.0,20.4,20.37,0.0,18.64,178.9,14.69,2.0,3.474,-1.0,3.21,4.8,4901
2016-03-31 23:33:00,0.0,0.0,0.0,1113782.0,62.9,59.9,60.0,0.0,43261.0,540.0,96899.0,1070507.0,0.0,1.0,0.0,0.0,0.0,275.6,275.4,276.5,0.772,274.0,0.531,274.0,0.842,275.0,0.004,13.66,2.0,3.0,0.0,21.18,0.0,21.19,4.152,0.0,-0.017,-0.017,-0.016,-0.347,-0.127,0.226,0.0,23.57,18.76,18.77,17.61,18.03,18.11,18.05,-124.4,18.31,17.95,0.024,0.003,0.004,0.005,0.006,0.011,0.009,0.008,12114.0,16815.0,16717.0,17050.0,14419.0,14445.0,11703.0,0.0,0.0,0.0,0.0,0.0,0.0,0.0,0.0,2.8310000000000004,0.0,60.14,0.0,0.0,0.0,0.0,16.0,0.0,0.0,0.0,0.0,0.0,20.36,20.35,0.0,18.68,184.6,16.9,2.0,3.475,-1.0,3.262,5.1,4901
2016-03-31 23:34:00,0.0,0.0,0.0,1113782.0,62.9,59.9,60.0,0.0,43261.0,540.0,96899.0,1070507.0,0.0,1.0,0.0,0.0,0.0,275.5,275.5,276.6,0.772,274.0,0.531,274.0,0.842,275.0,0.006,13.66,2.0,3.0,0.0,21.18,0.0,21.6,4.303,0.0,-0.017,-0.017,-0.0139999999999999,-0.3339999999999999,-0.127,0.226,0.0,23.57,18.82,18.79,17.69,18.11,18.18,18.11,-124.0,18.39,18.02,0.025,0.003,0.004,0.005,0.005,0.011,0.009,0.009,12114.0,16815.0,16717.0,17050.0,14419.0,14445.0,11703.0,0.0,0.0,0.0,0.0,0.0,0.0,0.0,0.0,2.965,0.0,60.14,0.0,0.0,0.0,0.0,16.0,0.0,0.0,0.0,0.0,0.0,20.4,20.46,0.0,18.76,190.3,14.88,2.0,3.474,-1.0,3.593,5.8,4901
2016-03-31 23:35:00,0.0,0.0,0.0,1113782.0,62.9,59.9,60.0,0.0,43261.0,540.0,96899.0,1070507.0,0.0,1.0,0.0,0.0,0.0,275.5,275.4,276.6,0.772,274.0,0.531,274.0,0.842,275.0,0.001,13.5,2.0,1.0,0.0,21.18,0.0,21.39,4.711,0.0,-0.017,-0.017,-0.013,-0.3549999999999999,-0.129,0.226,0.001,23.5,18.77,18.86,17.71,18.11,18.24,18.13,-124.8,18.4,18.05,0.02,0.003,0.004,0.005,0.006,0.012,0.009,0.009,12114.0,16815.0,16717.0,17050.0,14419.0,14445.0,11703.0,0.0,0.0,0.0,0.0,0.0,0.0,0.0,0.0,3.262,0.0,60.17,0.0,0.0,0.0,0.0,16.0,0.0,0.0,0.0,0.0,0.0,20.42,20.37,0.0,18.7,191.5,14.26,2.0,3.473,-1.0,2.815,5.2,4901
2016-03-31 23:36:00,0.0,0.0,0.0,1113782.0,62.9,59.9,60.0,0.0,43261.0,540.0,96899.0,1070507.0,0.0,1.0,0.0,0.0,0.0,275.4,275.4,276.6,0.772,274.0,0.531,274.0,0.842,275.0,0.004,13.66,2.0,3.0,0.0,21.18,0.0,21.43,4.729,0.0,-0.017,-0.017,-0.011,-0.346,-0.132,0.226,0.0,23.47,18.84,18.86,17.73,18.19,18.26,18.13,-124.9,18.39,18.07,0.018,0.003,0.004,0.005,0.006,0.012,0.008,0.009,12114.0,16815.0,16717.0,17050.0,14419.0,14445.0,11703.0,0.0,0.0,0.0,0.0,0.0,0.0,0.0,0.0,3.3760000000000003,0.0,60.17,0.0,0.0,0.0,0.0,16.0,0.0,0.0,0.0,0.0,0.0,20.39,20.39,0.0,18.73,185.8,17.68,2.0,3.475,-1.0,2.958,4.6,4901
2016-03-31 23:37:00,0.0,0.0,0.0,1113782.0,62.9,59.9,60.0,0.0,43261.0,540.0,96899.0,1070507.0,0.0,1.0,0.0,0.0,0.0,275.6,275.4,276.5,0.772,274.0,0.531,274.0,0.842,275.0,0.004,13.66,2.0,3.0,0.0,21.16,0.0,21.68,4.697,0.0,-0.017,-0.017,-0.01,-0.356,-0.126,0.226,0.0,23.47,18.77,18.86,17.73,18.14,18.24,18.16,-124.5,18.42,18.1,0.027,0.004,0.004,0.005,0.006,0.011,0.009,0.008,12114.0,16815.0,16717.0,17050.0,14419.0,14445.0,11703.0,0.0,0.0,0.0,0.0,0.0,0.0,0.0,0.0,3.229,0.0,60.13,0.0,0.0,0.0,0.0,16.0,0.0,0.0,0.0,0.0,0.0,20.39,20.35,0.0,18.67,185.6,16.21,2.0,3.474,-1.0,3.42,6.1,4901
2016-03-31 23:38:00,0.0,0.0,0.0,1113782.0,62.9,59.9,60.0,0.0,43261.0,540.0,96899.0,1070507.0,0.0,1.0,0.0,0.0,0.0,275.5,275.3,276.5,0.772,274.0,0.531,274.0,0.842,275.0,0.004,13.66,2.0,3.0,0.0,21.15,0.0,21.35,4.48,0.0,-0.017,-0.017,-0.01,-0.3529999999999999,-0.123,0.226,0.0,23.47,18.78,18.84,17.73,18.17,18.22,18.18,-124.6,18.42,18.1,0.025,0.003,0.004,0.005,0.006,0.012,0.008,0.008,12114.0,16815.0,16717.0,17050.0,14419.0,14445.0,11703.0,0.0,0.0,0.0,0.0,0.0,0.0,0.0,0.0,3.0980000000000003,0.0,60.14,0.0,0.0,0.0,0.0,16.0,0.0,0.0,0.0,0.0,0.0,20.37,20.29,0.0,18.65,184.9,13.57,2.0,3.474,-1.0,2.748,5.4,4901
2016-03-31 23:39:00,0.0,0.0,0.0,1113782.0,62.9,59.9,60.0,0.0,43261.0,540.0,96899.0,1070507.0,0.0,1.0,0.0,0.0,0.0,275.5,275.3,276.5,0.772,274.0,0.531,274.0,0.842,275.0,0.004,13.66,2.0,3.0,0.0,21.15,0.0,21.37,4.374,0.0,-0.017,-0.017,-0.01,-0.356,-0.121,0.226,0.0,23.47,18.77,18.81,17.76,18.22,18.25,18.14,-124.9,18.39,18.13,0.023,0.003,0.005,0.005,0.0069999999999999,0.012,0.008,0.008,12114.0,16815.0,16717.0,17050.0,14419.0,14445.0,11703.0,0.0,0.0,0.0,0.0,0.0,0.0,0.0,0.0,2.942,0.0,60.14,0.0,0.0,0.0,0.0,16.0,0.0,0.0,0.0,0.0,0.0,20.35,20.3,0.0,18.68,179.5,17.8,2.0,3.474,-1.0,3.628,6.2,4901
2016-03-31 23:40:00,0.0,0.0,0.0,1113782.0,62.9,59.9,60.0,0.0,43261.0,540.0,96899.0,1070507.0,0.0,1.0,0.0,0.0,0.0,275.4,275.5,276.6,0.772,274.0,0.531,274.0,0.842,275.0,-0.0409999999999999,13.3,2.0,1.0,0.0,21.15,0.0,21.53,4.174,0.0,-0.017,-0.017,-0.01,-0.3229999999999999,-0.122,0.226,0.001,23.47,18.76,18.86,17.74,18.2,18.24,18.13,-124.4,18.48,18.2,0.025,0.004,0.004,0.005,0.006,0.011,0.008,0.008,12114.0,16815.0,16717.0,17050.0,14419.0,14445.0,11703.0,0.0,0.0,0.0,0.0,0.0,0.0,0.0,0.0,2.8310000000000004,0.0,60.14,0.0,0.0,0.0,0.0,16.0,0.0,0.0,0.0,0.0,0.0,20.37,20.29,0.0,18.69,185.4,14.14,2.0,3.475,-1.0,3.283,5.6,4901
2016-03-31 23:41:00,0.0,0.0,0.0,1113782.0,62.9,59.9,60.0,0.0,43261.0,540.0,96899.0,1070507.0,0.0,1.0,0.0,0.0,0.0,275.5,275.4,276.6,0.772,274.0,0.531,274.0,0.842,275.0,0.048,13.31,2.0,3.0,0.0,21.14,0.0,21.4,4.141,0.0,-0.017,-0.017,-0.01,-0.342,-0.118,0.2269999999999999,0.001,23.47,18.81,18.84,17.73,18.21,18.22,18.13,-124.3,18.43,18.11,0.022,0.003,0.004,0.005,0.006,0.011,0.009,0.008,12114.0,16815.0,16717.0,17050.0,14419.0,14445.0,11703.0,0.0,0.0,0.0,0.0,0.0,0.0,0.0,0.0,2.829,0.0,60.14,0.0,0.0,0.0,0.0,16.0,0.0,0.0,0.0,0.0,0.0,20.39,20.2,0.0,18.65,190.5,17.44,2.0,3.474,-1.0,2.717,5.7,4901
2016-03-31 23:42:00,0.0,0.0,0.0,1113782.0,62.9,59.9,60.0,0.0,43261.0,540.0,96899.0,1070507.0,0.0,1.0,0.0,0.0,0.0,275.8,275.4,276.6,0.772,274.0,0.531,274.0,0.842,275.0,0.004,13.66,2.0,3.0,0.0,21.13,0.0,21.27,4.127,0.0,-0.017,-0.017,-0.01,-0.3479999999999999,-0.1159999999999999,0.226,0.0,23.47,18.79,18.84,17.73,18.12,18.19,18.13,-124.2,18.4,18.1,0.023,0.003,0.004,0.005,0.006,0.011,0.009,0.008,12114.0,16815.0,16717.0,17050.0,14419.0,14445.0,11703.0,0.0,0.0,0.0,0.0,0.0,0.0,0.0,0.0,2.822,0.0,60.15,0.0,0.0,0.0,0.0,16.0,0.0,0.0,0.0,0.0,0.0,20.36,20.22,0.0,18.64,186.8,18.98,2.0,3.474,-1.0,2.793,4.5,4901
2016-03-31 23:43:00,0.0,0.0,0.0,1113782.0,62.9,59.9,60.0,0.0,43261.0,540.0,96899.0,1070507.0,0.0,1.0,0.0,0.0,0.0,275.8,275.6,276.8,0.772,274.0,0.531,274.0,0.842,275.0,0.004,13.66,2.0,3.0,0.0,21.12,0.0,21.29,4.123,0.0,-0.017,-0.017,-0.01,-0.346,-0.114,0.226,0.0,23.38,18.83,18.92,17.74,18.2,18.29,18.15,-124.0,18.39,18.11,0.02,0.003,0.004,0.005,0.006,0.011,0.008,0.008,12114.0,16815.0,16717.0,17050.0,14419.0,14445.0,11703.0,0.0,0.0,0.0,0.0,0.0,0.0,0.0,0.0,2.716,0.0,60.2,0.0,0.0,0.0,0.0,16.0,0.0,0.0,0.0,0.0,0.0,20.39,20.33,0.0,18.73,191.9,10.37,2.0,3.474,-1.0,3.355,5.8,4901
2016-03-31 23:44:00,0.0,0.0,0.0,1113782.0,62.9,59.9,60.0,0.0,43261.0,540.0,96899.0,1070507.0,0.0,1.0,0.0,0.0,0.0,275.8,275.5,276.7,0.772,274.0,0.531,274.0,0.842,275.0,0.004,13.66,2.0,3.0,0.0,21.12,0.0,21.37,4.122,0.0,-0.017,-0.017,-0.01,-0.351,-0.1119999999999999,0.226,0.0,23.38,18.81,18.87,17.72,18.12,18.25,18.13,-124.4,18.39,18.1,0.02,0.003,0.003,0.006,0.006,0.011,0.008,0.008,12114.0,16815.0,16717.0,17050.0,14419.0,14445.0,11703.0,0.0,0.0,0.0,0.0,0.0,0.0,0.0,0.0,2.623,0.0,60.21,0.0,0.0,0.0,0.0,16.0,0.0,0.0,0.0,0.0,0.0,20.39,20.26,0.0,18.66,182.6,14.37,2.0,3.474,-1.0,3.043,5.9,4901
2016-03-31 23:45:00,0.0,0.0,0.0,1113782.0,62.9,59.9,60.0,0.0,43261.0,540.0,96899.0,1070507.0,0.0,1.0,0.0,0.0,0.0,275.7,275.5,276.7,0.772,274.0,0.531,274.0,0.842,275.0,0.004,13.66,2.0,3.0,0.0,21.12,0.0,21.2,4.107,0.0,-0.017,-0.017,-0.01,-0.332,-0.11,0.226,0.0,23.38,18.81,18.89,17.73,18.18,18.24,18.13,-124.6,18.44,18.1,0.0279999999999999,0.003,0.004,0.005,0.006,0.011,0.009,0.009,12114.0,16815.0,16717.0,17050.0,14419.0,14445.0,11703.0,0.0,0.0,0.0,0.0,0.0,0.0,0.0,0.0,2.5610000000000004,0.0,60.14,0.0,0.0,0.0,0.0,16.0,0.0,0.0,0.0,0.0,0.0,20.34,20.3,0.0,18.68,182.6,27.22,2.0,3.474,-1.0,3.085,5.6,4901
2016-03-31 23:46:00,0.0,0.0,0.0,1113782.0,62.9,59.9,60.0,0.0,43261.0,540.0,96899.0,1070507.0,0.0,1.0,0.0,0.0,0.0,275.8,275.5,276.7,0.772,274.0,0.531,274.0,0.842,275.0,0.002,13.38,2.0,3.0,0.0,21.12,0.0,21.37,4.041,0.0,-0.017,-0.017,-0.011,-0.2989999999999999,-0.109,0.226,0.001,23.38,18.83,18.86,17.74,18.13,18.27,18.13,-124.0,18.42,18.12,0.033,0.003,0.004,0.005,0.006,0.012,0.009,0.008,12114.0,16815.0,16717.0,17050.0,14419.0,14445.0,11703.0,0.0,0.0,0.0,0.0,0.0,0.0,0.0,0.0,2.494,0.0,60.2,0.0,0.0,0.0,0.0,16.0,0.0,0.0,0.0,0.0,0.0,20.35,20.22,0.0,18.66,192.2,18.48,2.0,3.474,-1.0,3.897,6.6,4901
2016-03-31 23:47:00,0.0,0.0,0.0,1113782.0,62.9,59.9,60.0,0.0,43261.0,540.0,96899.0,1070507.0,0.0,1.0,0.0,0.0,0.0,275.8,275.4,276.6,0.772,274.0,0.531,274.0,0.842,275.0,0.006,13.66,2.0,3.0,0.0,21.1,0.0,21.31,3.982,0.0,-0.017,-0.017,-0.012,-0.332,-0.108,0.226,0.0,23.36,18.81,18.86,17.71,18.14,18.24,18.11,-124.4,18.37,18.11,0.022,0.003,0.004,0.005,0.006,0.01,0.009,0.008,12114.0,16815.0,16717.0,17050.0,14419.0,14445.0,11703.0,0.0,0.0,0.0,0.0,0.0,0.0,0.0,0.0,2.392,0.0,60.14,0.0,0.0,0.0,0.0,16.0,0.0,0.0,0.0,0.0,0.0,20.3,20.2,0.0,18.63,181.6,11.1,2.0,3.474,-1.0,3.13,4.7,4901
2016-03-31 23:48:00,0.0,0.0,0.0,1113782.0,62.9,59.9,60.0,0.0,43261.0,540.0,96899.0,1070507.0,0.0,1.0,0.0,0.0,0.0,275.9,275.3,276.5,0.772,274.0,0.531,274.0,0.842,275.0,0.004,13.66,2.0,3.0,0.0,21.1,0.0,21.33,3.879,0.0,-0.017,-0.017,-0.013,-0.337,-0.107,0.226,0.0,23.34,18.73,18.8,17.61,18.12,18.21,18.06,-124.8,18.35,18.08,0.022,0.004,0.004,0.005,0.005,0.011,0.008,0.009,12114.0,16815.0,16717.0,17050.0,14419.0,14445.0,11703.0,0.0,0.0,0.0,0.0,0.0,0.0,0.0,0.0,2.292,0.0,60.14,0.0,0.0,0.0,0.0,16.0,0.0,0.0,0.0,0.0,0.0,20.28,20.13,0.0,18.61,184.9,19.91,2.0,3.474,-1.0,3.225,5.1,4901
2016-03-31 23:49:00,0.0,0.0,0.0,1113782.0,62.9,59.9,60.0,0.0,43261.0,540.0,96899.0,1070507.0,0.0,1.0,0.0,0.0,0.0,275.9,275.5,276.7,0.772,274.0,0.531,274.0,0.842,275.0,0.004,13.66,2.0,3.0,0.0,21.1,0.0,21.51,3.726,0.0,-0.017,-0.017,-0.0139999999999999,-0.341,-0.111,0.226,0.0,23.29,18.73,18.71,17.6,18.05,18.14,18.06,-125.1,18.27,18.03,0.019,0.003,0.003,0.005,0.0069999999999999,0.011,0.008,0.008,12114.0,16815.0,16717.0,17050.0,14419.0,14445.0,11703.0,0.0,0.0,0.0,0.0,0.0,0.0,0.0,0.0,2.292,0.0,60.13,0.0,0.0,0.0,0.0,16.0,0.0,0.0,0.0,0.0,0.0,20.21,20.08,0.0,18.55,186.1,15.14,2.0,3.474,-1.0,2.79,4.1,4901
2016-03-31 23:50:00,0.0,0.0,0.0,1113782.0,62.9,59.9,60.0,0.0,43261.0,540.0,96899.0,1070507.0,0.0,1.0,0.0,0.0,0.0,275.9,275.4,276.6,0.772,274.0,0.531,274.0,0.842,275.0,0.004,13.66,2.0,3.0,0.0,21.08,0.0,21.34,3.69,0.0,-0.017,-0.017,-0.017,-0.346,-0.11,0.226,0.0,23.28,18.64,18.68,17.55,18.0,18.04,17.99,-124.9,18.26,17.97,0.024,0.004,0.003,0.005,0.006,0.011,0.009,0.008,12114.0,16815.0,16717.0,17050.0,14419.0,14445.0,11703.0,0.0,0.0,0.0,0.0,0.0,0.0,0.0,0.0,2.292,0.0,60.22,0.0,0.0,0.0,0.0,16.0,0.0,0.0,0.0,0.0,0.0,20.13,20.07,0.0,18.48,178.6,16.55,2.0,3.474,-1.0,2.653,4.8,4901
2016-03-31 23:51:00,0.0,0.0,0.0,1113782.0,62.9,59.9,60.0,0.0,43261.0,540.0,96899.0,1070507.0,0.0,1.0,0.0,0.0,0.0,275.6,275.6,276.7,0.772,274.0,0.531,274.0,0.842,275.0,0.006,13.66,2.0,3.0,0.0,21.07,0.0,21.3,3.594,0.0,-0.02,-0.017,-0.017,-0.324,-0.11,0.226,0.0,23.28,18.6,18.64,17.45,17.92,17.98,17.93,-124.0,18.2,17.91,0.022,0.003,0.003,0.005,0.006,0.011,0.008,0.008,12114.0,16815.0,16717.0,17050.0,14419.0,14445.0,11703.0,0.0,0.0,0.0,0.0,0.0,0.0,0.0,0.0,2.248,0.0,60.22,0.0,0.0,0.0,0.0,16.0,0.0,0.0,0.0,0.0,0.0,20.11,20.06,0.0,18.45,180.4,17.13,2.0,3.474,-1.0,2.403,4.1,4901
2016-03-31 23:52:00,0.0,0.0,0.0,1113782.0,62.9,59.9,60.0,0.0,43261.0,540.0,96899.0,1070507.0,0.0,1.0,0.0,0.0,0.0,275.8,275.5,276.6,0.772,274.0,0.531,274.0,0.842,275.0,0.0,13.27,2.0,1.0,0.0,21.07,0.0,21.36,3.599,0.0,-0.023,-0.017,-0.017,-0.3599999999999999,-0.113,0.2269999999999999,0.001,23.28,18.57,18.57,17.44,17.85,17.93,17.91,-124.0,18.18,17.81,0.025,0.003,0.004,0.005,0.006,0.011,0.009,0.008,12114.0,16815.0,16717.0,17050.0,14419.0,14445.0,11703.0,0.0,0.0,0.0,0.0,0.0,0.0,0.0,0.0,2.1830000000000003,0.0,60.22,0.0,0.0,0.0,0.0,16.0,0.0,0.0,0.0,0.0,0.0,20.11,20.02,0.0,18.42,184.0,15.02,2.0,3.475,-1.0,2.898,4.6,4901
2016-03-31 23:53:00,0.0,0.0,0.0,1113782.0,62.9,59.9,60.0,0.0,43261.0,540.0,96899.0,1070507.0,0.0,1.0,0.0,0.0,0.0,275.7,275.5,276.7,0.772,274.0,0.531,274.0,0.842,275.0,0.005,13.66,2.0,3.0,0.0,21.07,0.0,21.18,3.65,0.0,-0.023,-0.017,-0.017,-0.3389999999999999,-0.11,0.226,0.0,23.28,18.57,18.62,17.42,17.85,17.95,17.85,-124.2,18.2,17.81,0.022,0.003,0.003,0.005,0.006,0.01,0.009,0.008,12114.0,16815.0,16717.0,17050.0,14419.0,14445.0,11703.0,0.0,0.0,0.0,0.0,0.0,0.0,0.0,0.0,2.15,0.0,60.15,0.0,0.0,0.0,0.0,16.0,0.0,0.0,0.0,0.0,0.0,20.15,20.16,0.0,18.44,186.8,17.35,2.0,3.474,-1.0,4.093,5.5,4901
2016-03-31 23:54:00,0.0,0.0,0.0,1113782.0,62.9,59.9,60.0,0.0,43261.0,540.0,96899.0,1070507.0,0.0,1.0,0.0,0.0,0.0,275.9,275.6,276.8,0.772,274.0,0.531,274.0,0.842,275.0,0.004,13.66,2.0,3.0,0.0,21.04,0.0,21.37,3.584,0.0,-0.019,-0.017,-0.017,-0.34,-0.109,0.226,0.0,23.28,18.54,18.6,17.44,17.89,17.92,17.86,-124.3,18.18,17.81,0.0289999999999999,0.004,0.004,0.006,0.006,0.012,0.008,0.008,12114.0,16815.0,16717.0,17050.0,14419.0,14445.0,11703.0,0.0,0.0,0.0,0.0,0.0,0.0,0.0,0.0,2.083,0.0,60.23,0.0,0.0,0.0,0.0,16.0,0.0,0.0,0.0,0.0,0.0,20.25,20.13,0.0,18.4,180.9,21.3,2.0,3.474,-1.0,3.1830000000000003,4.7,4901
2016-03-31 23:55:00,0.0,0.0,0.0,1113782.0,62.9,59.9,60.0,0.0,43261.0,540.0,96899.0,1070507.0,0.0,1.0,0.0,0.0,0.0,275.9,275.5,276.7,0.772,274.0,0.531,274.0,0.842,275.0,0.004,13.66,2.0,3.0,0.0,21.04,0.0,21.38,3.55,0.0,-0.017,-0.017,-0.017,-0.341,-0.108,0.226,0.0,23.26,18.56,18.57,17.37,17.86,17.9,17.83,-124.9,18.13,17.81,0.025,0.003,0.003,0.004,0.006,0.011,0.009,0.009,12114.0,16815.0,16717.0,17050.0,14419.0,14445.0,11703.0,0.0,0.0,0.0,0.0,0.0,0.0,0.0,0.0,2.028,0.0,60.22,0.0,0.0,0.0,0.0,16.0,0.0,0.0,0.0,0.0,0.0,20.21,20.13,0.0,18.4,178.0,15.34,2.0,3.474,-1.0,3.478,5.2,4901
2016-03-31 23:56:00,0.0,0.0,0.0,1113782.0,62.9,59.9,60.0,0.0,43261.0,540.0,96899.0,1070507.0,0.0,1.0,0.0,0.0,0.0,275.8,275.5,276.7,0.772,274.0,0.531,274.0,0.842,275.0,0.004,13.66,2.0,3.0,0.0,21.03,0.0,21.33,3.542,0.0,-0.017,-0.017,-0.017,-0.3439999999999999,-0.107,0.226,0.0,23.18,18.54,18.55,17.37,17.87,17.95,17.83,-125.0,18.18,17.84,0.025,0.002,0.003,0.005,0.006,0.011,0.008,0.008,12114.0,16815.0,16717.0,17050.0,14419.0,14445.0,11703.0,0.0,0.0,0.0,0.0,0.0,0.0,0.0,0.0,2.022,0.0,60.23,0.0,0.0,0.0,0.0,16.0,0.0,0.0,0.0,0.0,0.0,20.22,20.11,0.0,18.38,197.3,14.03,2.0,3.474,-1.0,3.212,4.8,4901
2016-03-31 23:57:00,0.0,0.0,0.0,1113782.0,62.9,59.9,60.0,0.0,43261.0,540.0,96899.0,1070507.0,0.0,1.0,0.0,0.0,0.0,275.8,275.6,276.7,0.772,274.0,0.531,274.0,0.842,275.0,0.027,13.66,2.0,1.0,0.0,21.02,0.0,21.47,3.536,0.0,-0.017,-0.017,-0.017,-0.2919999999999999,-0.106,0.226,0.0,23.18,18.48,18.48,17.32,17.82,17.94,17.73,-124.9,18.07,17.81,0.024,0.003,0.004,0.005,0.006,0.011,0.008,0.008,12114.0,16815.0,16717.0,17050.0,14419.0,14445.0,11703.0,0.0,0.0,0.0,0.0,0.0,0.0,0.0,0.0,2.022,0.0,60.17,0.0,0.0,0.0,0.0,16.0,0.0,0.0,0.0,0.0,0.0,20.15,20.03,0.0,18.31,185.9,12.18,2.0,3.474,-1.0,2.605,4.6,4901
2016-03-31 23:58:00,0.0,0.0,0.0,1113782.0,62.9,59.9,60.0,0.0,43261.0,540.0,96899.0,1070507.0,0.0,1.0,0.0,0.0,0.0,276.2,275.4,276.6,0.772,274.0,0.531,274.0,0.842,275.0,-0.021,13.3,2.0,1.0,0.0,21.02,0.0,21.35,3.63,0.0,-0.018,-0.017,-0.017,-0.34,-0.105,0.228,0.001,23.18,18.41,18.41,17.31,17.79,17.86,17.73,-124.9,18.0,17.73,0.022,0.003,0.003,0.006,0.006,0.011,0.008,0.008,12114.0,16815.0,16717.0,17050.0,14419.0,14445.0,11703.0,0.0,0.0,0.0,0.0,0.0,0.0,0.0,0.0,2.031,0.0,60.14,0.0,0.0,0.0,0.0,16.0,0.0,0.0,0.0,0.0,0.0,20.12,19.91,0.0,18.22,174.6,15.54,2.0,3.474,-1.0,1.852,2.9,4901
2016-03-31 23:59:00,0.0,0.0,0.0,1113782.0,62.9,59.9,60.0,0.0,43261.0,540.0,96899.0,1070507.0,0.0,1.0,0.0,0.0,0.0,276.0,275.4,276.6,0.772,274.0,0.531,274.0,0.842,275.0,0.006,13.66,2.0,3.0,0.0,21.01,0.0,21.22,3.554,0.0,-0.023,-0.017,-0.017,-0.3479999999999999,-0.107,0.226,0.0,23.18,18.3,18.32,17.21,17.7,17.76,17.68,-124.8,17.94,17.63,0.024,0.003,0.004,0.005,0.006,0.011,0.008,0.0069999999999999,12114.0,16815.0,16717.0,17050.0,14419.0,14445.0,11703.0,0.0,0.0,0.0,0.0,0.0,0.0,0.0,0.0,2.022,0.0,60.15,0.0,0.0,0.0,0.0,16.0,0.0,0.0,0.0,0.0,0.0,20.09,19.93,0.0,18.14,171.5,16.03,2.0,3.474,-1.0,2.408,4.3,4901
