measured_on,ac_current__319,ac_power__315,ac_voltage__318,ambient_temp__320,das_battery_voltage__326,das_temp__325,dc_pos_current__317,dc_pos_voltage__316,dc_power__314,inverter_temp__324,module_temp_1__321,module_temp_2__322,module_temp_3__323,poa_irradiance__313,power_factor__327,system_id
2014-01-11 00:00:00,0.1835526,2.774669,122.5841,3.225907,13.64949,3.140697,0.0002281443,2.087115,0.002310229,3.100694,1.901911,1.665578,1.950743,-2.943881,0.1233738999999999,4
2014-01-11 00:01:00,0.1837915,2.796392,122.5979,3.363352,13.6492,3.139003,-0.005018138,2.184031,-0.0079135079999999,3.144146,2.012233,1.700514,2.02731,-2.583424,0.1226018,4
2014-01-11 00:02:00,0.1838151,2.796045,122.6658,3.278067,13.64977,3.142391,-0.008211377,2.058559,-0.01478077,3.144668,1.980435,1.644976,2.008428,-2.883817,0.122605,4
2014-01-11 00:03:00,0.1837901,2.78922,122.6894,3.490424,13.64943,3.135614,-0.0027371159999999,2.087051,-0.005993443,3.190916,2.08996,1.774689,2.133033,-2.763653,0.1226948,4
2014-01-11 00:04:00,0.1838785,2.794439,122.7031,3.378277,13.64973,3.142391,-0.0070709589999999,1.847576,-0.01254905,3.212023,2.148436,1.851157,2.159921,-2.403172,0.1228537,4
2014-01-11 00:05:00,0.1837414,2.787569,122.5769,3.312677,13.64961,3.142391,0.0002280976,2.218248,0.001233074,3.222771,2.162791,1.851152,2.126895,-2.222931,0.1240598,4
2014-01-11 00:06:00,0.1838724999999999,2.79771,122.6232,3.151167,13.64977,3.142391,-0.0002281103,2.355075,-0.0004526892999999,3.196978,2.06439,1.695203,1.992579,-2.823718,0.1223993,4
2014-01-11 00:07:00,0.1839151,2.78989,122.6329,3.067504,13.64985,3.142391,0.0011404659999999,1.93309,0.002715784,3.152551,1.896328,1.535653,1.853949,-2.283005,0.1234591,4
2014-01-11 00:08:00,0.1838537,2.7813,122.6813,3.19516,13.64967,3.142391,0.0015966489999999,2.223885,0.004760384,3.140369,1.754864,1.422863,1.707446,-2.523318,0.1229933,4
2014-01-11 00:09:00,0.1837384,2.799389,122.6769,3.155496,13.64958,3.142391,0.001596629,2.109831,0.001623179,3.12102,1.685908,1.437963,1.688053,-3.124107,0.1232331,4
2014-01-11 00:10:00,0.1837293999999999,2.792021,122.6881,3.246351,13.64931,3.142391,0.0025089719999999,2.064193,0.0068828099999999,3.141802,1.794386,1.498347,1.790792,-3.064025,0.1240778,4
2014-01-11 00:11:00,0.1837835999999999,2.800286,122.6703,3.283844,13.64983,3.142391,-0.0018246969999999,1.904527,-0.004713349,3.153268,1.857596,1.534999,1.865495,-2.883787,0.1237439,4
2014-01-11 00:12:00,0.1835633,2.798489,122.6524,3.368188,13.64999,3.142391,-0.0075268319999999,2.081278,-0.01507631,3.178347,1.970361,1.67442,1.973949,-2.883784,0.123115,4
2014-01-11 00:13:00,0.1836489,2.792686,122.7155,3.324213,13.65003,3.142391,-0.0020527639999999,2.086977,-0.0055404199999999,3.180496,1.93302,1.57095,1.905728,-2.883783,0.1234230999999999,4
2014-01-11 00:14:00,0.1836502,2.798173,122.7002,3.3615,13.64971,3.163103,-0.0020528249999999,2.081325,-0.0041204429999999,3.214821,2.023428,1.675063,2.006192,-2.88378,0.1233641999999999,4
2014-01-11 00:15:00,0.1836668999999999,2.801461,122.6679,3.320848,13.64973,3.164986,-0.0025089999999999,2.035712,-0.003761443,3.20094,1.987257,1.630247,1.96643,-2.703544,0.1230654999999999,4
2014-01-11 00:16:00,0.1836494999999999,2.802089,122.6864,3.343923,13.64985,3.164986,0.0029651439999999,2.218156,0.0062741109999999,3.212407,2.016633,1.630879,1.979286,-2.823701,0.1232761,4
2014-01-11 00:17:00,0.1837472,2.809239,122.7097,3.248037,13.64985,3.164986,-0.002965137,2.00147,-0.006711077,3.191627,1.93549,1.607895,1.932615,-2.823701,0.1236852,4
2014-01-11 00:18:00,0.1836162,2.804322,122.6503,3.174247,13.64995,3.142391,-0.01026385,2.058473,-0.01993003,3.142518,1.805177,1.436558,1.787936,-2.883778,0.1235499,4
2014-01-11 00:19:00,0.1834813999999999,2.782598,122.5732,3.190109,13.64947,3.142391,0.003193205,2.052778,0.006211575,3.12317,1.699576,1.285593,1.682332,-2.94386,0.1230265,4
2014-01-11 00:20:00,0.1836301999999999,2.79108,122.58,3.231208,13.64966,3.142391,-0.0018247319999999,2.052824,-0.0042921249999999,3.105971,1.611927,1.25036,1.641376,-3.184213,0.1237617,4
2014-01-11 00:21:00,0.1833312,2.772688,122.5314,3.270142,13.64962,3.142391,-0.001368559,1.955891,-0.0026689249999999,3.12962,1.810213,1.530004,1.856182,-3.003973,0.1228912999999999,4
2014-01-11 00:22:00,0.1834465,2.773174,122.5972,3.379716,13.64943,3.142391,-0.0020528669999999,1.99014,-0.005150764,3.159716,1.934462,1.586046,1.976112,-2.943885,0.1227076,4
2014-01-11 00:23:00,0.1838814,2.802547,122.711,3.363133,13.64892,3.142391,-0.0004561883999999,1.938811,0.003090483,3.175481,1.978993,1.634199,1.984017,-2.883804,0.1238472,4
2014-01-11 00:24:00,0.1841191,2.804675,122.9095,3.453229,13.64925,3.142391,-0.0079832289999999,1.933082,-0.0125643,3.204857,2.059434,1.688834,2.050817,-2.643481,0.1234687,4
2014-01-11 00:25:00,0.1839193,2.798208,122.8322,3.463642,13.6492,3.149923,-0.0031932589999999,2.223889,-0.003714527,3.228151,2.05978,1.648931,2.011668,-2.5834,0.1237893,4
2014-01-11 00:26:00,0.1838388,2.790673,122.7917,3.487623,13.64772,3.163103,-0.001824712,1.81901,-0.003137085,3.253512,2.098075,1.812238,2.137551,-2.643475,0.1230461999999999,4
2014-01-11 00:27:00,0.183843,2.803859,122.7615,3.701355,13.64875,3.164986,0.001140415,1.96726,0.0017478839999999,3.333481,2.281596,1.975766,2.302407,-2.643473,0.1235852,4
2014-01-11 00:28:00,0.1837999999999999,2.803885,122.744,3.65163,13.64761,3.164986,-0.002280865,2.02997,-0.006242814,3.377171,2.398591,2.050472,2.397871,-2.763628,0.1235287,4
2014-01-11 00:29:00,0.1838767,2.782883,122.7485,3.378761,13.64478,3.16668,-0.006842568,2.018556,-0.0142179,3.363107,2.312737,1.947327,2.265367,-2.222929,0.1226587,4
2014-01-11 00:30:00,0.1835995,2.791283,122.5928,3.449758,13.64467,3.183624,-0.001596591,2.041355,-0.001888417,3.367153,2.340468,1.98513,2.325397,-2.643501,0.1234263,4
2014-01-11 00:31:00,0.1835036999999999,2.765436,122.474,3.605667,13.6439,3.185318,-0.001824719,2.052788,-0.00354287,3.378876,2.345033,1.971024,2.342878,-2.643496,0.1223505,4
2014-01-11 00:32:00,0.1833432999999999,2.769031,122.3498,3.507669,13.64406,3.185318,-0.00387754,2.104136,-0.008927544,3.362402,2.197896,1.777101,2.144775,-2.403173,0.1228276,4
2014-01-11 00:33:00,0.1833716,2.789036,122.3432,3.550904,13.64394,3.185318,0.001140439,1.756283,0.00307463,3.361685,2.143348,1.804404,2.14837,-2.763641,0.1237705999999999,4
2014-01-11 00:34:00,0.1833683,2.767159,122.3337,3.614166,13.64385,3.198873,0.002314098,1.904532,0.0066954889999999,3.397439,2.253115,1.935785,2.264597,-2.643477,0.1227631,4
2014-01-11 00:35:00,0.1833548,2.79978,122.412,3.6087,13.64374,3.20565,-0.001368543,1.915965,-0.003527334,3.409234,2.315853,2.004999,2.340245,-2.883785,0.1235401,4
2014-01-11 00:36:00,0.183586,2.787313,122.457,3.731188,13.64368,3.20565,-0.0006842795,1.990113,-0.001841739,3.445766,2.430659,2.071771,2.447874,-2.583388,0.1231762,4
2014-01-11 00:37:00,0.1835230999999999,2.783597,122.4803,3.685869,13.6439,3.224479,0.0009123840999999,2.183912,0.0008740685999999,3.468161,2.396441,1.960706,2.360558,-2.583383,0.1232975,4
2014-01-11 00:38:00,0.1836137999999999,2.793543,122.4811,3.512378,13.64401,3.228245,-0.0022808199999999,1.915889,-0.004166915,3.431816,2.219368,1.786373,2.161942,-2.64346,0.1234124999999999,4
2014-01-11 00:39:00,0.1833560999999999,2.785652,122.4724,3.510223,13.64386,3.228245,-0.001596582,2.115452,-0.0027779839999999,3.391711,2.131766,1.776999,2.143964,-2.823719,0.1236037,4
2014-01-11 00:40:00,0.1834501,2.773439,122.4795,3.6882,13.64381,3.228245,-0.00547394,2.218086,-0.01100241,3.421795,2.291116,1.986005,2.314799,-2.883807,0.1227573,4
2014-01-11 00:41:00,0.1833567,2.809116,122.3643,3.772825,13.64367,3.245188,-0.0111763,2.075588,-0.02297381,3.475974,2.441556,2.176726,2.501105,-2.763639,0.1245829,4
2014-01-11 00:42:00,0.1832781,2.773997,122.2877,3.91379,13.64365,3.248577,-0.0038774909999999,1.978661,-0.003277513,3.538801,2.588441,2.256935,2.614263,-2.463242,0.1234576,4
2014-01-11 00:43:00,0.1830792,2.767532,122.1649,3.887088,13.64395,3.255732,-0.003877596,1.950194,-0.009286772,3.57531,2.650838,2.287075,2.627167,-2.583393,0.1235266,4
2014-01-11 00:44:00,0.1829491,2.767122,122.1417,3.74636,13.64398,3.291504,-0.0011404659999999,1.887472,-0.0031684149999999,3.583853,2.536016,2.10613,2.452074,-2.403155,0.1235034,4
2014-01-11 00:45:00,0.1830365999999999,2.787346,122.2079,3.848766,13.64378,3.272866,-0.002052809,2.069915,-0.003340004,3.570965,2.505126,2.187914,2.50871,-2.703546,0.1239295,4
2014-01-11 00:46:00,0.1832678,2.789485,122.2416,3.793915,13.64378,3.291504,0.0002280899,1.915953,0.001295422,3.593173,2.471418,2.103214,2.392483,-2.643466,0.1235229,4
2014-01-11 00:47:00,0.1831048,2.770684,122.2451,3.788667,13.64409,3.320873,-0.0075268749999999,1.933038,-0.01339091,3.598886,2.427684,2.098955,2.404002,-2.76362,0.1231894,4
2014-01-11 00:48:00,0.1831897,2.769616,122.2606,3.846151,13.64411,3.334431,-0.002737043,1.978653,-0.005883877,3.619597,2.422605,2.074484,2.387443,-2.703542,0.1235507,4
2014-01-11 00:49:00,0.1832378,2.77459,122.3426,3.880006,13.64387,3.334431,-0.0015965949999999,2.075573,-0.001747964,3.624612,2.448426,2.205131,2.480708,-2.703539,0.1235926,4
2014-01-11 00:50:00,0.1832931999999999,2.776885,122.3019,3.802584,13.64436,3.351374,-0.01003569,1.921613,-0.0199765499999999,3.643693,2.471857,2.162536,2.452482,-2.58338,0.1237437,4
2014-01-11 00:51:00,0.1832676,2.76972,122.2878,3.765724,13.64407,3.357021,-0.0075267449999999,1.784751,-0.01315635,3.62356,2.360564,1.977225,2.274441,-2.643452,0.1234218,4
2014-01-11 00:52:00,0.1831310999999999,2.808832,122.2875,3.81485,13.64399,3.377354,0.0002282254,2.041376,0.001764163,3.628847,2.335725,2.056489,2.324959,-2.823686,0.1233914,4
2014-01-11 00:53:00,0.1832242,2.815401,122.3259,3.868867,13.64331,3.377354,-0.007527214,1.898911,-0.011722,3.632427,2.401029,2.09239,2.392416,-2.703525,0.1244302999999999,4
2014-01-11 00:54:00,0.183155,2.784408,122.3108,3.826262,13.64185,3.383002,-0.0029654849999999,2.058512,-0.006260037,3.625188,2.363623,2.006135,2.326305,-2.763602,0.12431,4
2014-01-11 00:55:00,0.1832772,2.79557,122.3212,3.877771,13.64122,3.399948,-0.0050177069999999,1.875938,-0.01131421,3.637835,2.31958,1.976414,2.254979,-2.883757,0.1243022,4
2014-01-11 00:56:00,0.1831868,2.795733,122.3187,3.8276,13.64116,3.401643,-0.0070704039999999,1.841725,-0.013421,3.625204,2.267476,1.975987,2.282538,-2.883756,0.1234995,4
2014-01-11 00:57:00,0.1831967999999999,2.787697,122.3045,3.997888,13.64057,3.418586,-0.002052696,1.796109,-0.002574953,3.675065,2.420118,2.171082,2.465314,-2.883754,0.1235427,4
2014-01-11 00:58:00,0.1831919999999999,2.791272,122.3253,4.119086,13.64005,3.42028,-0.006158239,2.029923,-0.01428003,3.746194,2.613365,2.343609,2.624841,-2.523298,0.1236151,4
2014-01-11 00:59:00,0.1830421999999999,2.776708,122.316,3.962139,13.63904,3.42028,-0.0004561697999999,1.69353,-0.0003901706,3.740466,2.616956,2.29912,2.580374,-2.52332,0.1232739999999999,4
2014-01-11 01:00:00,0.183167,2.774882,122.3073,3.824396,13.63852,3.440992,-0.0072987709999999,1.944449,-0.01827594,3.736113,2.554494,2.179918,2.487777,-2.403159,0.1227983,4
2014-01-11 01:01:00,0.1832892999999999,2.797579,122.3376,3.80828,13.638,3.442875,0.0015966369999999,2.098437,0.001685626,3.714372,2.521949,2.238506,2.547767,-2.70355,0.1242062,4
2014-01-11 01:02:00,0.1831075,2.784262,122.319,4.171981,13.63794,3.458124,0.0025089999999999,1.950126,0.0052441909999999,3.804053,2.802571,2.568055,2.86351,-2.703547,0.1239321,4
2014-01-11 01:03:00,0.1830767,2.767483,122.3116,4.338272,13.63789,3.463207,-0.0047896839999999,1.796132,-0.0086146069999999,3.884279,2.940296,2.664242,2.951047,-2.46323,0.1232102,4
2014-01-11 01:04:00,0.1830167,2.763587,122.3055,4.257345,13.63784,3.48015,-0.0061581439999999,1.824637,-0.0141547099999999,3.926985,2.973009,2.662536,2.9472,-2.222913,0.1230374999999999,4
2014-01-11 01:05:00,0.1830831,2.789647,122.3017,4.121288,13.63781,3.495966,-0.0027369529999999,1.818933,-0.005774243,3.922043,2.930051,2.627442,2.894922,-2.463226,0.1241704,4
2014-01-11 01:06:00,0.183183,2.786585,122.3011,4.008323,13.6364,3.506134,0.003192892,1.927218,0.0051648359999999,3.909292,2.856369,2.518577,2.783951,-2.343066,0.1240053,4
2014-01-11 01:07:00,0.1831309999999999,2.780798,122.2443,3.965195,13.63454,3.5163,-0.007526342,2.046937,-0.01420047,3.883667,2.762587,2.393886,2.68657,-2.463223,0.1237052,4
2014-01-11 01:08:00,0.183001,2.790902,122.242,3.976511,13.63404,3.528349,-0.002052625,1.875838,-0.003464285,3.866365,2.72733,2.386593,2.708683,-2.643457,0.1239823,4
2014-01-11 01:09:00,0.1831282999999999,2.771489,122.2782,3.990002,13.63265,3.549057,0.001368385,1.824514,0.001607211,3.866308,2.697154,2.398017,2.698586,-2.703535,0.12307,4
2014-01-11 01:10:00,0.1832023999999999,2.796566,122.2885,4.076655,13.63354,3.550752,-0.00866651,2.024088,-0.0185690599999999,3.864429,2.738995,2.449202,2.785603,-2.883768,0.1242488,4
2014-01-11 01:11:00,0.1833629,2.785939,122.356,3.997119,13.63261,3.567698,0.001140333,1.756113,0.003323719,3.86777,2.710068,2.363572,2.69859,-2.703532,0.1235417999999999,4
2014-01-11 01:12:00,0.1835147,2.790522,122.3881,3.936936,13.63212,3.578806,-0.0018245519999999,1.995598,-0.002559168,3.8481,2.612176,2.239781,2.57344,-2.34306,0.1236733,4
2014-01-11 01:13:00,0.183429,2.777523,122.4012,4.006259,13.63212,3.591984,-0.006613987,1.773233,-0.01123529,3.853399,2.673427,2.40871,2.699959,-3.064002,0.1230607,4
2014-01-11 01:14:00,0.1833248,2.804822,122.3795,4.256068,13.63209,3.591984,-0.005473869,1.836027,-0.009441542,3.903505,2.850519,2.575118,2.861989,-2.943843,0.1243979,4
2014-01-11 01:15:00,0.1832521,2.77411,122.3551,4.130655,13.63209,3.600456,-0.0011403889999999,1.710584,-0.002528146,3.921274,2.878366,2.538421,2.83893,-2.763607,0.1231076,4
2014-01-11 01:16:00,0.1832909,2.777557,122.3554,4.083456,13.63207,3.612316,0.003193085,1.904447,0.006101871,3.910933,2.808536,2.413314,2.754756,-2.763601,0.1230939,4
2014-01-11 01:17:00,0.1832506999999999,2.788684,122.3219,4.062071,13.63207,3.625496,-0.005245694,1.875928,-0.01000302,3.899061,2.717758,2.35907,2.66612,-2.763601,0.1238287,4
2014-01-11 01:18:00,0.1832839,2.803822,122.3556,4.15354,13.63206,3.634911,-0.0052455979999999,1.835959,-0.0089883099999999,3.895592,2.754431,2.441684,2.766619,-2.763597,0.1243443999999999,4
2014-01-11 01:19:00,0.1833811999999999,2.797782,122.357,4.051909,13.63205,3.648465,0.003421042,1.596494,0.0051807019999999,3.886956,2.637486,2.284485,2.653981,-2.823675,0.1240947,4
2014-01-11 01:20:00,0.1834104,2.806376,122.4027,3.922596,13.63204,3.655243,-0.004561573,1.813225,-0.005696174,3.86224,2.548889,2.203014,2.564668,-2.823673,0.1243399,4
2014-01-11 01:21:00,0.1834606,2.787571,122.4473,4.068085,13.63204,3.664657,-0.00524575,1.784699,-0.007334602,3.875945,2.593467,2.307189,2.607095,-3.063985,0.1234436,4
2014-01-11 01:22:00,0.1835132999999999,2.777918,122.4624,4.2101,13.63203,3.677837,0.004333336,1.682019,0.008551444,3.918462,2.785953,2.504794,2.828255,-2.88375,0.1229090999999999,4
2014-01-11 01:23:00,0.183504,2.783331,122.4283,4.207487,13.63203,3.679532,-0.0036490749999999,1.915837,-0.0078178229999999,3.935902,2.847872,2.547371,2.879415,-2.88375,0.123192,4
2014-01-11 01:24:00,0.1833583,2.804274,122.4018,4.301608,13.63202,3.688004,0.003421307,1.625121,0.007241705,3.960119,2.912976,2.540047,2.911538,-2.583359,0.1241886,4
2014-01-11 01:25:00,0.1833566,2.779786,122.4094,4.389462,13.63156,3.69817,-0.0006842439,1.847499,-0.004479182,4.014633,3.03715,2.737471,3.0479,-2.763594,0.1231375,4
2014-01-11 01:26:00,0.183318,2.795711,122.3665,4.273077,13.63202,3.711348,-0.0063863779999999,1.841786,-0.01031611,4.021354,2.962923,2.529795,2.886934,-2.523283,0.1239790999999999,4
2014-01-11 01:27:00,0.1833701,2.775104,122.3618,4.282482,13.63201,3.72076,-0.0018247039999999,1.636531,-0.0039642169999999,4.024323,2.976646,2.674071,2.973776,-2.523283,0.1230622,4
2014-01-11 01:28:00,0.1832494,2.810209,122.3796,4.337972,13.63201,3.730927,-0.00228091,2.018605,-0.002731339,4.066678,3.083585,2.7237,3.03843,-2.463206,0.1245885,4
2014-01-11 01:29:00,0.1833963999999999,2.802166,122.3938,4.261498,13.63201,3.742975,-0.002052813,1.944463,-0.003839442,4.055112,3.014659,2.637511,2.976665,-2.34305,0.1241004,4
2014-01-11 01:30:00,0.1834291,2.798441,122.4481,4.347671,13.63155,3.763687,0.0027370559999999,1.824704,0.0048850689999999,4.111579,3.138598,2.826076,3.1042,-2.34305,0.1239604,4
2014-01-11 01:31:00,0.1834108,2.814268,122.4655,4.352704,13.632,3.763687,-0.005017897,1.767636,-0.0085369529999999,4.107285,3.125705,2.813895,3.102771,-2.883755,0.1246421,4
2014-01-11 01:32:00,0.1835194,2.806465,122.4853,4.303638,13.62833,3.777242,0.002280779,1.642161,0.005134327,4.119399,3.084816,2.714899,3.031063,-2.823677,0.1241994,4
2014-01-11 01:33:00,0.1833708,2.771285,122.4338,4.273006,13.62787,3.784019,-0.0057017869999999,1.835942,-0.01134474,4.106867,3.042849,2.710904,3.014893,-2.222895,0.1227752,4
2014-01-11 01:34:00,0.1833494,2.796568,122.4583,4.295147,13.62787,3.804731,-0.006157672,1.835899,-0.0091281499999999,4.11255,2.990468,2.621903,2.939569,-2.583365,0.1237623,4
2014-01-11 01:35:00,0.1834867,2.804353,122.4838,4.304465,13.62603,3.808308,0.0006841730999999,1.693286,0.001357445,4.105386,2.879379,2.572438,2.854995,-2.463209,0.1241862,4
2014-01-11 01:36:00,0.1836197,2.815912,122.4772,4.194263,13.62649,3.826946,-0.0054731809999999,1.738875,-0.009111528,4.09969,2.789798,2.470623,2.753226,-2.643444,0.1246044,4
2014-01-11 01:37:00,0.1835174,2.798795,122.457,4.453181,13.62695,3.832594,-0.0054732619999999,1.710402,-0.01315286,4.131083,2.966085,2.715147,3.010523,-3.003914,0.1240934,4
2014-01-11 01:38:00,0.1836146999999999,2.801342,122.4451,4.36203,13.62649,3.845772,0.001368328,2.183623,0.002199976,4.152838,2.965669,2.589937,2.899002,-2.823679,0.1241937999999999,4
2014-01-11 01:39:00,0.1835969,2.78454,122.4766,4.394573,13.62649,3.849537,-0.0004561136,1.476678,0.0004525045,4.13729,2.938612,2.593705,2.927141,-2.763601,0.1234111,4
2014-01-11 01:40:00,0.1835554,2.796085,122.4454,4.285034,13.62649,3.85801,0.0,1.938501,0.0003744781999999,4.12144,2.836693,2.424996,2.754231,-2.883758,0.124004,4
2014-01-11 01:41:00,0.1835454,2.796013,122.4188,4.250119,13.62649,3.869873,-0.003192795,1.647697,-0.005070962,4.088234,2.651376,2.282601,2.603319,-3.003915,0.1240522,4
2014-01-11 01:42:00,0.1834465999999999,2.816114,122.3992,4.321966,13.62649,3.875521,-0.002736655,1.727513,-0.0041503089999999,4.094595,2.712259,2.412408,2.702933,-3.003915,0.124533,4
2014-01-11 01:43:00,0.1833461,2.801985,122.3668,4.44612,13.62649,3.892464,-0.005701277,1.761695,-0.0097357669999999,4.122272,2.754281,2.46449,2.774359,-3.18415,0.1235535,4
2014-01-11 01:44:00,0.1836106,2.797229,122.4178,4.709341,13.62649,3.892464,-0.003420761,1.52224,-0.004415409,4.183068,3.002324,2.849621,3.108376,-3.18415,0.1238368,4
2014-01-11 01:45:00,0.1834693,2.795466,122.4329,4.853631,13.62603,3.895852,0.002052435,1.812984,0.005850679,4.284422,3.255152,2.93696,3.302431,-2.883759,0.1243065,4
2014-01-11 01:46:00,0.1834244999999999,2.795553,122.4549,4.730348,13.62465,3.912796,0.0022804969999999,1.607737,0.002418332,4.334962,3.338023,2.958236,3.338737,-2.763602,0.1239023,4
2014-01-11 01:47:00,0.1833218,2.793301,122.4624,4.659543,13.62511,3.929742,0.0002280463,1.744552,0.003354324,4.341172,3.336354,2.984504,3.364995,-2.403133,0.1241979,4
2014-01-11 01:48:00,0.1834373,2.780317,122.4252,4.742856,13.62327,3.93539,0.0029644939999999,1.938378,0.003665942,4.388288,3.408627,3.171495,3.443004,-2.643446,0.1231067,4
2014-01-11 01:49:00,0.1834022999999999,2.769182,122.3932,4.666982,13.6219,3.947251,-0.0031925109999999,1.869899,-0.006427281,4.403005,3.416193,3.065831,3.41046,-2.463211,0.1234112,4
2014-01-11 01:50:00,0.1833822,2.783994,122.3864,4.556505,13.62144,3.957606,-0.006385023,1.755881,-0.01204335,4.37689,3.324125,2.953638,3.306213,-2.403133,0.1233323,4
2014-01-11 01:51:00,0.1833837,2.791644,122.3702,4.532607,13.62098,3.978317,-0.00410466,1.795788,-0.0080497109999999,4.374712,3.267481,2.912723,3.221625,-2.643446,0.1239948,4
2014-01-11 01:52:00,0.1834073,2.783953,122.3843,4.319015,13.62098,3.988483,-0.0043326959999999,1.961115,-0.006146483,4.329817,3.041888,2.63893,2.947985,-2.883759,0.1231274,4
2014-01-11 01:53:00,0.183371,2.800355,122.4568,4.33422,13.62098,3.99865,-0.007753249,1.841397,-0.01572503,4.292072,2.902953,2.557272,2.867817,-3.063994,0.124324,4
2014-01-11 01:54:00,0.1833489,2.791086,122.4731,4.484694,13.62098,4.017475,-0.0027364329999999,1.881277,-0.0046176619999999,4.294434,2.82003,2.44058,2.741863,-3.184152,0.1228904,4
2014-01-11 01:55:00,0.1833692,2.788885,122.4726,4.530151,13.62098,4.02124,0.001140145,1.601904,0.0010451449999999,4.291037,2.851798,2.587157,2.846054,-3.544623,0.1236302,4
2014-01-11 01:56:00,0.1833245,2.801949,122.4896,4.658176,13.62098,4.02124,0.0047886179999999,1.721626,0.0079556079999999,4.336802,3.062553,2.746393,3.043915,-3.484546,0.1245306999999999,4
2014-01-11 01:57:00,0.1833574,2.799531,122.5086,4.600183,13.62098,4.022935,-0.001596215,1.482199,-0.001060759,4.331347,3.062814,2.729442,3.023389,-3.063998,0.1235402,4
2014-01-11 01:58:00,0.1835232,2.822774,122.5221,4.618806,13.62098,4.041576,-0.006384794,1.698804,-0.01051379,4.349265,3.115877,2.678543,3.044199,-3.063998,0.1253871,4
2014-01-11 01:59:00,0.1835200999999999,2.794555,122.5305,4.600443,13.62098,4.049107,-0.004104435,1.801391,-0.0063485929999999,4.341063,3.046014,2.632299,2.985802,-2.883764,0.1239947,4
2014-01-11 02:00:00,0.1835525,2.803527,122.5273,4.538532,13.62098,4.064167,0.0063847239999999,1.795703,0.01193303,4.33395,2.903397,2.426439,2.782939,-3.304313,0.1246631,4
2014-01-11 02:01:00,0.1835718,2.792974,122.5539,4.527742,13.62098,4.064167,-0.001824214,1.750106,-0.004414478,4.298196,2.813061,2.434329,2.789394,-3.484548,0.1235314,4
2014-01-11 02:02:00,0.1836214999999999,2.806551,122.5773,4.548663,13.62098,4.06925,-0.0009121112999999,1.835628,-0.001403912,4.288983,2.81524,2.425018,2.792293,-3.544626,0.1240681,4
2014-01-11 02:03:00,0.1836998,2.81543,122.5644,4.838611,13.62098,4.084499,-0.0045605769999999,1.539195,-0.008501536,4.361437,3.080694,2.839096,3.144479,-3.544626,0.1244084,4
2014-01-11 02:04:00,0.1835363999999999,2.820724,122.5517,4.747723,13.62098,4.086382,0.006385092,1.727376,0.01184077,4.389766,3.162167,2.791559,3.157867,-3.184156,0.1243935999999999,4
2014-01-11 02:05:00,0.1836593,2.808253,122.5904,4.784215,13.62098,4.107094,-0.00820938,1.710287,-0.0135099899999999,4.435485,3.292545,2.963598,3.319763,-2.943842,0.1233728,4
2014-01-11 02:06:00,0.1837544999999999,2.813323,122.5958,5.035797,13.62098,4.107094,-0.002052342,1.73309,-0.002932875,4.527702,3.581899,3.293973,3.62844,-2.703528,0.1239732999999999,4
2014-01-11 02:07:00,0.1837677,2.817819,122.5945,4.960589,13.62098,4.108788,-0.001824305,1.562061,-0.004196511,4.572997,3.674535,3.26272,3.658067,-2.583371,0.1245517,4
2014-01-11 02:08:00,0.1836081,2.81081,122.5978,4.970573,13.62098,4.127426,-0.002736441,1.584819,-0.005070036,4.605913,3.789824,3.442558,3.767632,-2.64345,0.1243657,4
2014-01-11 02:09:00,0.1836728,2.809953,122.5878,5.006454,13.62052,4.142489,-0.0047886329999999,1.767233,-0.0077372639999999,4.636685,3.77054,3.363811,3.701812,-2.282979,0.1240492,4
2014-01-11 02:10:00,0.18359,2.804623,122.5486,4.841036,13.61777,4.156798,-0.005700784,1.784346,-0.009047704,4.612383,3.593004,3.130259,3.46124,-2.162822,0.1238488,4
2014-01-11 02:11:00,0.183557,2.817159,122.5509,4.619338,13.61639,4.176001,-0.0082091349999999,1.767244,-0.01506913,4.57225,3.362285,2.892895,3.217568,-2.222901,0.1240642,4
2014-01-11 02:12:00,0.1835188,2.794538,122.5348,4.562212,13.61639,4.192944,0.002052294,1.824261,0.0012167739999999,4.538454,3.175011,2.751329,3.045286,-2.883762,0.1232612,4
2014-01-11 02:13:00,0.1834226999999999,2.799826,122.5015,4.539914,13.61593,4.192944,-0.0043325519999999,1.807155,-0.007768409,4.491986,3.006593,2.615781,2.941354,-3.484546,0.124579,4
2014-01-11 02:14:00,0.1832235,2.78701,122.4563,4.639437,13.61547,4.199722,-0.0013681539999999,1.556276,-0.0013726879999999,4.470862,2.947521,2.552392,2.859334,-3.304311,0.1235492,4
2014-01-11 02:15:00,0.1833736,2.801849,122.4768,4.754374,13.61593,4.21328,-0.005700639,1.539167,-0.008470099,4.478693,2.928139,2.573171,2.869348,-3.484545,0.1238199,4
2014-01-11 02:16:00,0.1832097,2.811645,122.445,4.820841,13.61593,4.22081,7.761022e-11,1.721553,0.000686311,4.471205,2.861146,2.488206,2.802351,-3.484545,0.1243884,4
2014-01-11 02:17:00,0.1833795,2.807819,122.4844,4.778371,13.61593,4.23587,0.0038763539999999,1.670244,0.007299876,4.469817,2.837526,2.544916,2.813144,-3.364388,0.1248182999999999,4
2014-01-11 02:18:00,0.183479,2.814885,122.4854,4.873983,13.61547,4.23587,0.002508174,1.710119,0.003680979,4.505558,3.079801,2.844676,3.132107,-3.424466,0.1239891999999999,4
2014-01-11 02:19:00,0.1833181999999999,2.789796,122.4778,5.022758,13.61593,4.23587,0.0002280286999999,1.715827,0.0008111105,4.567743,3.384308,3.088406,3.445902,-3.244231,0.1238563,4
2014-01-11 02:20:00,0.1833712,2.800733,122.522,5.133809,13.61547,4.252814,-0.0047884219999999,1.596141,-0.007565007,4.665431,3.669808,3.383373,3.688421,-2.943839,0.1243255,4
2014-01-11 02:21:00,0.1834325,2.802205,122.5169,5.057446,13.61547,4.256203,0.003648343,1.71016,0.006083256,4.696691,3.738337,3.375294,3.691804,-2.282972,0.1242542,4
2014-01-11 02:22:00,0.1833381,2.803647,122.4567,4.975656,13.61593,4.275032,-0.0027362829999999,1.778584,-0.0050850849999999,4.694794,3.622575,3.11183,3.492243,-2.282961,0.1240006,4
2014-01-11 02:23:00,0.1834055,2.797776,122.4844,5.034009,13.61547,4.278797,-0.0034203689999999,1.818496,-0.005615493,4.679972,3.574082,3.224516,3.581944,-2.82365,0.1239435,4
2014-01-11 02:24:00,0.1835427,2.807792,122.5371,5.298329,13.61547,4.297435,-0.004104473,1.499272,-0.0055843669999999,4.7879,3.84617,3.544067,3.84044,-2.463169,0.1240001,4
2014-01-11 02:25:00,0.1834784999999999,2.796995,122.5275,5.309581,13.61547,4.312307,0.00501646,1.835588,0.0094991929999999,4.85348,3.985568,3.621261,3.942635,-2.583316,0.1239992,4
2014-01-11 02:26:00,0.1833611,2.822089,122.5054,5.160985,13.61456,4.326804,0.002508227,1.601845,0.0028388409999999,4.857246,3.982901,3.637202,3.973594,-2.403076,0.124937,4
2014-01-11 02:27:00,0.1833545,2.812613,122.4593,5.270046,13.61134,4.343939,0.002280121,1.704435,0.0043983269999999,4.930077,4.161003,3.86981,4.171013,-2.403073,0.1243382,4
2014-01-11 02:28:00,0.1833728,2.809301,122.4725,5.47959,13.60997,4.364647,-0.00478834,1.567611,-0.0056930549999999,5.021466,4.333328,4.005025,4.336185,-2.342992,0.1242499,4
2014-01-11 02:29:00,0.183502,2.79982,122.4941,5.558224,13.60997,4.385168,-0.0057003109999999,1.77281,-0.008999382,5.077663,4.35242,4.017693,4.325963,-2.162761,0.1245663999999999,4
2014-01-11 02:30:00,0.1833805,2.816131,122.5131,5.395845,13.60997,4.410963,0.0020521129999999,1.647391,0.00349371,5.101283,4.299562,3.957649,4.213029,-2.16276,0.1245565,4
2014-01-11 02:31:00,0.1835179999999999,2.792856,122.5377,5.329982,13.60951,4.439203,0.001824075,1.71008,0.003119292,5.106661,4.209809,3.879996,4.118967,-2.162751,0.1237852,4
2014-01-11 02:32:00,0.1834002999999999,2.803043,122.5271,5.186417,13.60676,4.457278,-0.002964126,1.573267,-0.006878068,5.071171,4.175675,3.897359,4.138474,-2.162746,0.1239673,4
2014-01-11 02:33:00,0.1833979,2.807129,122.554,5.318508,13.60492,4.480246,0.00136804,1.670159,0.00279171,5.096939,4.172207,3.868858,4.107114,-2.162742,0.1243838,4
2014-01-11 02:34:00,0.1832821,2.806812,122.5227,5.339648,13.60446,4.503592,-0.004332141,1.53905,-0.0055990399999999,5.109539,4.155519,3.878645,4.096863,-2.162741,0.1244465,4
2014-01-11 02:35:00,0.1833539999999999,2.806432,122.5274,5.362844,13.60446,4.532585,0.004332107,1.744245,0.0097942729999999,5.122071,4.129462,3.832541,4.077243,-2.16274,0.124184,4
2014-01-11 02:36:00,0.1835099,2.803355,122.5738,5.308262,13.60446,4.544822,-0.003876095,1.670141,-0.0050842839999999,5.107163,4.144565,3.881994,4.11737,-2.282892,0.1242535,4
2014-01-11 02:37:00,0.1834506999999999,2.795705,122.5277,5.371334,13.60446,4.569863,-0.005016088,1.670131,-0.01133812,5.142169,4.289773,4.033718,4.253299,-2.162742,0.1238260999999999,4
2014-01-11 02:38:00,0.1835411999999999,2.80858,122.5315,5.5438,13.60446,4.589443,-0.004560082,1.749931,-0.009700564,5.201705,4.434478,4.187788,4.413026,-2.162743,0.1242953,4
2014-01-11 02:39:00,0.1835666,2.82156,122.5539,5.459614,13.60355,4.616555,0.002052023,1.755623,0.003742931,5.227373,4.442296,4.15484,4.378667,-2.162747,0.124809,4
2014-01-11 02:40:00,0.183566,2.820537,122.505,5.216863,13.60355,4.63237,0.001140015,1.681522,0.0019494499999999,5.183921,4.260777,3.937452,4.179965,-2.162748,0.1247801999999999,4
2014-01-11 02:41:00,0.1833755,2.804286,122.5059,5.191906,13.60171,4.651949,0.001205939,1.573214,0.0008421554999999,5.138535,4.108701,3.822484,4.079368,-2.282907,0.1241179,4
2014-01-11 02:42:00,0.1834282999999999,2.812465,122.5315,5.276498,13.59988,4.671906,-0.0068400609999999,1.607414,-0.0117122,5.139908,4.122244,3.838187,4.099353,-2.342982,0.1243723,4
2014-01-11 02:43:00,0.1834465,2.815498,122.531,5.142633,13.59942,4.691111,-0.0025080139999999,1.533308,-0.003696103,5.113378,4.043498,3.697136,3.956925,-2.583279,0.1246665,4
2014-01-11 02:44:00,0.1833519,2.8021,122.511,5.006511,13.59896,4.708054,0.0002280035999999,1.755609,0.00221455,5.063906,3.799287,3.426274,3.687623,-2.763506,0.1240433,4
2014-01-11 02:45:00,0.1834156999999999,2.798701,122.5241,4.810801,13.59896,4.711442,-0.002508007,1.510504,-0.0057234709999999,4.993028,3.611559,3.312208,3.547119,-3.00379,0.1238081,4
2014-01-11 02:46:00,0.1833962,2.798393,122.5195,4.894583,13.59896,4.728386,-0.0015959979999999,1.601704,-0.004772137,4.948546,3.534742,3.243948,3.51827,-2.883636,0.1239145,4
2014-01-11 02:47:00,0.1832957,2.792705,122.48,5.027791,13.60033,4.741566,-0.005700005,1.738501,-0.008281063,4.930296,3.540787,3.229934,3.484214,-3.063855,0.1238456,4
2014-01-11 02:48:00,0.1834197999999999,2.805723,122.4715,4.766939,13.59896,4.75098,-0.000228001,1.5561,7.797385e-05,4.872568,3.373322,2.94338,3.237208,-3.244076,0.1242483,4
2014-01-11 02:49:00,0.1835307999999999,2.802369,122.5444,4.805044,13.59988,4.75098,-0.001823998,2.177397,-0.0026667729999999,4.819708,3.179883,2.809313,3.083857,-3.48436,0.1239439,4
2014-01-11 02:50:00,0.1835119,2.806754,122.5656,4.890593,13.60079,4.75098,-0.005015991,1.795497,-0.01038636,4.783274,3.017193,2.652965,2.910384,-3.604499,0.124225,4
2014-01-11 02:51:00,0.1834641999999999,2.807889,122.5055,4.956001,13.604,4.75098,-0.0002279995,1.909495,-0.001871415,4.758983,2.946915,2.624935,2.886684,-3.90485,0.1243489,4
2014-01-11 02:52:00,0.183418,2.802468,122.4964,5.159152,13.60309,4.754369,0.0029639929999999,1.561796,0.005505079,4.804522,3.259216,3.029187,3.285717,-3.784685,0.1241436,4
2014-01-11 02:53:00,0.1835329,2.796055,122.5489,5.29003,13.604,4.769619,0.002279992,1.898093,0.0039923429999999,4.875485,3.491595,3.124105,3.409951,-3.424218,0.123636,4
2014-01-11 02:54:00,0.1835151999999999,2.785836,122.5849,5.233543,13.60446,4.771313,-0.004787983,1.630194,-0.0104799,4.858607,3.376564,2.940914,3.274131,-3.364128,0.1232020999999999,4
2014-01-11 02:55:00,0.1834259,2.816882,122.5617,5.296751,13.60446,4.771313,-0.0009119961999999,1.635893,-0.0001403558,4.867178,3.358665,2.977479,3.284883,-3.123815,0.1248749,4
2014-01-11 02:56:00,0.1833685999999999,2.804182,122.5497,5.259917,13.60446,4.78261,-0.004559978,1.841092,-0.0085148979999999,4.880617,3.431575,3.071931,3.382151,-3.364092,0.1240626,4
2014-01-11 02:57:00,0.1834346,2.817114,122.5721,5.239156,13.60446,4.792024,0.002963985,1.875291,0.003851976,4.90003,3.538391,3.196731,3.500436,-3.183856,0.1244012,4
2014-01-11 02:58:00,0.1835894,2.801573,122.6022,5.276952,13.60446,4.793907,0.001367994,1.755591,0.0024952109999999,4.906912,3.532404,3.100453,3.441454,-3.003622,0.1234749,4
2014-01-11 02:59:00,0.1834133,2.797048,122.5911,5.236731,13.60446,4.793907,1.164153e-10,1.90949,-0.002619965,4.88977,3.50448,3.142015,3.492303,-3.183825,0.1236482,4
2014-01-11 03:00:00,0.1835584,2.806268,122.6111,5.292059,13.604,4.793907,0.0029639829999999,1.68149,0.0040547059999999,4.904059,3.553847,3.198575,3.573895,-3.123735,0.1244147,4
2014-01-11 03:01:00,0.1835307999999999,2.8033,122.5632,5.270037,13.60355,4.807085,-0.00159599,1.70999,-0.004070299,4.93295,3.614291,3.222509,3.555576,-3.003582,0.1251365,4
2014-01-11 03:02:00,0.1834096,2.804718,122.5386,5.322518,13.604,4.816498,-0.006383962,1.59029,-0.01035509,4.942355,3.630934,3.255659,3.610887,-2.943493,0.1244437,4
2014-01-11 03:03:00,0.1834025,2.818438,122.551,5.255715,13.60309,4.816498,-0.005015969,1.54469,-0.0085460629999999,4.954494,3.675335,3.357404,3.664596,-2.883416,0.1251057999999999,4
2014-01-11 03:04:00,0.183561,2.802834,122.5895,5.238017,13.60125,4.818192,-0.00455997,1.806888,-0.0084368919999999,4.952618,3.626913,3.215103,3.556747,-2.763259,0.1242985,4
2014-01-11 03:05:00,0.1834048,2.801683,122.5862,5.182649,13.60171,4.83683,0.0009119940999999,1.658689,0.003727204,4.93697,3.455126,2.981544,3.329069,-2.883396,0.1238214,4
2014-01-11 03:06:00,0.1833505,2.804542,122.5416,5.191272,13.60171,4.83683,0.0045599689999999,1.875287,0.0068617959999999,4.906973,3.326205,2.920619,3.293249,-3.243803,0.1243313,4
2014-01-11 03:07:00,0.1833177,2.813754,122.5036,5.041098,13.60217,4.83683,0.002051986,1.806888,0.004569331,4.879117,3.195819,2.850366,3.023117,-3.30387,0.1242125,4
2014-01-11 03:08:00,0.1833934,2.812416,122.5069,5.020977,13.60217,4.83683,0.004559968,1.852487,0.00835891,4.847689,3.077578,2.848204,3.00734,-3.544155,0.1239643,4
2014-01-11 03:09:00,0.1833845,2.796709,122.5094,5.139547,13.60217,4.83683,-0.007295949,1.715688,-0.0125539599999999,4.836259,2.997307,2.689736,2.883325,-3.604226,0.123844,4
2014-01-11 03:10:00,0.1833521999999999,2.790785,122.5297,5.058362,13.60355,4.83683,-0.006090049,1.504789,-0.008249743,4.814827,2.793623,2.431397,2.619357,-3.604223,0.1243196,4
2014-01-11 03:11:00,0.1833641,2.79694,122.5269,5.032132,13.604,4.82497,-0.0027359799999999,1.761287,-0.0033217289999999,4.780105,2.672012,2.363529,2.584502,-3.604223,0.1246328,4
2014-01-11 03:12:00,0.1833805,2.827104,122.5398,5.00091,13.60355,4.818192,-0.0004559966,1.641588,-0.0008109385,4.752612,2.597912,2.300172,2.5147,-3.604217,0.1253064,4
2014-01-11 03:13:00,0.1833801999999999,2.801665,122.5606,4.807292,13.60446,4.816498,-0.0006839948,1.647288,-0.003274944,4.716623,2.441983,2.102523,2.328612,-3.604216,0.1250527999999999,4
2014-01-11 03:14:00,0.1833319999999999,2.798306,122.5525,4.907931,13.60446,4.816498,0.001595988,1.818287,0.003711603,4.696619,2.465681,2.178641,2.449894,-4.024698,0.1241516,4
2014-01-11 03:15:00,0.1834961,2.798606,122.5825,5.082716,13.60446,4.79579,-0.0006839949999999,1.573188,-0.0027291199999999,4.686623,2.52954,2.228179,2.508019,-3.904556,0.1249314,4
2014-01-11 03:16:00,0.1836045,2.816909,122.6263,5.111011,13.60492,4.793907,0.002279983,1.818286,0.0034152969999999,4.702604,2.719885,2.374141,2.712713,-3.604196,0.1236931,4
2014-01-11 03:17:00,0.1835524,2.850818,122.6441,5.234583,13.60446,4.793907,0.0002279982,1.932285,0.0001559494999999,4.711892,2.798755,2.414319,2.805922,-3.604193,0.1246099,4
2014-01-11 03:18:00,0.1835349,2.806898,122.6239,5.367468,13.60446,4.793907,0.003647973,1.698587,0.003711601,4.726181,2.775087,2.379874,2.716286,-3.604184,0.1242449,4
2014-01-11 03:19:00,0.1835015999999999,2.814807,122.6479,5.328449,13.60446,4.780727,-0.0009119930999999,1.778386,-0.0005614189999999,4.712284,2.771865,2.458423,2.781176,-3.604181,0.1241942999999999,4
2014-01-11 03:20:00,0.1835743,2.80755,122.6258,5.640043,13.60446,4.771313,-0.0009119930999999,1.835386,-0.003633627,4.81289,3.111444,2.951579,3.191674,-3.604174,0.1240014,4
2014-01-11 03:21:00,0.1834687999999999,2.814873,122.6205,5.661549,13.60538,4.771313,-0.0002279984,1.635888,-0.002853879,4.93646,3.453911,3.267676,3.524801,-3.123613,0.1255921999999999,4
2014-01-11 03:22:00,0.1836247,2.81885,122.6372,5.22278,13.60492,4.771313,-0.0006839946999999,1.852486,-0.001980561,4.930743,3.376596,2.97106,3.335052,-2.88333,0.1241145,4
2014-01-11 03:23:00,0.1836228,2.813686,122.6518,5.395162,13.60446,4.771313,-0.004559965,1.670087,-0.006674644,4.947882,3.422442,3.06711,3.518397,-3.063543,0.1250286999999999,4
2014-01-11 03:24:00,0.18364,2.820594,122.6303,5.487803,13.60446,4.771313,0.003647972,1.641587,0.0068305939999999,4.955737,3.277763,2.897251,3.173878,-2.643064,0.1242355,4
2014-01-11 03:25:00,0.1834100999999999,2.812087,122.6084,5.433233,13.60446,4.771313,-0.0022799819999999,1.772686,-0.005458236,4.946454,3.123006,2.762463,2.99903,-2.582996,0.1247755,4
2014-01-11 03:26:00,0.1833987,2.812482,122.6055,5.382248,13.60446,4.771313,-0.0066119489999999,1.681487,-0.01060457,4.937884,2.99974,2.601102,2.86641,-2.28265,0.1249910999999999,4
2014-01-11 03:27:00,0.1834061999999999,2.8262,122.6115,5.41959,13.60446,4.771313,-0.0043319669999999,1.721387,-0.006144415,4.937169,2.885063,2.535837,2.725898,-2.703137,0.1248942,4
2014-01-11 03:28:00,0.1836001999999999,2.817138,122.5998,5.62994,13.60446,4.771313,-0.005927954,1.784086,-0.0095285219999999,4.982158,3.097211,2.885776,3.159537,-2.883347,0.1253716,4
2014-01-11 03:29:00,0.1833683,2.807614,122.5948,5.792917,13.60446,4.771313,0.001823986,1.755587,0.001434736,5.025012,3.20536,2.831954,3.185297,-2.943414,0.1248749,4
2014-01-11 03:30:00,0.1836916,2.810111,122.63,5.623537,13.604,4.771313,0.001823986,1.692887,0.0039611209999999,5.030015,3.219662,2.750179,3.122925,-3.123622,0.124431,4
2014-01-11 03:31:00,0.1833411,2.815657,122.6118,5.472016,13.604,4.771313,-0.002051984,1.721387,-0.004007905,5.004298,3.171,2.806857,3.170976,-3.183688,0.1244573,4
2014-01-11 03:32:00,0.1834722,2.820878,122.5915,5.425331,13.60355,4.771313,-0.0054719579999999,1.675787,-0.0093881669999999,5.062846,3.502657,3.228334,3.554208,-3.063547,0.1247067,4
2014-01-11 03:33:00,0.1835314999999999,2.826371,122.6126,5.443277,13.604,4.771313,0.0006839946999999,1.607388,0.0007017729,5.082833,3.494801,3.07503,3.403847,-2.763195,0.125094,4
2014-01-11 03:34:00,0.1835682999999999,2.809885,122.6118,5.39229,13.60309,4.771313,-0.0009119930999999,1.955085,-0.0023860299999999,5.052131,3.383808,2.998357,3.314332,-2.823263,0.1248189,4
2014-01-11 03:35:00,0.1835355999999999,2.813104,122.6059,5.672005,13.60033,4.773196,-0.0056999559999999,1.789786,-0.008873534,5.112556,3.639153,3.411464,3.672801,-2.582995,0.1253643,4
2014-01-11 03:36:00,0.1835465,2.803967,122.6551,5.815239,13.60079,4.790142,-0.000911993,1.784086,-0.002323649,5.21658,3.94598,3.59457,3.97173,-2.522928,0.1240352,4
2014-01-11 03:37:00,0.1835648,2.823736,122.6011,5.890062,13.59942,4.793907,-0.001595988,1.744187,-0.0039923099999999,5.236054,3.936148,3.464442,3.939004,-2.282653,0.1245183,4
2014-01-11 03:38:00,0.1835386,2.813271,122.6225,5.829792,13.59896,4.793907,-0.0038759699999999,1.533288,-0.0065654789999999,5.248188,3.93829,3.616216,3.921113,-2.162514,0.1246773,4
2014-01-11 03:39:00,0.1835972999999999,2.835,122.6238,5.76924,13.59896,4.81085,-0.0002279982,1.869586,4.678524e-05,5.287976,3.90371,3.517887,3.803518,-2.162529,0.1237809,4
2014-01-11 03:40:00,0.1835923999999999,2.819454,122.6106,5.710283,13.59896,4.816498,-0.002051984,1.544688,-0.0043509949999999,5.260785,3.668176,3.220583,3.442636,-2.042388,0.124289,4
2014-01-11 03:41:00,0.1835145,2.815964,122.6179,5.631178,13.59896,4.830053,-0.008207937,1.630188,-0.01426939,5.240762,3.513577,3.182669,3.348149,-2.162535,0.123861,4
2014-01-11 03:42:00,0.1835799999999999,2.831151,122.6146,5.516618,13.59896,4.83683,-0.001367989,1.744187,-0.0033061319999999,5.218271,3.367117,3.013192,3.206662,-2.222605,0.1246087,4
2014-01-11 03:43:00,0.1836085,2.829175,122.6424,5.418248,13.59896,4.83683,0.003419974,1.601688,0.003680411,5.190435,3.346337,3.074806,3.254643,-2.943452,0.1244104999999999,4
2014-01-11 03:44:00,0.1834330999999999,2.823199,122.6322,5.471696,13.59896,4.859425,-0.0006839946999999,1.647287,-0.0030410179999999,5.200879,3.333183,2.964181,3.27086,-2.88338,0.1254773999999999,4
2014-01-11 03:45:00,0.1834442,2.837996,122.6107,5.338839,13.59896,4.859425,-0.002963977,1.635888,-0.003883146,5.17518,3.394786,3.116114,3.386188,-3.183729,0.1245991999999999,4
2014-01-11 03:46:00,0.1834407999999999,2.830073,122.6194,5.403776,13.59896,4.866202,-0.0066119489999999,1.675787,-0.0111192099999999,5.173388,3.473907,3.133645,3.431652,-3.243798,0.1250549,4
2014-01-11 03:47:00,0.1834,2.824005,122.5866,5.510881,13.59896,4.876368,-0.001823986,1.664387,-0.0049903869999999,5.174984,3.418209,3.03206,3.320801,-2.943441,0.1247167,4
2014-01-11 03:48:00,0.1834091999999999,2.82721,122.5784,5.525042,13.59896,4.879757,9.701276999999999e-11,1.658687,-0.0018246099999999,5.174804,3.377901,3.005332,3.314868,-3.183719,0.1248428,4
2014-01-11 03:49:00,0.1833693999999999,2.813106,122.5995,5.478386,13.59896,4.879757,-0.002051984,1.379389,-0.0029942329999999,5.168386,3.4724,3.14432,3.476695,-3.183712,0.1250541,4
2014-01-11 03:50:00,0.1834117,2.831662,122.5962,5.44104,13.59896,4.879757,0.000911993,1.652987,0.0026199539999999,5.156961,3.481729,3.0863,3.346364,-3.003498,0.1256176,4
2014-01-11 03:51:00,0.1832761,2.810806,122.5246,5.347292,13.59896,4.887287,0.003191976,1.715687,0.0049591979999999,5.128788,3.385461,2.92116,3.253658,-3.063563,0.1242134,4
2014-01-11 03:52:00,0.1833797,2.838462,122.5041,5.296977,13.59896,4.902348,-0.007523943,1.470589,-0.01166503,5.107431,3.238683,2.737691,3.01655,-3.183698,0.1250599,4
2014-01-11 03:53:00,0.1834238,2.830848,122.5338,5.271114,13.59896,4.902348,0.001595988,1.601688,0.003711601,5.080299,3.200007,2.900428,3.141958,-3.303831,0.1253809999999999,4
2014-01-11 03:54:00,0.1833421,2.803637,122.5261,5.335763,13.59896,4.902348,0.001074085,1.613088,-0.0019649659999999,5.115998,3.555245,3.258744,3.54164,-3.183687,0.1252714,4
2014-01-11 03:55:00,0.1833096999999999,2.808623,122.5708,5.388912,13.59896,4.902348,0.003419974,1.863886,0.00600406,5.125279,3.652601,3.343974,3.644002,-2.943405,0.125356,4
2014-01-11 03:56:00,0.1833003,2.837019,122.5556,5.441239,13.59896,4.915905,-0.0002279980999999,1.613088,-0.001076052,5.183093,3.971048,3.712713,3.978917,-2.703122,0.1245122,4
2014-01-11 03:57:00,0.1832454,2.825304,122.5796,5.351779,13.59896,4.922684,0.0011399909999999,1.641588,0.0025107889999999,5.214853,4.11733,3.834011,4.110891,-2.522911,0.1247928,4
2014-01-11 03:58:00,0.183389,2.811226,122.6021,5.307967,13.59896,4.922684,0.0004559966,1.647287,0.0009980778,5.21557,4.14021,3.774601,4.070825,-2.462838,0.1240297,4
2014-01-11 03:59:00,0.1833510999999999,2.83101,122.5911,5.319192,13.59896,4.924566,-0.0009119930999999,1.784086,-0.0021988899999999,5.196039,4.081293,3.719937,4.03694,-2.342697,0.1250381,4
2014-01-11 04:00:00,0.1834289,2.819054,122.5839,5.369314,13.59896,4.945274,0.003647972,1.499089,0.004538134,5.208872,4.114946,3.826626,4.092055,-2.222555,0.1251713999999999,4
2014-01-11 04:01:00,0.1834335,2.797379,122.5538,5.408652,13.59896,4.953746,-0.0011399909999999,1.841086,-0.002682334,5.22947,4.165642,3.837998,4.086966,-2.282623,0.1247515,4
2014-01-11 04:02:00,0.1834157999999999,2.831529,122.5338,5.383163,13.5985,4.965607,0.000911993,1.698587,0.003851956,5.203497,3.933582,3.476205,3.796196,-2.462826,0.1252785999999999,4
2014-01-11 04:03:00,0.1833297999999999,2.817238,122.5165,5.326428,13.59804,4.965607,-0.005927954,1.487689,-0.0094973309999999,5.167807,3.76113,3.417487,3.678102,-2.643031,0.1246208,4
2014-01-11 04:04:00,0.1835230999999999,2.807772,122.576,5.35013,13.5985,4.965607,-0.003419974,1.584588,-0.0071424929999999,5.139966,3.647321,3.305753,3.537066,-2.643027,0.1243915,4
2014-01-11 04:05:00,0.1832834,2.827017,122.5609,5.28997,13.59666,4.969372,0.0013679899999999,1.749887,0.0023080549999999,5.130881,3.553017,3.220705,3.462081,-2.703095,0.1246255,4
2014-01-11 04:06:00,0.1833077999999999,2.837384,122.537,5.313812,13.5985,4.988201,-0.004559965,1.692887,-0.008577229,5.129713,3.508188,3.170117,3.395041,-3.063503,0.1245943999999999,4
2014-01-11 04:07:00,0.1833108,2.835463,122.529,5.428717,13.59804,4.988201,-0.001823986,1.658687,-0.004288615,5.152557,3.677142,3.460926,3.669983,-3.063503,0.124757,4
2014-01-11 04:08:00,0.1834191,2.812455,122.5184,5.542911,13.59804,4.988201,-0.0075239419999999,1.704287,-0.01097885,5.191827,3.765841,3.462286,3.737923,-2.462812,0.1244080999999999,4
2014-01-11 04:09:00,0.1832003,2.811204,122.4736,5.583117,13.59758,4.988201,0.0061559529999999,1.761287,0.0107917099999999,5.215382,3.846714,3.587601,3.817371,-2.462812,0.124899,4
2014-01-11 04:10:00,0.1831468,2.819139,122.4308,5.664032,13.59712,5.027551,-0.003647972,1.704287,-0.0071424929999999,5.283255,4.003525,3.751647,3.974905,-2.46281,0.1258133999999999,4
2014-01-11 04:11:00,0.1831777,2.809373,122.3891,5.607304,13.59621,5.031128,-0.003419974,1.618788,-0.005879301,5.310381,4.04574,3.755242,3.959178,-2.222535,0.1245021,4
2014-01-11 04:12:00,0.1831464999999999,2.806332,122.3408,5.457411,13.59529,5.046377,0.0011399909999999,1.721387,0.0020585349999999,5.296363,3.930815,3.596589,3.852818,-2.162465,0.1240682,4
2014-01-11 04:13:00,0.1831267,2.815441,122.3562,5.422722,13.59529,5.053343,-0.003191976,1.624488,-0.0031813729999999,5.278347,3.885566,3.610012,3.78538,-2.282601,0.1248984,4
2014-01-11 04:14:00,0.1832371,2.826823,122.3707,5.416674,13.59345,5.070286,0.005927954,1.607388,0.008608419,5.280295,3.861044,3.567581,3.835994,-2.703078,0.125474,4
2014-01-11 04:15:00,0.1831199,2.816666,122.354,5.48363,13.59345,5.074051,-0.0052439599999999,1.863886,-0.0074387969999999,5.27835,3.924201,3.661551,3.871966,-2.522873,0.1246241,4
2014-01-11 04:16:00,0.183013,2.803091,122.3289,5.515226,13.59345,5.074051,-0.007979939,1.709987,-0.0151739,5.286917,3.990005,3.74241,3.945638,-2.22253,0.1242066,4
2014-01-11 04:17:00,0.1831474999999999,2.821915,122.3397,5.684628,13.59345,5.089114,0.001367989,1.687187,0.003368512,5.352644,4.284016,4.024401,4.304749,-2.582939,0.1246867,4
2014-01-11 04:18:00,0.1831010999999999,2.815258,122.342,5.734516,13.59345,5.096645,0.004787963,1.675787,0.0084836589999999,5.39015,4.307272,3.940343,4.212878,-2.282596,0.1248466,4
2014-01-11 04:19:00,0.1830193,2.826313,122.3579,5.674116,13.59345,5.1102,-0.000911993,1.806886,-0.002885068,5.379431,4.180712,3.803688,4.095599,-2.222528,0.1249184,4
2014-01-11 04:20:00,0.1830618,2.812882,122.3555,5.669384,13.59345,5.116978,-0.0002279984,1.721387,0.0011852169999999,5.380489,4.12316,3.791193,4.02731,-2.282595,0.1250805,4
2014-01-11 04:21:00,0.1830604999999999,2.821276,122.3328,5.751812,13.59299,5.122626,-0.0002279983,1.755587,-0.0007173683,5.404685,4.145976,3.849784,4.125929,-2.342663,0.1255832,4
2014-01-11 04:22:00,0.1830129,2.815096,122.3407,5.857729,13.59253,5.139572,0.0006839946999999,1.647287,0.001372357,5.476559,4.281668,3.972691,4.228038,-2.342663,0.1251835,4
2014-01-11 04:23:00,0.1831769,2.822163,122.3575,5.735635,13.59162,5.153127,-0.0011399909999999,1.687187,-0.002183294,5.489391,4.302395,4.032767,4.212291,-2.162457,0.1251624,4
2014-01-11 04:24:00,0.1830938,2.834725,122.353,5.732357,13.5907,5.159904,-0.0043319669999999,1.795486,-0.006596669,5.496876,4.259134,3.906502,4.164736,-2.282593,0.1250272,4
2014-01-11 04:25:00,0.1830409,2.821553,122.372,5.655735,13.5907,5.16367,0.0038759699999999,1.641587,0.0061912,5.47068,4.171365,3.869483,4.094831,-2.162456,0.1259647999999999,4
2014-01-11 04:26:00,0.1830228999999999,2.803002,122.3456,5.724075,13.58795,5.182495,-0.003419974,1.652987,-0.0061912,5.482363,4.15875,3.835389,4.10582,-2.462797,0.1251503999999999,4
2014-01-11 04:27:00,0.182959,2.824347,122.3198,5.831589,13.58795,5.190969,-0.0006839948,1.573188,0.001824611,5.504394,4.16221,3.875339,4.134311,-2.34266,0.1252746999999999,4
2014-01-11 04:28:00,0.1829357,2.813238,122.3205,5.845597,13.58795,5.202831,-0.003191976,1.590288,-0.005832516,5.516966,4.129741,3.844999,4.061069,-2.162456,0.1251597,4
2014-01-11 04:29:00,0.1830433999999999,2.81535,122.357,5.828873,13.58795,5.214127,-0.0004559966,1.772686,-0.002183295,5.510408,4.044541,3.778373,3.977296,-2.22252,0.1257601999999999,4
2014-01-11 04:30:00,0.1831176999999999,2.816757,122.3581,5.789913,13.58795,5.225422,-0.0038759699999999,1.573188,-0.004928008,5.510993,3.985771,3.694526,3.883457,-2.162451,0.1253229999999999,4
2014-01-11 04:31:00,0.1829489,2.82461,122.3281,5.786749,13.58795,5.242365,0.0025079809999999,1.533288,0.0048188429999999,5.510808,3.924765,3.649949,3.871097,-2.402721,0.1258074999999999,4
2014-01-11 04:32:00,0.1828998,2.816117,122.326,5.84252,13.58795,5.245754,-0.001367989,1.595988,-0.001809016,5.526323,3.963217,3.710607,3.878786,-2.462788,0.1256212999999999,4
2014-01-11 04:33:00,0.1828095999999999,2.821019,122.3109,5.862608,13.58795,5.245754,-0.001823986,1.812586,-0.0050371729999999,5.507061,3.871639,3.5925,3.788625,-2.522854,0.1250153,4
2014-01-11 04:34:00,0.1828625,2.825337,122.3399,5.844919,13.58795,5.258934,-0.0025079809999999,1.841086,-0.007329632,5.510248,3.886285,3.577085,3.821882,-2.582922,0.1247507,4
2014-01-11 04:35:00,0.1828538,2.797872,122.3569,5.848581,13.58795,5.268349,0.004559965,1.670087,0.009045077,5.504675,3.862815,3.586538,3.8256,-2.522837,0.1244746999999999,4
2014-01-11 04:36:00,0.1829079,2.820857,122.366,5.804264,13.58795,5.272114,-0.001823986,1.715687,-0.0033841069999999,5.48989,3.781434,3.439241,3.754234,-2.582903,0.1249558,4
2014-01-11 04:37:00,0.1829277,2.805458,122.3165,5.804438,13.58795,5.290939,-0.0011399909999999,1.858186,-0.0002183295,5.484461,3.730099,3.356344,3.750854,-2.462759,0.1247376,4
2014-01-11 04:38:00,0.1829368,2.82072,122.277,5.746306,13.58795,5.290939,-0.0061559529999999,1.829686,-0.01125956,5.467337,3.657813,3.33988,3.602684,-2.522825,0.1255995,4
2014-01-11 04:39:00,0.1829331999999999,2.819788,122.2763,5.765647,13.58795,5.290939,-0.0025079809999999,1.715687,-0.0043353999999999,5.458763,3.657216,3.3966,3.68226,-2.462753,0.1251063,4
2014-01-11 04:40:00,0.1829358,2.816722,122.2945,5.744689,13.58795,5.299413,-0.004559965,1.601688,-0.0081249749999999,5.465807,3.687903,3.409396,3.657121,-2.462753,0.125506,4
2014-01-11 04:41:00,0.1829936,2.834563,122.3035,5.68908,13.58795,5.311275,0.002051984,1.584588,0.002807093,5.452697,3.618198,3.245106,3.505786,-2.28255,0.1258013,4
2014-01-11 04:42:00,0.1830224,2.827476,122.3239,5.597918,13.58795,5.311275,0.002051984,1.721387,0.0030722079999999,5.405608,3.419873,3.027305,3.293107,-2.582886,0.1255303999999999,4
2014-01-11 04:43:00,0.1829504999999999,2.832727,122.3319,5.437813,13.58795,5.311275,-0.001595988,1.704287,-0.001419142,5.355661,3.260878,2.883966,3.171332,-2.943289,0.1261073,4
2014-01-11 04:44:00,0.1828904,2.822941,122.3056,5.430088,13.58795,5.315041,-0.001823986,1.744187,-0.003290537,5.323033,3.159351,2.793837,3.13642,-3.243625,0.1255337,4
2014-01-11 04:45:00,0.1828027999999999,2.824501,122.2755,5.5972,13.58795,5.311275,0.003647972,1.692887,0.0044757549999999,5.310704,3.224346,2.952059,3.28093,-3.18356,0.1255151999999999,4
2014-01-11 04:46:00,0.1827440999999999,2.805411,122.2433,5.686935,13.58795,5.311275,0.0043319669999999,1.590288,0.01026149,5.302855,3.28447,3.025815,3.300223,-3.00336,0.1251083,4
2014-01-11 04:47:00,0.1827406,2.805269,122.2686,5.872108,13.58795,5.311275,0.003647972,1.841086,0.0062379849999999,5.343532,3.439084,3.164733,3.405418,-2.943295,0.1249085999999999,4
2014-01-11 04:48:00,0.1827216,2.811023,122.2776,5.995504,13.58795,5.311275,0.004103968,1.766986,0.004538134,5.356377,3.422641,3.063726,3.320931,-2.522826,0.1253915999999999,4
2014-01-11 04:49:00,0.1827134,2.817492,122.2817,5.912987,13.58795,5.311275,-0.002279983,1.789786,-0.0042574249999999,5.329259,3.239324,2.811485,3.101763,-2.642962,0.1257827,4
2014-01-11 04:50:00,0.182724,2.813161,122.2704,5.878546,13.58795,5.311275,-0.001823986,1.521888,-0.0033841069999999,5.3,3.105352,2.674543,2.934069,-2.823166,0.1251531999999999,4
2014-01-11 04:51:00,0.1827088,2.808563,122.2304,5.8032,13.58795,5.311275,0.0006839948,1.761287,0.002261269,5.272167,2.998585,2.600688,2.836592,-3.183573,0.1257745999999999,4
2014-01-11 04:52:00,0.182725,2.819084,122.2632,5.757271,13.58795,5.311275,-0.0011399909999999,1.670087,-0.001559496,5.25932,3.00074,2.635115,2.91401,-3.483912,0.1249841,4
2014-01-11 04:53:00,0.1826745999999999,2.82623,122.2663,5.841948,13.58795,5.311275,0.0002279982,1.880986,0.0003742792,5.260747,3.058788,2.720442,2.982819,-3.543982,0.1251758,4
2014-01-11 04:54:00,0.1827746,2.825892,122.2538,6.1594,13.58795,5.304497,0.004787963,1.806886,0.0087799639999999,5.323194,3.362919,3.129379,3.467469,-3.363782,0.1262322999999999,4
2014-01-11 04:55:00,0.1827456,2.805655,122.2342,6.26899,13.58886,5.294329,-0.002279983,1.533288,-0.00201175,5.374393,3.535325,3.234536,3.610493,-3.48392,0.1252553999999999,4
2014-01-11 04:56:00,0.1827072999999999,2.817471,122.2162,6.176004,13.58886,5.290939,0.0052439599999999,1.664387,0.01069814,5.428803,3.71514,3.324918,3.765953,-3.183584,0.1256183999999999,4
2014-01-11 04:57:00,0.1827357,2.82659,122.2192,5.95294,13.58886,5.290939,-0.0006839946999999,1.561788,0.001590686,5.428805,3.697222,3.21027,3.775233,-3.303721,0.1255703,4
2014-01-11 04:58:00,0.1827994,2.829842,122.2455,5.642458,13.58841,5.292634,0.000911993,1.909485,0.0015750919999999,5.403381,3.655331,3.238576,3.55654,-2.88325,0.1254895,4
2014-01-11 04:59:00,0.182843,2.826495,122.2348,5.601275,13.58932,5.290939,0.0043319669999999,1.499089,0.005879301,5.390982,3.494007,3.069247,3.418103,-3.423861,0.1257008,4
2014-01-11 05:00:00,0.1827344999999999,2.816987,122.1944,5.395935,13.58841,5.290939,-0.0025079809999999,1.647287,-0.0052710969999999,5.351024,3.334308,2.882901,3.261236,-3.423858,0.1253355999999999,4
2014-01-11 05:01:00,0.1826644,2.807735,122.1686,5.609173,13.58795,5.290939,-0.005015961,1.709987,-0.0072048729999999,5.341034,3.346481,2.932355,3.393026,-2.943316,0.1253416,4
2014-01-11 05:02:00,0.1827134,2.808918,122.1653,5.645786,13.58932,5.290939,0.0025079809999999,1.806886,0.0053334769999999,5.32819,3.203217,2.832002,3.021936,-2.642963,0.125446,4
2014-01-11 05:03:00,0.1826651,2.821939,122.1305,5.536664,13.58978,5.290939,0.0,1.681487,-4.678481e-05,5.313204,3.189603,2.876436,2.931634,-2.642959,0.1261662,4
2014-01-11 05:04:00,0.1825861,2.798196,122.1451,5.167071,13.58978,5.289057,-0.003419974,1.447789,-0.0061912,5.261366,3.035096,2.689583,2.66233,-2.703017,0.1249166,4
2014-01-11 05:05:00,0.1826152,2.810894,122.1511,5.086732,13.59024,5.268349,0.0011399909999999,1.584588,0.0019025859999999,5.195692,2.871675,2.525342,2.67164,-3.183552,0.1256973,4
2014-01-11 05:06:00,0.1827591,2.834804,122.1791,5.326667,13.59162,5.268349,-0.0006839946999999,1.795486,-0.002027346,5.187836,2.910248,2.699465,2.769725,-3.00334,0.1254707999999999,4
2014-01-11 05:07:00,0.182601,2.822406,122.1679,5.455245,13.59345,5.253286,-0.0043319669999999,1.823986,-0.008592824,5.160635,2.946024,2.765369,2.730227,-3.00334,0.1259176999999999,4
2014-01-11 05:08:00,0.1825952,2.798635,122.1197,5.453448,13.59345,5.245754,-0.0025079809999999,1.755587,-0.0042730199999999,5.143828,2.860455,2.650376,2.589424,-3.063402,0.1252634,4
2014-01-11 05:09:00,0.1827105,2.82301,122.1754,5.461347,13.59299,5.245754,0.004103968,1.670087,0.0063315539999999,5.149538,2.912058,2.753628,2.644634,-3.30367,0.1254989,4
2014-01-11 05:10:00,0.1831017,2.829967,122.3722,5.52689,13.59345,5.242365,-0.0002279982,1.738487,-0.001091648,5.15043,2.882093,2.672738,2.66987,-3.063405,0.1254381,4
2014-01-11 05:11:00,0.1831762999999999,2.824473,122.4306,5.64994,13.59345,5.225422,0.0011399909999999,1.658687,0.001559496,5.146333,2.843562,2.611243,2.608374,-3.003339,0.1249992999999999,4
2014-01-11 05:12:00,0.1833065,2.836344,122.4586,5.69185,13.59345,5.223539,0.0043319669999999,1.624488,0.007610342,5.139452,2.739118,2.432868,2.52038,-2.823142,0.125196,4
2014-01-11 05:13:00,0.1829823999999999,2.841413,122.4274,5.650789,13.59345,5.204714,-0.0056999559999999,1.732787,-0.0111504,5.119195,2.679334,2.427575,2.581066,-2.522809,0.1261515,4
2014-01-11 05:14:00,0.1829682,2.828388,122.4101,5.831192,13.59345,5.202831,-0.001530081,1.567488,0.001497117,5.163714,2.831598,2.541176,2.594968,-2.522812,0.1253542,4
2014-01-11 05:15:00,0.1829457999999999,2.826724,122.3777,5.698784,13.59345,5.190969,-0.002963977,1.704287,-0.0080470009999999,5.139714,2.744348,2.47468,2.35271,-2.522814,0.1251865,4
2014-01-11 05:16:00,0.1829645,2.823598,122.4012,5.462763,13.59345,5.182495,0.004559965,1.915185,0.0095597119999999,5.135521,2.838972,2.648943,2.481819,-2.402683,0.1260202,4
2014-01-11 05:17:00,0.1829597,2.817247,122.3829,5.443737,13.59345,5.174965,-0.001595988,1.670087,-0.003212562,5.132274,2.922499,2.724615,2.779099,-2.522819,0.1250248999999999,4
2014-01-11 05:18:00,0.1830109,2.83614,122.3767,5.768229,13.59345,5.159904,0.003419974,1.607388,0.0045693239999999,5.162902,3.063693,2.842205,2.873754,-2.462755,0.1250193,4
2014-01-11 05:19:00,0.183088,2.837002,122.3873,5.814876,13.59345,5.159904,-0.0063839509999999,1.670087,-0.008436874,5.150767,2.93111,2.58193,2.546071,-2.703026,0.1259979,4
2014-01-11 05:20:00,0.1828147,2.815033,122.3514,5.751005,13.59345,5.159904,-0.003419974,1.556088,-0.0054270469999999,5.141487,2.83722,2.530304,2.541778,-2.763096,0.1261906999999999,4
2014-01-11 05:21:00,0.1830323,2.832552,122.3996,5.729929,13.59345,5.15821,0.001595988,1.772686,0.0008421279,5.130512,2.783202,2.406671,2.420303,-3.543974,0.125318,4
2014-01-11 05:22:00,0.1829897,2.832919,122.3796,5.662502,13.59345,5.139572,-0.0027359789999999,1.909485,-0.0048188429999999,5.13329,2.897125,2.707133,2.842643,-3.604045,0.1257734,4
2014-01-11 05:23:00,0.182872,2.828869,122.3513,5.864868,13.59437,5.139572,0.0004559965,1.635888,-0.001076053,5.241073,3.302685,3.112122,3.257559,-3.183575,0.1256954,4
2014-01-11 05:24:00,0.1829302999999999,2.815397,122.3751,5.968901,13.59391,5.139572,0.003419974,1.658687,0.006300364,5.266768,3.401529,3.073434,3.335621,-2.522835,0.1252032999999999,4
2014-01-11 05:25:00,0.1828490999999999,2.830349,122.3833,6.069716,13.59345,5.132041,-0.0002279982,1.567488,-0.0003742792,5.311341,3.483441,3.196221,3.326595,-2.162432,0.125288,4
2014-01-11 05:26:00,0.1829428999999999,2.835813,122.3915,5.972002,13.59345,5.128275,-0.0066119489999999,1.738487,-0.0098092319999999,5.314002,3.423788,3.084938,3.392263,-2.042298,0.125891,4
2014-01-11 05:27:00,0.1830223,2.84176,122.3961,6.082062,13.59345,5.135807,-0.0056999559999999,1.578888,-0.009091863,5.359344,3.55456,3.245892,3.669811,-2.0423,0.125066,4
2014-01-11 05:28:00,0.1829972,2.814905,122.3881,6.09083,13.59299,5.139572,-0.003647972,1.584588,-0.002916258,5.361679,3.430189,3.043356,3.362871,-1.681895,0.1253882,4
2014-01-11 05:29:00,0.1828945999999999,2.848288,122.3933,6.010508,13.59299,5.139572,0.0011399909999999,1.641587,-0.0006549883,5.340274,3.305547,2.910017,3.20454,-1.922167,0.1259007,4
2014-01-11 05:30:00,0.1827759999999999,2.814512,122.3676,6.026293,13.59299,5.139572,0.0086639339999999,1.846786,0.01542342,5.356687,3.372869,3.073417,3.484572,-2.102371,0.125554,4
2014-01-11 05:31:00,0.1828683999999999,2.811597,122.3432,6.006927,13.59299,5.139572,7.761022e-11,1.595988,0.002183295,5.380949,3.451639,3.095623,3.552572,-2.222508,0.1253807,4
2014-01-11 05:32:00,0.1827087,2.816626,122.321,6.108778,13.59208,5.139572,0.006839948,1.709987,0.0137235699999999,5.457293,3.707226,3.436605,3.753032,-2.102373,0.1258576999999999,4
2014-01-11 05:33:00,0.1827872,2.819151,122.3339,6.014833,13.59208,5.139572,-0.0006839948,1.880986,-0.002152105,5.45159,3.655671,3.26039,3.641352,-2.042307,0.1251979,4
2014-01-11 05:34:00,0.1828761,2.836977,122.3231,6.09584,13.59024,5.15821,-0.0066119489999999,1.664387,-0.0099183959999999,5.458088,3.687958,3.332094,3.677925,-2.042307,0.1263286,4
2014-01-11 05:35:00,0.1828381,2.849224,122.2805,6.034452,13.58841,5.159904,-0.0013679899999999,1.841086,-0.0003586838999999,5.451946,3.557152,3.143152,3.426824,-1.802037,0.1266391,4
2014-01-11 05:36:00,0.1826816,2.848852,122.25,6.004323,13.58795,5.159904,0.001595988,1.789786,0.003368512,5.424831,3.370972,2.986221,3.163226,-1.982241,0.1270008,4
2014-01-11 05:37:00,0.1826839,2.848369,122.2026,5.883043,13.58795,5.159904,0.0002279982,1.846786,0.0002027343999999,5.39842,3.194836,2.839369,3.032182,-2.162446,0.1268034,4
2014-01-11 05:38:00,0.1826135999999999,2.829204,122.1747,5.861517,13.58795,5.159904,-0.00175808,1.812586,-0.0007485579999999,5.373446,3.071598,2.804243,2.895287,-2.282582,0.1255988,4
2014-01-11 05:39:00,0.1826646,2.843891,122.1502,5.999985,13.58795,5.159904,0.002051984,1.766986,0.0040235009999999,5.371305,3.068012,2.718199,2.8157,-2.462783,0.1268055999999999,4
2014-01-11 05:40:00,0.1825951,2.811596,122.1382,5.849318,13.58795,5.159904,-0.0043319669999999,1.846786,-0.00817176,5.341335,3.006377,2.681627,2.634297,-2.642986,0.1256549,4
2014-01-11 05:41:00,0.1825494,2.813099,122.1078,5.600998,13.58795,5.159904,0.001367989,1.504789,0.002604359,5.295662,2.842216,2.561836,2.525258,-3.003391,0.1254966999999999,4
2014-01-11 05:42:00,0.1825007999999999,2.82769,122.1018,5.637609,13.58795,5.159904,0.0066119489999999,1.732787,0.01278787,5.273538,2.8623,2.553952,2.618508,-3.243662,0.1262596,4
2014-01-11 05:43:00,0.1826946999999999,2.821086,122.1094,5.586632,13.58795,5.159904,-0.0009449461999999,1.601688,-0.0013879509999999,5.234282,2.689545,2.279225,2.427034,-3.483933,0.1259455999999999,4
2014-01-11 05:44:00,0.1825170999999999,2.845867,122.1562,5.46746,13.59024,5.159904,0.0038759699999999,1.829686,0.0073764169999999,5.195738,2.645049,2.275593,2.372462,-3.664136,0.1261163999999999,4
2014-01-11 05:45:00,0.1825759999999999,2.829103,122.1897,5.493061,13.58978,5.15821,0.005243959,1.681487,0.0091386479999999,5.174772,2.690606,2.45175,2.575843,-3.664136,0.1275983,4
2014-01-11 05:46:00,0.1825745,2.812022,122.2011,5.946667,13.59208,5.139572,-0.001823986,1.789786,-0.0019649649999999,5.202532,2.998847,2.737196,3.187303,-3.243662,0.1271611,4
2014-01-11 05:47:00,0.1826809,2.833707,122.2487,6.240713,13.59208,5.139572,0.004103968,1.578888,0.0054738319999999,5.254633,3.132216,2.802529,3.135069,-2.642984,0.1259152,4
2014-01-11 05:48:00,0.1827730999999999,2.845288,122.2681,6.318145,13.59253,5.139572,-0.0011399909999999,1.761287,-0.0021676989999999,5.276758,3.112152,2.747324,2.945894,-2.162442,0.1260484,4
2014-01-11 05:49:00,0.1826789,2.855019,122.2457,6.428539,13.59253,5.139572,0.0022799819999999,1.601688,0.004756464,5.282467,3.025444,2.552267,2.815432,-2.22251,0.1259757,4
2014-01-11 05:50:00,0.1825179,2.827772,122.2232,6.440727,13.59208,5.139572,0.0011399909999999,1.801186,0.001013673,5.27319,2.915066,2.4339,2.664136,-2.402714,0.1268869,4
2014-01-11 05:51:00,0.1825331,2.842329,122.1622,6.243594,13.59116,5.139572,-0.002279983,1.738487,-0.0051775279999999,5.253207,2.757344,2.262407,2.545074,-2.642986,0.1263495,4
2014-01-11 05:52:00,0.1825826,2.831274,122.1581,6.111654,13.59253,5.139572,0.003191976,1.732787,0.005770136,5.241074,2.715754,2.296836,2.552958,-2.642987,0.1262321,4
2014-01-11 05:53:00,0.1825441999999999,2.833908,122.1801,6.19699,13.5907,5.139572,0.0002279984,1.652987,0.0004366589,5.279613,2.947301,2.676308,2.905728,-3.183599,0.1260622999999999,4
2014-01-11 05:54:00,0.1824949999999999,2.808933,122.1604,6.376263,13.59162,5.139572,0.0025079809999999,1.493389,0.0045225389999999,5.348843,3.25249,2.927161,3.319809,-2.943328,0.1258782,4
2014-01-11 05:55:00,0.1824058,2.827448,122.1745,6.362663,13.59208,5.139572,-0.0056999559999999,1.647287,-0.009887206,5.364545,3.16649,2.704879,2.952935,-2.282581,0.1263232,4
2014-01-11 05:56:00,0.1825053,2.825002,122.1634,6.206314,13.58978,5.139572,0.0054719579999999,1.732787,0.0087643679999999,5.366674,3.087786,2.775278,2.910765,-2.582922,0.1254608999999999,4
2014-01-11 05:57:00,0.1826426999999999,2.823882,122.1885,6.021258,13.58978,5.139572,0.004103968,1.806886,0.0080470009999999,5.368811,3.13439,2.870651,3.039809,-2.162446,0.1268052,4
2014-01-11 05:58:00,0.182511,2.839417,122.1529,5.915092,13.58841,5.139572,0.002963977,1.675787,0.004803248,5.402348,3.483894,3.352821,3.174493,-2.162447,0.1255634999999999,4
2014-01-11 05:59:00,0.1824386,2.848073,122.1177,6.423511,13.59024,5.139572,0.004103968,1.772686,0.008436874,5.503655,3.912637,3.779536,3.509673,-2.162447,0.126585,4
2014-01-11 06:00:00,0.1823752999999999,2.835533,122.1098,6.431921,13.58978,5.142961,-0.001367989,1.709987,-0.001668661,5.550559,3.846623,3.588955,3.503756,-2.042312,0.1265456,4
2014-01-11 06:01:00,0.1824306,2.826952,122.1137,6.277503,13.58795,5.159904,-0.0002939045,1.778386,-0.004007905,5.57177,3.744097,3.469919,3.272958,-2.162448,0.1258005,4
2014-01-11 06:02:00,0.1822825999999999,2.832938,122.0658,6.179299,13.58795,5.159904,-0.0006839948,1.784086,-0.001434736,5.589612,3.755517,3.599471,3.270056,-2.102381,0.1264695,4
2014-01-11 06:03:00,0.1822879,2.815698,122.0088,6.098979,13.58795,5.159904,0.0011399909999999,1.715687,-0.0003118991999999,5.562508,3.605196,3.348846,3.226346,-2.162449,0.1264405,4
2014-01-11 06:04:00,0.1822150999999999,2.808005,121.9471,6.441059,13.58795,5.159904,-0.001595988,1.806886,-0.001372357,5.59535,3.731787,3.585032,3.515574,-2.162449,0.1262307,4
2014-01-11 06:05:00,0.1820242,2.808917,121.9434,6.587353,13.58795,5.169317,0.0004559966,1.835386,0.0039767159999999,5.638278,3.783464,3.487075,3.570853,-2.162449,0.1267224999999999,4
2014-01-11 06:06:00,0.1820996,2.824861,121.9335,6.542366,13.58795,5.182495,0.0013679899999999,1.795486,0.001684256,5.623603,3.654318,3.2927,3.382938,-2.16245,0.1263233,4
2014-01-11 06:07:00,0.1821866,2.806819,121.9352,6.302233,13.58749,5.182495,-0.001595988,1.652987,-0.004912413,5.597927,3.678651,3.447393,3.248998,-2.16245,0.1261054,4
2014-01-11 06:08:00,0.1821566,2.822078,121.9214,6.180325,13.58795,5.201137,-0.002051984,1.972185,-0.005083958,5.614421,3.824718,3.578483,3.365088,-2.402723,0.1253162999999999,4
2014-01-11 06:09:00,0.1821406999999999,2.826289,121.9641,6.10313,13.58795,5.202831,0.0043319669999999,1.721387,0.0077506959999999,5.597569,3.780615,3.569439,3.238569,-2.402723,0.1268469999999999,4
2014-01-11 06:10:00,0.1822575999999999,2.836719,121.9882,6.369139,13.58795,5.202831,-0.005243959,1.618788,-0.01046422,5.651776,3.967375,3.848594,3.406183,-2.462791,0.1264453,4
2014-01-11 06:11:00,0.1823434999999999,2.846291,122.0158,6.458013,13.58795,5.217892,0.004103968,1.681487,0.006596669,5.691787,4.116953,3.989619,3.525121,-2.342655,0.1259527,4
2014-01-11 06:12:00,0.1824055,2.817997,122.012,6.506392,13.58795,5.225422,-0.002963977,1.812586,-0.005224312,5.724276,4.130206,3.949931,3.490409,-2.342655,0.1257673,4
2014-01-11 06:13:00,0.1822296999999999,2.834652,122.0435,6.47569,13.58795,5.235588,0.0002279983,1.647287,0.0002339246999999,5.734436,4.06886,3.924343,3.426123,-2.402724,0.1270245,4
2014-01-11 06:14:00,0.1822477999999999,2.857141,122.1271,6.520711,13.58795,5.24406,0.002051984,1.470589,0.0037583859999999,5.770005,4.106662,3.997926,3.38661,-2.402724,0.1270177,4
2014-01-11 06:15:00,0.182509,2.834828,122.2029,6.50159,13.58795,5.245754,-0.003191976,1.732787,-0.005052768,5.81019,4.23997,4.165593,3.512952,-2.703064,0.1257192,4
2014-01-11 06:16:00,0.1823834,2.841236,122.1592,6.084975,13.58795,5.245754,0.003647972,2.114684,0.0080002159999999,5.805896,4.246439,4.149172,3.511569,-2.462792,0.1269404,4
2014-01-11 06:17:00,0.1823891,2.828048,122.1377,6.018914,13.58749,5.251403,0.0004559966,1.937985,0.002339245,5.790862,4.24066,4.116932,3.523686,-2.582928,0.1255607,4
2014-01-11 06:18:00,0.1822342,2.821669,122.1091,5.998533,13.58657,5.268349,0.0002279982,1.738487,0.0004366590999999,5.757877,4.044508,3.866362,3.272843,-2.582928,0.1257406,4
2014-01-11 06:19:00,0.1823315,2.857691,122.094,6.118307,13.58795,5.268349,0.007295944,1.812586,0.01246037,5.727216,3.921457,3.823423,3.209792,-3.18361,0.1272003999999999,4
2014-01-11 06:20:00,0.1822097,2.821182,122.0633,6.398745,13.58749,5.277761,0.004103968,1.738487,0.0059728699999999,5.741614,3.9824,3.92587,3.204906,-3.243678,0.1262031,4
2014-01-11 06:21:00,0.1822564999999999,2.838408,122.0068,6.655815,13.58795,5.289057,-0.007067946,1.670087,-0.0130841699999999,5.818496,4.155384,4.083858,3.368827,-3.303746,0.1272880999999999,4
2014-01-11 06:22:00,0.1822137,2.830597,122.0167,6.711424,13.58611,5.290939,0.002279983,1.937985,0.0049591979999999,5.84533,4.146544,4.002771,3.331328,-3.123542,0.1265655,4
2014-01-11 06:23:00,0.1822149,2.842654,122.0114,6.727936,13.58611,5.290939,-0.0056999559999999,1.823986,-0.0099183959999999,5.847483,4.063546,3.915452,3.106322,-2.88327,0.1275892999999999,4
2014-01-11 06:24:00,0.1821910999999999,2.832252,121.9983,6.621192,13.58749,5.290939,0.0027359789999999,2.029185,0.0061600099999999,5.85248,4.170098,4.098567,3.284684,-3.003406,0.1269908999999999,4
2014-01-11 06:25:00,0.1822211,2.834877,121.9869,6.529946,13.58519,5.294329,0.0011399909999999,1.755587,0.0023704339999999,5.87367,4.210724,4.116299,3.480783,-2.703066,0.1271661,4
2014-01-11 06:26:00,0.1822069,2.82457,121.9823,6.614193,13.58519,5.311275,-0.002279983,2.074784,-0.004553729,5.931224,4.362139,4.245586,3.772018,-2.703066,0.1263924999999999,4
2014-01-11 06:27:00,0.1821683,2.835766,121.9938,6.572101,13.58519,5.315041,-0.002279983,2.046284,-0.00235484,5.950674,4.369472,4.288677,3.942486,-2.462793,0.1269116,4
2014-01-11 06:28:00,0.1821818,2.820567,121.9358,6.615234,13.58428,5.333866,-0.0054719579999999,2.228683,-0.01130635,6.004403,4.572734,4.5427,4.223862,-2.58293,0.1266548999999999,4
2014-01-11 06:29:00,0.1821444,2.830408,121.9651,6.772852,13.5829,5.333866,0.0054719579999999,2.257183,0.01241359,6.019368,4.50056,4.341867,4.125912,-2.46278,0.127092,4
2014-01-11 06:30:00,0.1821115,2.823232,121.9861,6.691351,13.58244,5.349115,0.0027359789999999,2.342682,0.006362744,6.021769,4.408617,4.148347,4.041774,-2.582912,0.1266072,4
2014-01-11 06:31:00,0.1822401999999999,2.819686,122.0251,6.493376,13.58244,5.356081,0.000911993,2.507981,0.001278787,5.988818,4.337663,4.178202,4.077344,-2.763105,0.1259726999999999,4
2014-01-11 06:32:00,0.1821307,2.822885,121.9667,6.711361,13.58244,5.37491,-0.004559965,2.67328,-0.0115558699999999,6.04041,4.473045,4.369384,4.333641,-3.243644,0.1270216,4
2014-01-11 06:33:00,0.1822803,2.832771,122.0077,6.906292,13.58152,5.38357,0.0056999559999999,2.530781,0.0151271099999999,6.12677,4.743934,4.687495,4.713921,-3.303705,0.1261282,4
2014-01-11 06:34:00,0.1823828,2.813044,121.992,6.869854,13.58107,5.400891,-0.0006839949,3.089376,-0.0013723559999999,6.180405,4.812724,4.511892,4.679835,-2.823166,0.1272049,4
2014-01-11 06:35:00,0.1822888,2.831615,122.0101,6.807618,13.58015,5.41972,-0.0009119929,3.020977,-0.0038363609999999,6.177791,4.754454,4.40786,4.647999,-2.943298,0.1274797,4
2014-01-11 06:36:00,0.1821904,2.841301,121.9709,6.673971,13.57831,5.426497,-0.0043319659999999,3.243275,-0.01208609,6.152495,4.614772,4.263084,4.46111,-2.943298,0.1262165,4
2014-01-11 06:37:00,0.182234,2.828796,121.987,6.674591,13.57739,5.440052,0.001367989,3.402874,0.008187355,6.130399,4.50758,4.200881,4.275954,-3.36377,0.1271257,4
2014-01-11 06:38:00,0.1823086999999999,2.829066,121.9994,6.610426,13.57693,5.462643,0.0011399909999999,3.579573,0.0051775279999999,6.120182,4.398694,4.124834,4.095511,-3.604038,0.1262446,4
2014-01-11 06:39:00,0.1822717,2.829512,121.9896,6.326613,13.57693,5.462643,0.002051984,3.568173,0.0063315539999999,6.073147,4.268581,3.991076,3.882326,-3.003362,0.1259549,4
2014-01-11 06:40:00,0.1823034,2.821748,121.9387,6.446258,13.57693,5.477705,-0.0093479289999999,3.551073,-0.0313146899999999,6.082489,4.469533,4.380176,4.162106,-2.943295,0.1265391999999999,4
2014-01-11 06:41:00,0.1822458999999999,2.809052,121.9179,6.800134,13.57693,5.486931,-0.0054719579999999,3.642272,-0.0193533499999999,6.128756,4.675317,4.569561,4.165647,-3.543966,0.1265645,4
2014-01-11 06:42:00,0.182237,2.8026,121.8902,6.77934,13.57739,5.505569,-0.0008158074,3.847471,-0.01118159,6.155214,4.801132,4.837558,4.311603,-3.303698,0.1266137,4
2014-01-11 06:43:00,0.1822649,2.838162,121.9149,6.956251,13.57693,5.505569,-0.001823986,3.97287,-0.0061132249999999,6.185861,4.966112,4.963254,4.317302,-2.582892,0.1263440999999999,4
2014-01-11 06:44:00,0.1819505999999999,2.826892,121.8303,6.662283,13.57693,5.522512,0.0052439599999999,4.354767,0.0229401899999999,6.176407,4.881672,4.796674,4.173425,-2.222487,0.1259815,4
2014-01-11 06:45:00,0.1819350999999999,2.823789,121.8515,6.43428,13.57693,5.52816,-0.0027359789999999,4.742364,-0.01373916,6.132155,4.633746,4.554429,3.963118,-2.582889,0.1268753,4
2014-01-11 06:46:00,0.1819487999999999,2.821356,121.8411,6.113073,13.57693,5.546801,-0.003419974,5.061562,-0.01724803,6.083799,4.448031,4.387268,3.762136,-3.123493,0.1259744999999999,4
2014-01-11 06:47:00,0.1819255999999999,2.804291,121.8234,6.425211,13.57693,5.548496,-0.0009119929,5.22116,-0.00584811,6.061266,4.476169,4.450435,3.823937,-3.303695,0.1263601,4
2014-01-11 06:48:00,0.1822347,2.820466,121.9253,6.483067,13.57693,5.559792,0.006839948,5.608757,0.0366637599999999,6.047606,4.407441,4.393858,3.773744,-2.94327,0.1269483999999999,4
2014-01-11 06:49:00,0.1822037,2.835747,121.9624,6.243454,13.57693,5.571087,-0.0041039689999999,6.144553,-0.02701048,6.01969,4.22288,4.156375,3.602575,-3.423779,0.1273364999999999,4
2014-01-11 06:50:00,0.1821658999999999,2.838315,121.9987,6.077803,13.57693,5.571087,0.004103968,6.902647,0.0264802399999999,5.970514,4.135634,4.077701,3.433595,-3.303652,0.1274841999999999,4
2014-01-11 06:51:00,0.1822621,2.835483,121.9986,6.195832,13.57693,5.58803,0.001595988,7.444143,0.01177419,5.954659,4.282045,4.313499,3.675399,-3.483855,0.1272562,4
2014-01-11 06:52:00,0.1823927999999999,2.844584,122.1167,6.484555,13.57693,5.591419,0.003419974,8.595534,0.0293497199999999,5.958764,4.275413,4.265399,3.650848,-3.483864,0.1268659,4
2014-01-11 06:53:00,0.1826924,2.868934,122.3269,6.556941,13.57693,5.591419,-0.0043319669999999,9.490428,-0.0396579899999999,5.953778,4.261817,4.251804,3.647265,-3.183534,0.1259639999999999,4
2014-01-11 06:54:00,0.1826932,2.86288,122.2943,6.540424,13.57693,5.591419,0.000911993,9.684226,0.0092790019999999,5.948773,4.272598,4.248285,3.652348,-3.243609,0.1273045999999999,4
2014-01-11 06:55:00,0.1826407999999999,2.84974,122.3036,6.480928,13.57693,5.591419,0.005927954,9.627227,0.05682804,5.932375,4.136756,4.070958,3.379605,-2.943277,0.1267752,4
2014-01-11 06:56:00,0.1827362999999999,2.849318,122.2924,6.293139,13.57693,5.591419,0.001823986,9.650027,0.0167489899999999,5.903152,4.10671,4.035184,3.393912,-3.003351,0.1265882999999999,4
2014-01-11 06:57:00,0.1827805999999999,2.851679,122.3252,6.275936,13.57693,5.591419,0.0025079809999999,9.741225,0.0238290999999999,5.882481,4.182513,4.148184,3.412528,-2.883219,0.126775,4
2014-01-11 06:58:00,0.1827902,2.852363,122.2988,6.339025,13.57693,5.591419,0.0006839948,10.23142,0.007376416,5.882482,4.334082,4.383403,3.519201,-2.883209,0.1263659,4
2014-01-11 06:59:00,0.1828406999999999,2.843156,122.3218,6.239376,13.57693,5.591419,0.0011399909999999,10.35112,0.01038624,5.881057,4.488475,4.582797,3.668102,-2.883207,0.1267782,4
2014-01-11 07:00:00,0.182849,2.850767,122.3775,6.465879,13.57693,5.591419,0.004559965,10.17442,0.0498726899999999,5.918128,4.672815,4.775682,3.965728,-2.342602,0.1265994,4
2014-01-11 07:01:00,0.1828517,2.845828,122.4008,6.699478,13.57693,5.591419,0.007979939,10.18012,0.0843687399999999,5.992969,4.821413,4.874978,4.118826,-2.102335,0.1271438,4
2014-01-11 07:02:00,0.1828436,2.831309,122.3575,6.342646,13.57693,5.591419,-0.002963977,10.67032,-0.02813331,6.000109,4.795676,4.78996,4.045115,-1.741923,0.1264772,4
2014-01-11 07:03:00,0.1828954999999999,2.85427,122.3588,6.292639,13.57693,5.595185,0.003647972,13.3493,0.0494048399999999,5.993178,4.787307,4.80945,4.035304,-1.321459,0.1267337,4
2014-01-11 07:04:00,0.1826375,2.859166,122.2971,6.445259,13.57693,5.610248,0.0077519399999999,18.01186,0.1413059999999999,6.001081,4.822434,4.871711,3.980396,-0.7207934999999999,0.1273633999999999,4
2014-01-11 07:05:00,0.1826989,2.842956,122.243,6.388102,13.57693,5.614014,0.0075239419999999,21.73393,0.1720124,6.005558,4.731918,4.721916,3.893319,-0.720793,0.1266661,4
2014-01-11 07:06:00,0.1828647999999999,2.84219,122.2845,6.297785,13.57693,5.614014,0.0066119489999999,24.25902,0.1600511,5.991305,4.671191,4.682621,3.857539,-0.4805253999999999,0.1275855999999999,4
2014-01-11 07:07:00,0.1828099,2.835413,122.3097,6.510382,13.57693,5.615896,0.01185591,29.09258,0.3470814999999999,5.995324,4.686651,4.674498,3.859424,0.1801958999999999,0.1267232,4
2014-01-11 07:08:00,0.1828758,2.845325,122.3069,6.51941,13.57693,5.632839,0.01413589,40.41839,0.5754073,6.005126,4.603605,4.53286,3.807749,1.021106,0.1265537999999999,4
2014-01-11 07:09:00,0.1829645,2.856339,122.3538,6.529171,13.57693,5.634722,0.01915185,47.96513,0.9157518,5.999881,4.544751,4.614058,3.903359,1.862012,0.1262157999999999,4
2014-01-11 07:10:00,0.1830697,2.840498,122.4576,6.709462,13.57693,5.636604,0.0223438299999999,54.57138,1.219885,6.028847,4.539483,4.60308,4.148442,2.823029,0.1261591,4
2014-01-11 07:11:00,0.1831598999999999,2.850731,122.4971,6.797577,13.57693,5.636604,0.02120384,57.46696,1.2233,6.024579,4.612345,4.673069,4.061872,3.904182,0.1261688,4
2014-01-11 07:12:00,0.1831509,2.845088,122.4955,7.154212,13.57693,5.636604,0.03146376,131.1389,4.297286,6.063078,4.826633,4.866629,4.1934,4.504813,0.1266557,4
2014-01-11 07:13:00,0.3893536,1.364291,122.5127,7.26656,13.57693,5.636604,0.0155038799999999,212.198,3.163641,6.12863,5.054453,5.130127,4.514411,5.405775,0.0645560699999999,4
2014-01-11 07:14:00,0.3614472,1.644477,122.4564,7.355834,13.57693,5.645077,0.0273597899999999,202.7475,5.425581,6.208334,5.196439,5.228558,4.612252,6.306737,0.05923997,4
2014-01-11 07:15:00,0.4927737999999999,1.150527,122.499,7.402002,13.57693,5.65694,0.0296397699999999,201.2256,5.815892,6.297832,5.333919,5.373878,4.701301,7.027494,0.03673548,4
2014-01-11 07:16:00,0.5565048999999999,-1.181665,122.5038,7.387238,13.57693,5.670118,0.0330597499999999,157.9629,5.226231,6.371536,5.349958,5.391338,4.796654,7.688181,-0.01715508,4
2014-01-11 07:17:00,0.5492034999999998,-1.102991,122.4716,7.31076,13.57693,5.679531,0.03123576,158.8578,4.962317,6.396604,5.190948,5.14312,4.622478,8.288764,-0.01624153,4
2014-01-11 07:18:00,0.5435497,-0.9656041,122.4748,7.278876999999999,13.57648,5.686308,0.04126769,158.7837,6.553705,6.382006,5.014265,4.932145,4.489924,8.889343999999998,-0.01441097,4
2014-01-11 07:19:00,0.5371365,-0.8954744,122.4881,7.238730999999999,13.57464,5.699863,0.0442316599999999,158.9433,7.029928,6.386289,4.834298,4.650699,4.317637,9.0095,-0.01350255,4
2014-01-11 07:20:00,0.5345659999999999,-0.7262621,122.3528,7.099431,13.5751,5.713043,0.04126769,159.0972,6.562189,6.36527,4.70749,4.531712,4.137791,9.069585,-0.0107058399999999,4
2014-01-11 07:21:00,0.5330736999999999,-0.4678191999999999,122.3786,6.891895,13.57143,5.722458,0.0444596599999999,158.6868,7.056003,6.341207,4.795488,4.69833,4.197986,9.550136,-0.00673114,4
2014-01-11 07:22:00,0.5332778999999999,0.1212462,122.3804,6.969363,13.57235,5.732624,0.04879163,158.8692,7.751804,6.327148,4.667066,4.476976,3.944942,10.45112,0.00180149,4
2014-01-11 07:23:00,0.5266726,3.631328,122.4181,6.8692,13.57143,5.74279,0.0704514599999999,159.0801,11.20531,6.305234,4.474338,4.281325,3.803506,16.99818,0.0554231499999999,4
2014-01-11 07:24:00,0.5089069,11.44347,122.4727,6.805445,13.57143,5.74279,0.1258549999999999,159.0003,20.01071,6.284572,4.438613,4.237724,3.71192,35.79833,0.1832772,4
2014-01-11 07:25:00,0.5264199,21.48841,122.535,6.952944,13.57143,5.757853,0.1956225,158.5899,31.02386,6.309584,4.61023,4.475873,3.850143,57.90202,0.3316050999999999,4
2014-01-11 07:26:00,0.5406007999999999,27.85343,122.5832,7.105606,13.57189,5.761619,0.2364342,158.55,37.48496,6.344683,4.83476,4.692606,4.085005,72.91811,0.4210577999999999,4
2014-01-11 07:27:00,0.5516001999999999,31.97576,122.5558,7.138724,13.57281,5.765385,0.2779299,158.8407,44.14439,6.367681,4.860664,4.62778,4.110938,81.92658,0.4738487,4
2014-01-11 07:28:00,0.5646731999999999,36.04846,122.6342,7.21027,13.57189,5.765385,0.2998177,158.8179,47.61512,6.4097,5.156242,4.977752,4.624144,90.15503,0.5218593,4
2014-01-11 07:29:00,0.5782129,39.62424,122.6225,7.743916999999999,13.57143,5.765385,0.3283174999999999,158.7381,52.11876,6.538584,5.632166,5.353238,5.20408,97.42236,0.5596940999999999,4
2014-01-11 07:30:00,0.5895995,42.64844,122.6384,7.916901,13.57143,5.765385,0.3504333,158.7666,55.63628,6.609065,6.002882,5.754774,5.64353,103.6088,0.5904955,4
2014-01-11 07:31:00,0.6104079,46.56974,122.6527,8.323665,13.57143,5.78421,0.3725491,158.5614,59.06977,6.756724,6.480492,6.254717,6.117218,111.4164,0.6212628,4
2014-01-11 07:32:00,0.6406370999999998,51.88744,122.6588,8.336372,13.57143,5.799836,0.4122208,158.9718,65.53167,6.869809,6.750962,6.482574,6.316635,122.4078,0.6581019999999999,4
2014-01-11 07:33:00,0.6726012999999998,57.99407,122.6362,8.310672999999998,13.57097,5.815838,0.4473326,161.1264,72.08606,6.978184,7.069932,6.839442,6.705655,132.8579,0.7004126,4
2014-01-11 07:34:00,0.6960753,61.98543,122.686,8.248652,13.56959,5.841068,0.4696763999999999,160.8414,75.55529,7.107912,7.346812,7.105064,6.991971,140.7861,0.7231092,4
2014-01-11 07:35:00,0.7308027,67.47135,122.6804,8.179273,13.56592,5.862534,0.4854083,167.1113,81.1259,7.197576,7.541612,7.287867999999999,7.197572,145.5911,0.7503271,4
2014-01-11 07:36:00,0.7542986999999999,71.41081,122.6859,8.116488,13.56592,5.887007,0.4981762,171.3179,85.354,7.270335,7.67045,7.377677,7.326495999999999,148.9545,0.7688761,4
2014-01-11 07:37:00,0.7858551999999999,76.53004,122.6912,8.061903,13.56592,5.922588,0.51938,174.8861,90.85915,7.34208,7.800385,7.471439,7.432349999999999,154.5399,0.7890639,4
2014-01-11 07:38:00,0.8258064,82.26456,122.7448,8.071768,13.56317,5.946123,0.5549477999999999,176.3224,97.86411,7.413175,7.928226999999999,7.575914,7.559572,163.0088,0.8079559,4
2014-01-11 07:39:00,0.8723571,89.67024999999998,122.6444,8.107868,13.56134,5.976625,0.5597357,186.7534,104.53,7.501871999999999,8.079309,7.707918,7.757638,167.1533,0.8322437,4
2014-01-11 07:40:00,0.9045971,94.23753,122.6803,8.194922,13.56088,6.011641,0.5695396,191.9232,109.299,7.629892,8.249779999999998,7.894123999999999,7.936731,169.0752,0.8460950999999999,4
2014-01-11 07:41:00,0.9687857,104.5359,122.7389,8.176163,13.56042,6.036491,0.6144553,197.0247,121.107,7.788267,8.407987,8.109927,8.141158,180.4869,0.8660444999999999,4
2014-01-11 07:42:00,1.064629,116.342,122.7767,8.444089,13.5595,6.077535,0.659143,201.1971,132.5934,8.014466,8.674321,8.356564,8.450209,195.743,0.8848951,4
2014-01-11 07:43:00,1.073909,117.5055,122.7725,8.480659,13.55767,6.116508,0.6844508,194.4939,133.1227,8.202291,8.876773,8.497439,8.609495,204.2722,0.8864944999999999,4
2014-01-11 07:44:00,1.153052,129.0946,122.7893,8.38016,13.55491,6.157549,0.7129505,205.8425,146.7826,8.396434,9.032407,8.677999,8.768041999999998,211.4196,0.9006193,4
2014-01-11 07:45:00,1.242781,140.5692,122.7943,8.338955999999998,13.55491,6.202926,0.7400822999999999,215.5381,159.5277,8.59199,9.219226,8.847938,8.95425,218.7471,0.9119921,4
2014-01-11 07:46:00,1.311282,148.9548,122.738,8.303274,13.55491,6.244532,0.7635661999999999,219.967,167.9816,8.781594999999998,9.3732,8.978637,9.077128,225.4121,0.9187623,4
2014-01-11 07:47:00,1.400652,161.1118,122.7759,8.226203,13.55491,6.290473,0.7763339999999999,232.0053,180.1474,8.952064,9.498169,9.098029,9.198626,231.6566,0.9268432,4
2014-01-11 07:48:00,1.490225,172.3044,122.7956,8.138783,13.55354,6.333209,0.7998178999999999,240.4356,192.3172,9.140537,9.62629,9.222709,9.265206,239.4043,0.9321103,4
2014-01-11 07:49:00,1.593567,184.1166,122.8443,8.322272,13.55124,6.376887,0.8251256999999999,248.5523,205.082,9.291644,9.724185,9.364583,9.38158,247.3922,0.9317432,4
2014-01-11 07:50:00,1.688104,194.8628,122.8292,8.49019,13.54895,6.425651,0.8486095,255.9223,217.1913,9.418853,9.822294,9.486819,9.478325000000002,255.1395,0.9315081,4
2014-01-11 07:51:00,1.779904,206.271,122.8549,8.617616,13.54895,6.476858,0.8618333999999999,266.6155,229.7884,9.59159,9.998444,9.680064,9.650339,261.7459,0.9358082,4
2014-01-11 07:52:00,1.793967,207.479,122.9165,8.433324,13.54574,6.542002,0.8433654999999999,271.6713,229.094,9.701564,10.03548,9.717133,9.649901,262.0428,0.9377872,4
2014-01-11 07:53:00,1.811522,210.1049,122.9197,8.470181,13.5439,6.603375,0.8324215999999999,278.574,231.8749,9.796504,10.09854,9.83966,9.742019,264.8645,0.9391153,4
2014-01-11 07:54:00,1.835338,213.0729,122.9443,8.509145999999998,13.5439,6.663248,0.8488373999999999,279.5943,237.277,9.982643,10.27185,10.02932,9.876539,268.5851,0.9396827,4
2014-01-11 07:55:00,1.699358,195.5669,122.9411,8.486565,13.54344,6.720104,0.7765619999999999,280.2897,217.6485,10.1438,10.35234,10.0943,9.904754,250.5664,0.9335692,4
2014-01-11 07:56:00,1.279681,142.4228,122.8077,8.464658,13.54023,6.769056,0.5804835999999999,281.0763,163.1445,10.17897,10.14149,9.872741,9.700096,189.3642,0.9080777,4
2014-01-11 07:57:00,1.317693,149.1385,122.7947,8.522762999999998,13.53839,6.825914,0.6171913,276.3396,170.5291,10.17395,9.964623,9.760879,9.546433,191.8862,0.9143018,4
2014-01-11 07:58:00,1.675415,193.8023,122.8782,8.535417,13.53839,6.880135,0.7975379,274.2762,219.0114,10.18966,9.958414,9.773769,9.584812,238.2488,0.9320848,4
2014-01-11 07:59:00,2.051881,240.2054,123.0355,8.727194,13.53794,6.93078,0.9712725,272.2413,264.3762,10.2216,10.18342,10.00663,9.849597,293.922,0.9439285,4
2014-01-11 08:00:00,2.114832,248.3289,123.0529,8.756385,13.53381,6.985755,1.012084,270.2463,273.4511,10.33433,10.43257,10.24525,10.07132,304.6695,0.9454041,4
2014-01-11 08:01:00,2.259779,266.2729,123.0847,8.689566,13.53289,7.038284,1.06726,273.8487,292.2583,10.49604,10.69667,10.48473,10.32006,324.7283,0.94846,4
2014-01-11 08:02:00,2.309885,271.415,123.0963,8.533255999999998,13.53289,7.091375,1.086184,273.8373,297.4207,10.56831,10.81763,10.60433,10.4383,330.5515,0.9494593,4
2014-01-11 08:03:00,2.34182,275.1013,123.0923,8.687881,13.53285,7.147668,1.117419,269.7675,301.4355,10.69416,10.97518,10.78526,10.57831,335.1156,0.9496953,4
2014-01-11 08:04:00,2.372547,278.9079,123.0912,8.708076,13.53197,7.202267,1.147971,266.3362,305.7366,10.7597,11.03716,10.83243,10.63398,341.3593,0.9494064,4
2014-01-11 08:05:00,2.415719,284.3282,123.1601,8.698558,13.5287,7.25856,1.168035,266.2678,311.0109,10.82336,11.14172,11.03444,10.77182,347.6649,0.9500623,4
2014-01-11 08:06:00,2.476957,291.6145,123.1745,8.660228,13.52702,7.309580999999999,1.173963,272.817,320.2643,10.95378,11.28545,11.13375,10.86906,352.8281,0.9511568,4
2014-01-11 08:07:00,2.511364,296.0295,123.2549,9.07555,13.52637,7.37058,1.206567,267.6928,322.9839,10.99952,11.36643,11.21546,10.96281,357.9324,0.951319,4
2014-01-11 08:08:00,2.558968,301.9761,123.1724,9.23622,13.52581,7.425179,1.211583,272.9139,330.6605,11.13487,11.61732,11.45867,11.1885,364.0568,0.9526412,4
2014-01-11 08:09:00,2.601377,306.7741,123.1196,9.020515,13.52194,7.477706,1.242134,269.494,334.6773,11.26399,11.78791,11.60886,11.34864,370.3621,0.9527183,4
2014-01-11 08:10:00,2.646804,312.7328,123.1035,8.912357,13.51971,7.538706,1.273598,269.5851,343.3053,11.36276,11.89364,11.76819,11.47349,377.0873,0.9532484,4
2014-01-11 08:11:00,2.70121,318.7741,123.1177,8.953506,13.51955,7.598579,1.273598,272.589,347.1329,11.46444,11.9797,11.89655,11.56316,382.7921,0.9538104,4
2014-01-11 08:12:00,2.718031,321.284,123.1625,8.767118,13.51831,7.655622,1.256726,278.9217,350.5243,11.60909,12.14532,12.14462,11.755,386.9352,0.9549196,4
2014-01-11 08:13:00,2.768306,327.7303,123.2057,8.813496,13.51494,7.715683,1.32239,271.5174,359.0055,11.76244,12.34216,12.36961,11.99638,392.1595,0.9549533,4
2014-01-11 08:14:00,2.806442,332.3381,123.2075,8.860808,13.5138,7.773103,1.357046,266.6326,361.8072,11.97513,12.55883,12.60738,12.18996,399.7858,0.9560021,4
2014-01-11 08:15:00,2.843287,336.9803,123.2411,9.02582,13.51318,7.820549,1.374373,266.587,366.3801,12.04047,12.59173,12.58821,12.21725,404.5297,0.9563569,4
2014-01-11 08:16:00,2.87039,340.2921,123.2475,9.124351,13.51303,7.879285999999999,1.396945,265.8289,371.3449,12.09941,12.65904,12.68084,12.30291,408.673,0.9566132,4
2014-01-11 08:17:00,2.917502,346.4495,123.3384,9.298793000000002,13.51105,7.934828,1.401049,269.4997,377.5802,12.19391,12.78367,12.82656,12.39244,413.2367,0.957675,4
2014-01-11 08:18:00,2.95994,351.6153,123.2869,9.427434000000002,13.50728,7.987357,1.393981,276.465,385.3754,12.38116,13.06632,13.13378,12.69711,419.1818,0.9581254,4
2014-01-11 08:19:00,3.007383,357.2718,123.2835,9.411856,13.50715,8.044589999999998,1.400821,277.9242,389.3085,12.65545,13.41473,13.51659,13.0268,426.8684,0.9584941,4
2014-01-11 08:20:00,3.034837,360.7258,123.2938,9.218797,13.50708,8.101825,1.418605,277.7817,393.9754,12.92886,13.72003,13.59784,13.3007,431.4323,0.9589071,4
2014-01-11 08:21:00,3.060542,363.3271,123.3419,9.112906,13.50698,8.157928999999998,1.450753,271.6428,394.0763,13.18383,14.04965,13.98579,13.63202,431.552,0.95911,4
2014-01-11 08:22:00,3.065589,364.5346,123.3699,9.158532,13.50693,8.21366,1.461469,271.3749,396.594,13.37174,14.22249,14.02607,13.69901,431.9121,0.9589887,4
2014-01-11 08:23:00,3.083453,365.871,123.2997,9.222224,13.505,8.266749,1.493389,266.3818,397.7995,13.50302,14.41174,14.29603,13.93336,435.2749,0.9587029,4
2014-01-11 08:24:00,3.102378,368.8056,123.2975,9.412212,13.5013,8.322856,1.484953,269.1178,399.6215,13.8078,14.79795,14.78183,14.47558,437.0163,0.9588397,4
2014-01-11 08:25:00,3.134547,373.0202,123.3168,9.565026,13.50121,8.377452,1.483357,273.4497,405.6077,14.09063,15.04452,14.76573,14.51346,441.0397,0.959676,4
2014-01-11 08:26:00,3.176626,378.6688,123.3465,9.493817,13.49936,8.429605,1.482901,277.3143,411.161,14.15693,15.15759,15.11197,14.67568,449.6274,0.9601355,4
2014-01-11 08:27:00,3.26437,389.1295,123.4088,9.434758,13.49654,8.482509,1.56498,270.2178,422.8809,14.55707,15.42054,15.36875,15.18957,459.4761,0.9603273,4
2014-01-11 08:28:00,3.302535,394.0246,123.4826,9.307611,13.49561,8.535037,1.578432,271.5744,428.5928,14.80868,15.70943,15.56743,15.57234,465.1212,0.9605756,4
2014-01-11 08:29:00,3.356007,400.6953,123.5156,9.39047,13.49555,8.589444999999998,1.630871,266.245,434.1898,15.15744,16.38316,16.34894,16.21625,474.069,0.9611811,4
2014-01-11 08:30:00,3.408498,407.2235,123.523,9.51035,13.49555,8.643857,1.623348,271.6029,440.8935,15.50506,16.76623,16.62593,16.32151,480.1345,0.9615819,4
2014-01-11 08:31:00,3.43485,409.52,123.5303,9.549995,13.4955,8.690737,1.671911,266.1481,444.9636,15.83218,17.23749,17.22355,16.87276,484.0979,0.9614063,4
2014-01-11 08:32:00,3.446433,410.8796,123.3974,9.580479,13.49228,8.7491,1.683539,264.5008,445.2947,16.25867,17.80485,17.85495,17.61401,486.44,0.9612744,4
2014-01-11 08:33:00,3.485829,416.2903,123.4041,9.613004,13.48995,8.798806,1.699271,264.9739,450.2537,16.67554,18.14458,18.03253,18.12437,492.6254,0.9616098,4
2014-01-11 08:34:00,3.569982,426.5076,123.4462,9.5291,13.48995,8.856037,1.732103,266.9404,462.3059,16.95096,18.17849,17.85341,18.14925,503.4352,0.9620743,4
2014-01-11 08:35:00,3.592805,428.7204,123.4589,9.432665,13.48763,8.912143999999998,1.742363,266.2735,463.9275,17.13306,18.30373,18.04694,18.36143,505.9573,0.9621472,4
2014-01-11 08:36:00,3.617906,431.8352,123.4333,9.594065,13.48487,8.966739999999998,1.750799,267.214,467.7946,17.47536,18.92951,18.67306,18.81416,509.8608,0.9624825,4
2014-01-11 08:37:00,3.619159,432.315,123.4847,9.786971,13.48439,9.025105000000002,1.730507,270.4117,467.9319,17.80725,19.325,19.11184,19.2639,510.5214,0.9626822,4
2014-01-11 08:38:00,3.634561,433.6591,123.4431,9.722474,13.48438,9.084598,1.753991,266.5585,467.5111,18.06705,19.5965,19.05291,19.43203,512.3229,0.9625906,4
2014-01-11 08:39:00,3.627726,433.1789,123.4603,9.559342,13.48437,9.150872,1.769039,264.7972,468.4255,18.3029,19.9752,19.60481,19.86427,511.5422,0.9624417,4
2014-01-11 08:40:00,3.608584,429.9539,123.4531,9.401125,13.4839,9.224297,1.755587,264.7858,464.8373,18.63065,19.86162,19.31482,19.87135,507.9375,0.9623647,4
2014-01-11 08:41:00,3.629572,433.4802,123.4722,8.995582,13.48206,9.27927,1.78363,262.9504,468.9709,18.61959,19.16007,18.52981,19.63761,511.5988,0.9621878,4
2014-01-11 08:42:00,3.6494,435.5834,123.4838,8.644218999999998,13.47976,9.338764,1.79731,261.7306,470.3837,18.49448,18.8469,18.21065,19.60508,514.9594,0.9623562,4
2014-01-11 08:43:00,3.671366,439.3428,123.4754,8.491199,13.47883,9.393363,1.819198,261.3715,475.4359,18.48903,18.88175,18.28801,19.65793,518.259,0.9624774,4
2014-01-11 08:44:00,3.817956,457.9355,123.5714,8.495255,13.47837,9.442312,1.88737,262.4431,495.3143,18.56284,19.34919,18.97351,20.13367,539.3942,0.9633293,4
2014-01-11 08:45:00,3.848664,460.5824,123.6086,8.635923,13.47699,9.492961,1.902189,262.5058,499.3001,18.90032,20.06615,19.76593,20.51787,542.0331,0.9633234,4
2014-01-11 08:46:00,3.985593,479.006,123.7318,8.772279,13.47423,9.543602000000002,2.012997,257.9117,519.1965,19.32072,20.74169,20.45711,20.87314,566.9502,0.9637931,4
2014-01-11 08:47:00,4.049277,484.3766,123.7622,8.907878,13.47331,9.590672,1.972641,264.5521,521.8357,19.78655,21.42254,21.28496,21.79351,569.2289,0.9643425,4
2014-01-11 08:48:00,3.976517,475.8623,123.7021,8.969704,13.47331,9.63962,1.921797,267.744,514.5125,20.26045,21.86388,21.4894,22.31392,559.0751,0.9642508,4
2014-01-11 08:49:00,3.891615,464.5172,123.6917,8.999656,13.4733,9.692338,1.894894,265.7776,503.6263,20.68066,22.31654,22.0384,22.8558,546.1016,0.9639683,4
2014-01-11 08:50:00,3.777313,452.4789,123.605,9.027423,13.47009,9.749948,1.843138,265.5895,489.5064,20.98278,22.16297,21.57873,22.87261,528.6215,0.9636155,4
2014-01-11 08:51:00,3.860341,463.4668,123.6385,9.099954,13.46917,9.791746,1.861606,269.7561,502.1534,21.1604,22.09171,21.40579,22.78488,542.7916,0.9639947,4
2014-01-11 08:52:00,3.959946,475.4703,123.6587,9.029075,13.46779,9.851993,1.88737,272.6631,514.5428,21.00411,21.50121,20.69752,22.38014,560.8615,0.9649299,4
2014-01-11 08:53:00,3.995814,477.9675,123.6595,8.842252999999998,13.46779,9.904707,1.938669,266.4787,516.6148,20.56773,20.59328,19.68063,21.70874,559.2385,0.9646296,4
2014-01-11 08:54:00,3.798322,452.8503,123.5294,8.810938999999998,13.46779,9.951777000000002,1.852714,263.7883,488.7168,19.85657,19.72412,19.12654,20.82081,531.1905,0.9636493,4
2014-01-11 08:55:00,3.592067,427.4106,123.4853,9.083925,13.46733,10.00072,1.760146,262.3975,461.8646,19.61816,19.72151,19.50297,21.03755,501.4054,0.9624898,4
2014-01-11 08:56:00,3.606431,432.4012,123.4862,9.233281,13.46457,10.04591,1.789102,261.8389,468.3491,19.6541,19.79281,19.62565,21.08165,505.2438,0.9627339,4
2014-01-11 08:57:00,3.906117,467.8585,123.6108,9.320582000000002,13.46412,10.09109,1.940721,260.8186,506.3122,19.69911,19.9418,19.59915,21.41691,546.136,0.9639909,4
2014-01-11 08:58:00,4.132092,496.3668,123.7278,9.362466,13.46274,10.13439,2.035796,263.0131,535.4435,19.63325,20.09022,19.78024,20.92396,579.5175,0.9650836,4
2014-01-11 08:59:00,4.248751,511.5172,123.7501,9.582068,13.46228,10.17582,2.053352,269.0836,552.5242,19.66343,20.50134,20.45906,20.86759,595.97,0.9657007,4
2014-01-11 09:00:00,4.308137,517.8408,123.7893,9.884885,13.46228,10.22288,2.102372,266.6725,560.607,19.92186,20.97728,20.67417,21.09622,604.8527,0.9657509,4
2014-01-11 09:01:00,4.305154,516.484,123.7591,10.07078,13.46224,10.26995,2.069084,268.7359,556.0276,19.8654,21.07659,20.7977,20.99981,604.432,0.9658525,4
2014-01-11 09:02:00,4.35088,523.2998,123.7533,10.25661,13.46182,10.31702,2.073416,272.0247,563.9897,19.96072,21.33414,21.03954,20.841,615.1165,0.9661334,4
2014-01-11 09:03:00,4.381398,526.2901,123.7532,10.44522,13.46184,10.36409,2.134292,266.5756,568.9404,20.08658,21.51838,21.18587,20.87384,615.7163,0.9659808,4
2014-01-11 09:04:00,4.444173,534.0939,123.7651,10.4802,13.45962,10.41115,2.191291,263.1157,576.532,20.17426,21.43235,21.17861,20.66867,626.1013,0.9659606,4
2014-01-11 09:05:00,4.484865,539.6455,123.8084,10.4172,13.45734,10.46764,2.246239,259.633,583.2011,20.0037,21.34796,20.98973,20.87766,634.686,0.9661279,4
2014-01-11 09:06:00,4.574001,549.7319,123.8759,10.2516,13.45648,10.5147,2.220703,267.1513,593.252,19.6317,21.01844,20.70283,20.51098,643.6271,0.966345,4
2014-01-11 09:07:00,4.534744,545.5035,123.8771,10.20092,13.45558,10.5693,2.206339,266.6155,588.1945,19.35664,20.87845,20.91908,20.39796,637.2004,0.9665332,4
2014-01-11 09:08:00,4.580833,550.3319,123.8477,10.30421,13.45149,10.61637,2.273143,261.1321,593.5698,19.56703,21.33652,21.47958,20.92983,646.4437,0.9661801,4
2014-01-11 09:09:00,4.567018,549.4234,123.8281,10.30219,13.45105,10.66909,2.238487,265.6693,594.6591,19.60605,21.73604,21.98047,21.28892,643.5599,0.966305,4
2014-01-11 09:10:00,4.673936,563.5359,123.8485,10.38675,13.45108,10.71804,2.272003,268.4509,609.937,19.77028,22.01338,22.29698,21.46972,659.1693,0.9667994,4
2014-01-11 09:11:00,4.709537,566.0504,123.8705,10.51107,13.4509,10.77264,2.268127,269.511,611.2548,19.64635,21.64413,21.59569,20.8697,663.7916,0.9668077,4
2014-01-11 09:12:00,4.690052,564.0373,123.8181,10.61166,13.44791,10.82912,2.262427,269.2831,609.183,19.51389,21.67321,21.74916,20.82134,660.6077,0.96668,4
2014-01-11 09:13:00,4.737065,570.6759,123.8295,10.73644,13.44522,10.87995,2.294118,267.9607,614.72,19.58601,21.77884,22.02321,20.64763,667.0916,0.9667658,4
2014-01-11 09:14:00,4.824337,581.366,123.8626,10.78221,13.44528,10.9385,2.354766,266.5756,627.7038,19.57761,22.07564,22.17778,20.94094,679.3997,0.966944,4
2014-01-11 09:15:00,4.918713,592.7558,123.8905,10.70759,13.44461,11.00459,2.384634,268.3996,640.0253,19.62379,22.56925,22.79323,21.71552,694.226,0.9671268,4
2014-01-11 09:16:00,4.96975,598.7775,123.905,10.78137,13.44033,11.06483,2.436617,265.5553,647.039,20.02061,23.54475,23.86669,22.86092,701.8483,0.9670446,4
2014-01-11 09:17:00,4.972339,598.7043,123.9387,10.87547,13.43922,11.13261,2.389194,270.1039,645.2969,20.33698,24.04675,24.15601,23.16257,706.105,0.9673157,4
2014-01-11 09:18:00,4.980192,599.4432,123.9339,10.80008,13.43913,11.20641,2.407206,268.753,646.9296,20.29463,23.95666,23.84451,22.88832,705.7416,0.9672459,4
2014-01-11 09:19:00,4.955734,596.7418,123.9091,10.71855,13.43776,11.25348,2.403785,268.2,644.679,20.52949,24.37441,24.75276,23.69176,702.2515,0.9672365,4
2014-01-11 09:20:00,5.045303,608.9217,123.9274,10.78786,13.43569,11.34046,2.447105,268.6504,657.3851,20.86734,24.73767,25.27741,23.93587,717.1995,0.967252,4
2014-01-11 09:21:00,5.073779,611.0982,123.9425,10.96177,13.43287,11.41765,2.41701,272.4009,658.331,21.28884,25.48283,26.07595,25.17772,727.8189,0.9674954,4
2014-01-11 09:22:00,5.062759,609.0193,123.9735,11.16286,13.43285,11.49296,2.440721,268.5991,655.5302,21.64944,25.8164,26.11902,24.90665,721.5119999999998,0.9672298,4
2014-01-11 09:23:00,4.949474,596.8588,123.9248,11.17818,13.43149,11.57994,2.425217,266.2906,645.673,21.79656,25.85871,25.92438,25.0176,703.3621,0.9669982,4
2014-01-11 09:24:00,5.026264,605.8891,123.9817,10.96064,13.42728,11.6656,2.464889,265.3558,653.9924,21.49916,25.59055,25.78574,24.80188,712.3044,0.9669747,4
2014-01-11 09:25:00,4.993996,600.6297,124.0326,10.98215,13.42643,11.75165,2.510261,257.752,647.048,21.53446,25.6749,25.8892,24.82669,709.6445,0.9667171,4
2014-01-11 09:26:00,4.918766,592.465,124.0377,11.03929,13.42548,11.83637,2.506157,254.486,637.7782,21.63134,25.79903,26.28432,25.07248,701.2376,0.9664547,4
2014-01-11 09:27:00,5.057243,610.6702,124.0695,11.13407,13.42147,11.92466,2.55244,258.493,659.7763,21.95598,26.4598,26.99981,25.68489,719.6022,0.9670172,4
2014-01-11 09:28:00,5.199052,628.7659,124.132,11.05659,13.42056,12.01466,2.5912,261.6223,677.8909,21.8867,26.40005,26.67285,25.55787,739.7741,0.9674959,4
2014-01-11 09:29:00,5.400856,652.6082,124.1834,11.10472,13.41937,12.10729,2.724123,258.5158,704.2227,21.89118,26.67905,26.93461,25.69904,770.7474999999998,0.9678295,4
2014-01-11 09:30:00,5.484238,662.8773,124.2042,11.19464,13.41752,12.20199,2.784999,256.1845,713.4647,21.97017,26.82901,26.93763,25.8719,785.576,0.9680265,4
2014-01-11 09:31:00,5.626768,681.6472,124.2682,11.03322,13.41457,12.30027,2.80187,262.1011,734.347,21.57186,26.35994,26.42412,25.29355,805.3230999999998,0.9686428,4
2014-01-11 09:32:00,5.700558,690.4072,124.2938,10.78905,13.41454,12.39685,2.836982,262.4773,744.6083,21.18915,25.71803,26.02667,24.7896,815.4045999999998,0.9686708,4
2014-01-11 09:33:00,5.867389,710.2343,124.2981,10.86371,13.4144,12.49324,2.936161,260.4595,764.7205,20.84746,25.49332,26.05897,24.76632,839.3962,0.9690337,4
2014-01-11 09:34:00,5.900223,714.2236,124.3414,11.08134,13.4139,12.5806,2.966257,259.5703,769.9276,20.67731,25.77563,26.36146,25.02164,845.6965,0.9687469,4
2014-01-11 09:35:00,5.93265,718.9322,124.3671,11.11967,13.41242,12.67756,2.94893,262.7338,774.7569999999998,20.36277,25.79866,26.24287,25.10165,850.7295,0.9690301,4
2014-01-11 09:36:00,5.966741,722.0945,124.4127,11.04273,13.40872,12.76868,2.903558,268.1089,778.4340999999998,20.02729,25.58826,26.19965,24.73566,858.0474,0.9692008,4
2014-01-11 09:37:00,5.901247,713.9671,124.3422,11.0386,13.40865,12.86018,2.878934,267.0088,768.6544,19.89453,25.5559,26.24128,24.85367,847.8896999999998,0.9692614,4
2014-01-11 09:38:00,5.935806,719.5905,124.3371,11.08242,13.40632,12.9498,2.953261,262.5628,775.2518,19.50418,25.12461,25.8592,24.24384,850.1036,0.9692493,4
2014-01-11 09:39:00,6.049884,734.1486,124.4315,11.1261,13.40443,13.0477,3.045601,259.7641,791.1086,19.214,24.65014,25.48413,23.70251,867.7424,0.9692858,4
2014-01-11 09:40:00,5.89864,712.433,124.3615,11.08788,13.40303,13.13129,2.943913,260.2828,766.1775,19.0376,24.52169,25.59294,23.76365,843.7245,0.9688888,4
2014-01-11 09:41:00,5.771393,697.7666,124.3019,11.11277,13.40298,13.21903,2.887142,260.1745,751.0733,18.78188,24.52635,25.69542,23.91202,823.0662,0.9688034,4
2014-01-11 09:42:00,5.733284,693.7261,124.3204,11.19152,13.40296,13.30733,2.84861,262.0897,746.5376,18.83302,25.05307,26.21418,24.65782,819.2795999999998,0.9686453,4
2014-01-11 09:43:00,5.687905,687.1292,124.2598,11.1661,13.40293,13.39017,2.760831,268.4281,741.1376,18.65853,25.17776,25.96422,24.5176,811.1109,0.9689538,4
2014-01-11 09:44:00,6.012901,728.2498,124.4492,11.13426,13.39969,13.4779,2.909486,269.6649,784.4548,18.49647,25.2866,25.70519,24.56894,865.7296,0.9693711,4
2014-01-11 09:45:00,5.70001,690.3314,124.3903,11.15668,13.39738,13.55886,2.746467,270.8619,743.8069,18.17122,25.00008,25.65329,24.26487,822.6241,0.9687951,4
2014-01-11 09:46:00,5.599634,677.8415,124.2983,11.22024,13.39736,13.64546,2.66758,274.4643,731.9764,18.07762,25.00327,25.73522,24.35872,809.4125,0.9688616,4
2014-01-11 09:47:00,5.933968,718.6724,124.41,11.1954,13.39688,13.72604,2.871182,270.594,776.9026,17.95157,25.17262,25.80295,24.29202,852.8098,0.969187,4
2014-01-11 09:48:00,5.910938,716.9875,124.3983,11.09772,13.39549,13.82865,2.872248,269.7321,774.7236,17.77682,25.17016,25.73754,24.51209,850.8763,0.9691609,4
2014-01-11 09:49:00,5.894466,713.0517,124.3654,11.15248,13.39227,13.90565,2.855581,269.8723,770.6172,17.75987,25.4803,26.19852,24.86932,847.0904,0.9690171,4
2014-01-11 09:50:00,5.823959,704.0371,124.3629,11.26211,13.3918,13.98849,2.858251,265.8365,759.8274,17.67557,25.25524,25.51907,24.19765,831.654,0.968933,4
2014-01-11 09:51:00,5.777608,698.8525,124.2814,11.32172,13.39179,14.06964,2.903379,260.1129,755.1946,17.43857,25.29955,25.71126,24.38145,823.5472999999998,0.9688014,4
2014-01-11 09:52:00,5.570338,672.1446,124.2836,11.02119,13.39177,14.14777,2.798079,259.2549,725.3875,17.18941,24.83821,25.12002,23.91858,794.6631,0.9682355,4
2014-01-11 09:53:00,5.459647,658.4756,124.1759,10.99017,13.39177,14.22138,2.779162,255.5564,710.1068,16.85266,24.00529,24.23341,23.19154,778.8143,0.9680781,4
2014-01-11 09:54:00,5.642017,681.8699,124.2216,10.93741,13.39176,14.28464,2.850002,258.3092,736.2596,16.50954,23.40633,23.68836,22.63637,803.1672,0.9681066,4
2014-01-11 09:55:00,5.881737,713.134,124.3216,10.86936,13.3913,14.34828,2.916339,263.9741,769.8583999999998,16.31884,23.21071,23.74802,22.48521,835.7581,0.9687843,4
2014-01-11 09:56:00,6.082478,738.0655,124.5703,10.94799,13.39175,14.40607,2.989816,266.2681,796.0739999999998,16.25293,23.48265,24.05958,22.8437,868.695,0.9689754,4
2014-01-11 09:57:00,5.928766,718.9587,124.5511,10.89437,13.39175,14.45936,2.881968,269.0077,775.2504,16.05667,23.29334,23.6896,22.51759,848.6464999999998,0.968918,4
2014-01-11 09:58:00,6.119675,741.8429999999998,124.6049,10.90936,13.39174,14.51132,3.027654,264.0706,799.4154999999998,15.91765,23.47174,24.01356,22.89963,873.4815999999998,0.9690983,4
2014-01-11 09:59:00,6.22606,756.1997,124.6325,10.89033,13.39173,14.56366,3.106054,262.5307,815.1816,15.80214,23.3105,23.68538,22.58383,890.6461,0.9694512,4
2014-01-11 10:00:00,6.421745,781.3188,124.71,10.93011,13.39173,14.61581,3.237508,259.9546,841.5376999999999,15.59204,23.11732,23.5859,22.4586,923.5806,0.9694738,4
2014-01-11 10:01:00,6.507422,791.6769,124.7429,10.98241,13.39112,14.66137,3.292887,259.1957,853.4189,15.59207,23.1834,23.80665,22.45584,939.1829,0.9696849,4
2014-01-11 10:02:00,6.524171,791.4886,124.7457,10.95068,13.39082,14.71371,3.193444,266.5421,851.1717,15.56669,23.60005,24.18911,22.97094,939.2890000000002,0.9698468,4
2014-01-11 10:03:00,6.462281,784.9737,124.6669,10.89114,13.39018,14.75965,3.195025,264.4267,844.825,15.48879,23.55988,23.94969,22.8102,929.2623,0.9698212,4
2014-01-11 10:04:00,6.558393,796.8859,124.7108,11.07508,13.38963,14.8118,3.286614,260.7421,856.9419,15.49192,23.63716,24.16352,23.10378,944.4958,0.9697449,4
2014-01-11 10:05:00,6.554935,796.5141999999998,124.7413,10.95858,13.38852,14.8583,3.263349,262.7923,857.5499999999998,15.44046,23.77988,24.20664,23.18544,944.4327,0.9700026,4
2014-01-11 10:06:00,6.52398,792.4674999999999,124.7384,10.97661,13.38676,14.91008,3.264686,261.4564,853.5452,15.44183,23.94765,24.4895,23.36714,939.9852,0.9698574,4
2014-01-11 10:07:00,6.548965,796.4524,124.7884,11.15726,13.38523,14.96242,3.351513,256.2697,858.8184,15.63812,24.5201,25.16841,23.9575,949.9445,0.9698567,4
2014-01-11 10:08:00,6.54914,795.2988,124.7482,11.2039,13.38354,15.01909,3.318896,257.6869,855.2079,15.72264,24.87991,25.41594,24.1803,948.3792,0.9699299,4
2014-01-11 10:09:00,6.585325,801.4722,124.7578,11.0913,13.38339,15.075,3.332329,259.5889,865.0036,15.66945,24.70491,25.01219,23.80993,954.1375,0.9700081,4
2014-01-11 10:10:00,6.619143,804.9487,124.7665,11.11287,13.38271,15.13092,3.323653,261.1547,867.9249,15.61486,24.46046,24.70951,23.67229,957.0139,0.9701576,4
2014-01-11 10:11:00,6.64534,807.8604,124.7711,11.26309,13.38119,15.18627,3.298341,263.906,870.3989,15.72746,24.97163,25.78073,24.31122,961.9319,0.9701528,4
2014-01-11 10:12:00,6.669546,811.3481,124.7498,11.1234,13.37966,15.23428,3.337532,261.9563,874.244,15.70902,24.85064,25.14687,23.7923,966.0096,0.9701326,4
2014-01-11 10:13:00,6.703193,815.3502999999998,124.7621,11.20579,13.37769,15.29133,3.350969,261.8244,877.3289,15.77439,25.26713,25.77467,24.51736,971.3476,0.9702207,4
2014-01-11 10:14:00,6.718495,816.9785,124.7783,11.26093,13.37713,15.34178,3.35871,262.4106,881.346,15.86742,25.35762,25.67537,24.39445,974.1059,0.9701354,4
2014-01-11 10:15:00,6.524227,792.9927,124.7201,11.13384,13.37701,15.40033,3.244737,262.8942,852.9805,15.87283,25.29815,25.74527,24.42959,945.2354,0.9699709,4
2014-01-11 10:16:00,6.460344,785.4126999999999,124.7363,11.20234,13.37694,15.44722,3.263194,259.3666,846.2256,15.89522,25.43475,25.94,24.50049,937.1318,0.9698053,4
2014-01-11 10:17:00,6.362123,774.1128999999999,124.7425,11.25295,13.37638,15.50144,3.185919,262.2036,835.327,15.77819,24.75516,24.96496,23.76814,919.4846,0.9698808,4
2014-01-11 10:18:00,6.227224,755.5996,124.6252,11.27712,13.3745,15.54643,3.098621,262.9612,814.7916,15.6799,24.77444,25.10075,23.85417,897.3381,0.9696642,4
2014-01-11 10:19:00,5.933655,719.4016,124.4848,11.21442,13.37211,15.59614,2.930862,264.0887,774.0048,15.6576,24.26512,24.63979,23.33079,849.5642,0.9693253,4
2014-01-11 10:20:00,6.125534,743.3218,124.5629,11.28782,13.37254,15.62739,3.099752,259.382,803.7115,15.57281,23.96196,24.55793,23.23907,877.2899999999998,0.9694281,4
2014-01-11 10:21:00,6.103161,739.7439,124.5351,11.26753,13.37154,15.66636,3.146926,253.4327,797.5163,15.57054,24.09167,24.69154,23.27603,886.0498,0.9689994,4
2014-01-11 10:22:00,5.80506,702.7254,124.4427,11.23353,13.37199,15.69949,3.033191,249.6719,757.0071,15.61627,23.80743,24.2004,22.89639,842.4189,0.9686748,4
2014-01-11 10:23:00,6.57263,797.5388,124.6515,11.2494,13.37146,15.73772,3.382362,254.2128,859.8773999999999,15.64471,24.09857,24.68115,23.23681,947.8018,0.9700153,4
2014-01-11 10:24:00,6.831748,830.6364999999998,124.7898,11.27676,13.37099,15.76765,3.501337,256.0988,896.6894999999998,15.59986,24.35812,25.09086,23.5416,995.1526,0.9702063,4
2014-01-11 10:25:00,6.624242,804.3991999999998,124.71,11.27737,13.37047,15.79872,3.348624,259.0785,867.5284,15.74206,24.69728,25.39869,23.82279,958.242,0.9701133,4
2014-01-11 10:26:00,6.554293,797.8977999999998,124.6907,11.13,13.37093,15.8215,3.375519,254.9417,860.6056999999998,15.55863,23.60734,23.99573,22.53667,954.6411,0.9699492,4
2014-01-11 10:27:00,6.655731,807.9394999999998,124.7621,11.37179,13.37042,15.85049,3.523664,246.6907,869.2368,15.62051,24.34113,25.60551,23.8018,980.2055,0.9698551,4
2014-01-11 10:28:00,6.184671,751.27,124.648,11.5107,13.3695,15.88268,3.307366,243.9499,806.8488,15.80019,24.73248,25.56941,23.95849,923.1323000000002,0.9690816,4
2014-01-11 10:29:00,6.395765,774.4186999999998,124.6679,11.4736,13.36717,15.90207,3.341552,249.9497,835.3709,15.83425,24.89477,25.49582,23.94041,929.4926,0.9698603,4
2014-01-11 10:30:00,6.615442,805.3923,124.8362,11.44744,13.36533,15.93521,3.534145,245.9895,869.3008,15.6927,24.73522,25.3241,23.9242,979.1838,0.9699593,4
2014-01-11 10:31:00,6.525533,792.9756,124.7978,11.34341,13.36531,15.96006,3.397846,251.3284,853.8962,15.46381,23.90536,24.48094,23.04343,957.2779,0.9696735,4
2014-01-11 10:32:00,6.68507,815.86,124.8518,11.56492,13.36576,15.98906,3.459612,254.656,881.1346999999998,15.53199,24.25809,25.46382,23.74753,973.1812000000001,0.9710785,4
2014-01-11 10:33:00,6.754246,820.6722,124.8958,11.67535,13.36528,16.00149,3.434539,257.6246,884.8142,15.82608,25.37676,26.61326,24.94067,980.8623,0.9702218,4
2014-01-11 10:34:00,6.666437,809.6672,124.8385,11.54836,13.36527,16.03669,3.328327,262.5875,873.855,15.92627,25.82186,26.69508,24.96738,966.2187,0.9701408,4
2014-01-11 10:35:00,6.67012,810.6172,124.78,11.48274,13.36526,16.07378,3.297557,265.3452,874.9192,15.95848,25.99488,26.59252,25.14609,968.1386,0.9703283,4
2014-01-11 10:36:00,6.674064,812.8187,124.8287,11.36672,13.36525,16.09863,3.303482,265.5276,877.1516,15.80169,25.41852,25.7904,24.26738,968.9785,0.970315,4
2014-01-11 10:37:00,6.638993,808.3972,124.8268,11.38399,13.36433,16.13384,3.300746,264.1143,871.7178,15.81666,25.48225,26.28845,24.63812,962.9768,0.9700554,4
2014-01-11 10:38:00,6.625013,804.9795,124.7264,11.58647,13.36432,16.15662,3.3265,261.0146,868.2465999999998,15.96799,26.09258,27.12256,25.31445,960.2759,0.9700214,4
2014-01-11 10:39:00,6.217194,754.0254999999999,124.5734,11.56894,13.36386,16.18561,3.082169,263.5274,812.1875999999999,16.12201,26.33377,27.09492,25.38496,901.8825,0.9693646,4
2014-01-11 10:40:00,5.815835,704.0756,124.3214,11.53948,13.36202,16.20632,2.875901,263.8465,758.7518,16.21743,26.39991,27.27284,25.40667,834.3672,0.9688993,4
2014-01-11 10:41:00,6.013783,727.0535,124.3547,11.32678,13.35972,16.23739,3.054134,256.6441,783.7707,16.13887,25.57346,26.01633,24.40429,861.1930999999998,0.9689828,4
2014-01-11 10:42:00,6.263355,758.5385,124.3763,11.30786,13.36017,16.26431,3.130424,261.6532,818.9353999999998,16.07992,25.35001,26.16055,24.3285,895.0933,0.9695895,4
2014-01-11 10:43:00,6.5972,800.9296,124.6221,11.30098,13.3588,16.29123,3.403647,253.1369,861.5678,16.12221,25.84013,26.72433,24.90956,956.3611,0.9698913,4
2014-01-11 10:44:00,6.639172,805.863,124.6646,11.45616,13.35742,16.29537,3.430784,253.2348,868.7908,16.2276,26.34672,27.07086,25.23201,966.3161,0.9698948,4
2014-01-11 10:45:00,6.636051,806.0501,124.6943,11.40894,13.35512,16.32173,3.336891,260.3235,868.6241,16.17017,26.38974,27.17036,25.27564,961.5115,0.9700305,4
2014-01-11 10:46:00,6.500248,788.9066,124.6231,11.22271,13.35466,16.33868,3.21466,264.6254,850.6291999999999,16.10753,26.00766,26.66401,24.7413,940.8013,0.9699216,4
2014-01-11 10:47:00,6.292244,763.2663,124.5783,11.43198,13.3542,16.34903,3.10091,265.4439,823.1201,16.29033,26.62888,27.71701,25.49094,911.2736000000002,0.969378,4
2014-01-11 10:48:00,5.697627,690.2516,124.3655,11.43806,13.35419,16.36767,2.789614,265.7598,741.3223,16.2203,25.65568,25.87063,24.21809,823.5408,0.9684167,4
2014-01-11 10:49:00,5.357135,646.5269,124.0988,11.34263,13.35419,16.38838,2.615496,266.7688,697.5837,15.91071,24.34462,24.84827,23.29903,760.8298,0.9679351,4
2014-01-11 10:50:00,5.624615,678.8007,124.1724,11.24477,13.35419,16.38838,2.815462,260.3914,733.118,15.77518,23.87269,24.86411,23.00031,796.5313,0.9683482,4
2014-01-11 10:51:00,5.681529,686.7658,124.2489,11.23059,13.35419,16.38838,2.831387,261.3176,739.8635,15.86251,24.13927,25.10043,23.38974,808.2925,0.9682003,4
2014-01-11 10:52:00,5.337969,643.2808,124.1383,11.3662,13.35419,16.38838,2.633768,262.9723,692.6037,15.85903,23.92556,24.85379,22.98237,757.6982,0.9674141,4
2014-01-11 10:53:00,4.923502,591.8549,123.8939,11.53361,13.35419,16.38838,2.408607,265.3193,639.0655,15.95962,24.12206,25.10883,23.16201,693.9662,0.9667001,4
2014-01-11 10:54:00,5.022748,604.7095,123.9509,11.49788,13.35419,16.38838,2.439346,267.2934,652.0833,16.02455,24.00364,24.52397,22.94622,706.2142,0.9670455,4
2014-01-11 10:55:00,5.508879,663.9916,124.1024,11.53088,13.35419,16.36767,2.653097,271.0185,718.5251,15.89765,24.06983,24.75774,23.00019,777.3882,0.9683511,4
2014-01-11 10:56:00,5.924349,716.7085,124.3164,11.58452,13.35419,16.36353,2.900929,266.9743,774.4705,15.97038,24.49247,25.0961,23.50426,842.6257,0.9687493,4
2014-01-11 10:57:00,5.654121,683.9608,124.2121,11.66473,13.35419,16.35939,2.776278,264.9177,735.4803,16.04027,24.67642,25.15985,23.57855,805.4787,0.968399,4
2014-01-11 10:58:00,5.134542,619.0082,124.0096,11.69493,13.35418,16.34282,2.545206,262.3199,667.6203,16.02718,24.36415,24.56101,23.32481,726.4466,0.9671974,4
2014-01-11 10:59:00,5.145603,619.6379,123.9965,11.62271,13.35418,16.33868,2.572324,259.5055,667.4937,16.01117,24.38685,24.58168,23.44599,725.0652,0.9671152,4
2014-01-11 11:00:00,5.416153,652.9778,124.0559,11.55969,13.35418,16.33868,2.809549,250.7093,704.262,16.00419,24.22804,24.31759,23.12985,772.4086999999998,0.9675664,4
2014-01-11 11:01:00,5.754818,693.608,124.2069,11.4823,13.35418,16.32173,3.008971,249.4069,750.6721,15.77276,23.92155,24.02799,23.00518,825.3373,0.9683463,4
2014-01-11 11:02:00,6.22172,753.6300999999999,124.3975,11.63711,13.35418,16.30366,3.200019,253.3785,810.7473,15.73021,23.95602,24.17572,23.12649,893.8655,0.9691071,4
2014-01-11 11:03:00,6.490437,786.9921,124.4854,11.7436,13.35418,16.29123,3.319653,255.5314,848.2957,15.71007,24.27501,24.57427,23.45702,934.0153,0.9698729,4
2014-01-11 11:04:00,6.989176,848.7534,124.6355,11.7429,13.35418,16.28295,3.63549,251.6391,914.7586,15.76745,24.91229,25.31116,23.97924,1015.335,0.9705605,4
2014-01-11 11:05:00,7.166544,871.6509,124.7649,11.80143,13.35418,16.26638,3.661916,256.4298,939.0031,15.85079,25.32701,25.62941,24.25465,1043.484,0.9707677,4
2014-01-11 11:06:00,7.126699,866.2122,124.7246,11.95291,13.35418,16.24774,3.653473,255.6884,934.1269,15.84752,25.54401,25.98945,24.94768,1037.126,0.9705072,4
2014-01-11 11:07:00,7.109601,864.9032999999998,124.8113,12.15917,13.35372,16.24153,3.614724,257.6704,931.3926,16.16327,26.74894,27.51681,25.94528,1035.328,0.9705762,4
2014-01-11 11:08:00,7.159798,871.6384,124.7952,12.07162,13.35281,16.22496,3.576887,262.5466,939.0751,16.20326,26.77169,27.11094,25.67042,1044.872,0.9706781,4
2014-01-11 11:09:00,7.186264,875.2868999999998,124.8771,12.02292,13.35235,16.21668,3.667186,256.899,942.0796,16.16565,26.75744,27.17052,25.87518,1049.068,0.9707839,4
2014-01-11 11:10:00,7.218518999999999,878.8517,124.8242,12.10228,13.34914,16.21668,3.651062,259.8997,948.8632,16.07069,26.28578,26.62744,25.1614,1052.304,0.9707498,4
2014-01-11 11:11:00,7.228966,879.2195,124.747,12.14125,13.34868,16.21668,3.641015,260.2002,947.3528,16.11119,26.64471,27.07552,25.83681,1053.568,0.9709395,4
2014-01-11 11:12:00,7.252363,882.3146,124.7285,12.27385,13.34868,16.20839,3.677234,258.8546,951.8541,15.99186,26.1148,26.2582,25.21214,1056.571,0.9707563,4
2014-01-11 11:13:00,7.284407,886.9647999999999,124.771,12.21945,13.34868,16.19182,3.719004,256.8822,955.3113,15.95223,26.33368,26.78542,25.79164,1064.016,0.9707198,4
2014-01-11 11:14:00,7.301554,888.5795,124.8203,12.32134,13.34731,16.19182,3.613065,265.4306,958.9068,16.00112,26.2552,26.66589,25.27184,1069.658,0.9708309,4
2014-01-11 11:15:00,7.389839,900.6725,124.8169,12.43909,13.34547,16.19182,3.681948,264.0503,972.1691,16.06119,26.24239,26.69209,25.37907,1082.384,0.9709399,4
2014-01-11 11:16:00,7.499071,915.5153,124.9417,12.41583,13.3441,16.19182,3.747831,263.7896,988.5446,16.00183,25.6132,26.07912,24.62863,1099.488,0.9710767,4
2014-01-11 11:17:00,7.586451,925.5668,124.9524,12.46901,13.34364,16.18768,3.847596,260.0483,1000.426,16.07241,26.21203,27.01771,25.70485,1112.814,0.9709589,4
2014-01-11 11:18:00,7.388921,903.8298,124.9012,12.40709,13.34318,16.16697,3.799955,255.8144,971.689,16.20392,26.52003,27.0582,25.64282,1097.751,0.9704693,4
2014-01-11 11:19:00,5.639463,683.0944,124.1947,12.52322,13.34318,16.16697,2.856053,257.0551,734.1590999999999,16.2472,25.93167,26.58402,25.19606,812.2125999999998,0.9679094,4
2014-01-11 11:20:00,5.635172,677.8541,124.1704,12.37671,13.34318,16.16697,2.790884,263.3802,734.7856,16.19065,25.22561,25.99873,24.41546,803.2111,0.9694005,4
2014-01-11 11:21:00,5.33358,643.5946,124.0767,12.31175,13.34318,16.15662,2.697256,257.3048,694.1379,16.29618,25.36077,26.23009,24.97275,774.8169,0.9664974,4
2014-01-11 11:22:00,5.092021,609.83,123.9168,12.27944,13.34318,16.14212,2.635042,250.5592,659.0686,16.33544,24.91603,25.78272,24.26262,704.602,0.9671701,4
2014-01-11 11:23:00,6.398365,778.3813,124.5407,12.17795,13.34318,16.14212,3.485402,240.2382,836.9302,16.05477,24.17864,24.64375,23.42083,958.5172,0.9710913,4
2014-01-11 11:24:00,6.39323,773.2623999999998,124.6018,12.20415,13.34318,16.14212,3.448257,242.3922,836.217,16.01776,24.26933,25.02685,23.50705,940.8738,0.9717894,4
2014-01-11 11:25:00,6.747105,824.5191,124.7937,12.33087,13.34318,16.11727,3.63153,244.1152,886.4614,15.94681,24.03493,24.87639,23.34178,1000.349,0.9718983,4
2014-01-11 11:26:00,6.403669,778.1833,124.7179,12.6652,13.34318,16.10277,3.420944,245.5913,840.3746,16.12017,24.96174,26.06925,24.56518,965.362,0.9712288,4
2014-01-11 11:27:00,5.832047,706.6221,124.3466,12.65194,13.34318,16.09242,3.120808,243.7924,759.2586,16.23619,24.96523,26.05764,24.48278,840.1779,0.970869,4
2014-01-11 11:28:00,6.855872,834.9724999999999,124.9103,12.7333,13.34318,16.09242,3.710856,242.1561,898.5376999999999,16.40231,25.94906,26.80783,25.3162,1025.798,0.9720752,4
2014-01-11 11:29:00,6.820725,828.4587,124.8612,12.60243,13.3418,16.08828,3.624395,246.5491,893.6010999999999,16.48401,26.09571,26.83807,25.39797,1010.616,0.971145,4
2014-01-11 11:30:00,6.466685,786.1692,124.7229,12.7873,13.34043,16.07585,3.411283,248.1602,846.48,16.70738,26.93389,28.15529,26.21625,951.2639,0.9694355,4
2014-01-11 11:31:00,6.214582,755.9059999999998,124.6489,12.75201,13.33951,16.06964,3.238934,251.3182,813.9003,16.68584,26.42639,27.06723,25.47984,906.0754,0.9691646,4
2014-01-11 11:32:00,5.919401,716.1166,124.4743,12.69468,13.33814,16.06757,3.061643,252.0318,771.5757,16.60496,25.73208,26.43406,24.95572,855.8449,0.96853,4
2014-01-11 11:33:00,5.429893,654.2628,124.1378,12.633,13.33814,16.06757,2.79594,251.7326,703.8955,16.6287,25.07327,26.26343,24.29501,781.3094999999998,0.9676452,4
2014-01-11 11:34:00,5.133436,618.1815,124.0202,12.53114,13.33722,16.06757,2.654882,251.2383,667.018,16.60218,24.35953,25.59934,23.70256,731.619,0.9671349,4
2014-01-11 11:35:00,4.862355,585.6892,124.0321,12.33018,13.33768,16.06192,2.489669,253.4681,630.9675,16.50442,23.55099,24.57051,22.78619,691.4707,0.9664,4
2014-01-11 11:36:00,3.742501,449.6952,123.6496,12.13533,13.33722,16.04497,1.885721,257.3495,485.3539,16.15384,21.73286,22.52344,20.85053,536.4571,0.9621556,4
2014-01-11 11:37:00,3.524273,418.5073,123.4794,12.08811,13.33722,16.03048,1.802089,252.24,454.3235,15.82853,20.25921,21.22278,19.6987,489.5872,0.9611681,4
2014-01-11 11:38:00,3.422227,407.8828,123.4846,12.01911,13.33768,16.0077,1.797538,245.0676,440.5144,15.52058,19.3293,20.30701,18.84123,494.2683,0.9597018,4
2014-01-11 11:39:00,2.567192,303.2714,123.1734,12.00037,13.33768,15.98699,1.3538,242.818,328.7123,15.00389,17.71178,18.46369,17.21601,380.0034,0.9506853,4
2014-01-11 11:40:00,2.200388,256.8374,122.9072,11.93446,13.33997,15.94971,1.145037,247.7419,283.6512,14.71032,16.68524,17.53943,16.39567,317.1097,0.9450058,4
2014-01-11 11:41:00,2.158914,252.6462,122.8702,11.83038,13.34272,15.90622,1.104927,253.2239,279.7738,14.31504,15.74193,16.48133,15.53432,306.0073,0.9459978,4
2014-01-11 11:42:00,2.475943,290.7085,122.9008,11.8109,13.34318,15.86668,1.248746,257.5096,321.6634,13.95981,15.07439,15.69821,14.87772,341.6552,0.951237,4
2014-01-11 11:43:00,3.084173,365.4529,123.2345,11.84193,13.34318,15.81528,1.591304,249.345,396.5311,13.80506,15.11248,15.72507,14.97881,431.7351,0.9582406,4
2014-01-11 11:44:00,3.806085,452.6743,123.489,11.89759,13.34639,15.76972,2.006573,245.2263,492.3589,13.71034,15.50049,16.05458,15.39419,537.1185,0.9623022,4
2014-01-11 11:45:00,3.748664,448.3305,123.6178,11.88314,13.34868,15.71587,1.913585,254.4628,486.7494,13.75946,16.20125,16.65199,16.1286,534.838,0.9567317,4
2014-01-11 11:46:00,3.134824,373.4469,123.3454,11.93745,13.35006,15.66429,1.620262,249.7514,404.7282,13.84237,16.3117,16.69683,16.11133,447.5188,0.9581876,4
2014-01-11 11:47:00,2.631052,310.2647,123.0764,12.04954,13.35326,15.6159,1.359981,249.0621,338.6492,13.84221,16.08603,16.43157,15.86112,379.1037,0.9528284,4
2014-01-11 11:48:00,2.408022,281.1261,122.9645,12.00955,13.35418,15.57128,1.250356,247.4159,309.3522,13.7834,15.8312,16.09451,15.65021,344.5962,0.9489765,4
2014-01-11 11:49:00,2.182344,252.0153,122.867,11.97379,13.35418,15.51537,1.11315,250.0086,278.286,13.67817,15.50132,15.78787,15.36916,311.1688,0.9448938,4
2014-01-11 11:50:00,2.021895,234.2843,122.8114,12.00024,13.35418,15.46981,1.020618,254.351,259.5631,13.61634,15.20051,15.50261,15.09766,286.6834,0.9428642,4
2014-01-11 11:51:00,2.037282,237.1229,122.8366,11.93839,13.35464,15.41822,1.014692,261.4051,265.2354,13.62141,15.10971,15.42866,15.06213,284.943,0.943115,4
2014-01-11 11:52:00,2.025028,235.145,122.8546,11.93543,13.35601,15.37473,0.9887109,264.3742,261.3844,13.72851,15.21871,15.60332,15.19772,282.0623,0.9423024,4
2014-01-11 11:53:00,2.030428,235.9044,122.8154,11.9303,13.35785,15.32107,0.9827852,265.8386,261.2413,13.75888,15.19092,15.4518,15.11535,281.3422,0.94261,4
2014-01-11 11:54:00,2.06289,240.9605,122.7961,11.98143,13.35968,15.28154,1.002387,264.5113,265.15,13.80772,15.20175,15.45911,15.04362,286.1432,0.9440524,4
2014-01-11 11:55:00,2.188554,257.4377,122.8002,12.02323,13.35968,15.23014,1.094467,261.8903,286.6604,13.85859,15.30563,15.5196,15.17762,304.1472,0.9469634,4
2014-01-11 11:56:00,2.489813,293.9228,122.9139,12.02584,13.36014,15.1778,1.236917,262.164,324.0992,13.92466,15.48127,15.64344,15.3596,342.4357,0.9513648,4
2014-01-11 11:57:00,2.713384,320.6246,123.0633,12.04721,13.36151,15.12301,1.388256,252.6826,350.7571,13.93566,15.73478,15.83539,15.6565,380.3041,0.954494,4
2014-01-11 11:58:00,2.697941,318.7404,123.0849,12.05908,13.36472,15.08555,1.358172,257.6913,349.9821,13.99908,16.09346,16.16258,15.98591,374.1227,0.9545071,4
2014-01-11 11:59:00,2.732164,322.6835,123.0764,12.03344,13.3638,15.03471,1.345636,262.3068,352.9032,14.02808,16.25987,16.31638,16.12511,375.443,0.9549498,4
2014-01-11 12:00:00,2.641034,310.1577,123.0738,12.04179,13.36426,15.0029,1.2686,268.3468,340.3661,14.12941,16.37961,16.41867,16.22255,360.7397,0.9532931,4
2014-01-11 12:01:00,2.265927,262.6618,122.9324,12.0654,13.36426,14.96656,1.080567,269.0933,290.7784,14.14487,16.26033,16.28543,16.07879,310.7483,0.9481346,4
2014-01-11 12:02:00,2.118125,246.4545,122.8604,12.06392,13.3638,14.92646,1.010596,270.9452,273.7944,14.08294,15.90192,15.94594,15.73283,291.1232,0.9450917,4
2014-01-11 12:03:00,2.152719,251.2898,122.8499,12.0664,13.3638,14.89012,1.0441,266.0963,277.8128,14.1321,15.88869,16.08426,15.79367,295.5042,0.9460147,4
2014-01-11 12:04:00,2.158156,252.573,122.8141,12.05233,13.36472,14.85416,1.05071,265.4924,278.9723,14.18305,15.87722,16.05672,15.75005,295.8044,0.9461375,4
2014-01-11 12:05:00,2.056931,237.7864,122.8869,12.04082,13.36518,14.81594,0.9884884,266.3984,263.2894,14.17633,15.76081,15.87748,15.61195,281.7614,0.9431617,4
2014-01-11 12:06:00,1.994856,232.3189,122.8745,12.0779,13.36472,14.79222,0.9661524,267.3158,258.223,14.21637,15.74203,15.93764,15.62951,273.5997,0.9418476,4
2014-01-11 12:07:00,2.08936,244.1728,122.8509,12.10929,13.36518,14.75513,1.036352,260.9626,270.4361,14.30188,15.84546,16.09481,15.75672,287.1027,0.9445381,4
2014-01-11 12:08:00,2.111037,245.9046,122.8594,12.10717,13.36518,14.71992,1.03544,264.182,273.5289,14.37947,15.99337,16.12604,15.89697,287.2827,0.9448083,4
2014-01-11 12:09:00,2.204057,256.9353,122.8547,12.09917,13.36518,14.69507,1.080113,264.051,285.219,14.44358,16.21299,16.35398,16.13549,299.5855,0.9471917,4
2014-01-11 12:10:00,2.007357,233.0562,122.8327,12.12446,13.36518,14.66175,0.9704835,267.8801,259.9154,14.59588,16.47222,16.64384,16.4157,275.5203,0.9415874,4
2014-01-11 12:11:00,1.810655,208.3927,122.7124,12.16541,13.36518,14.63351,0.8872927999999999,264.5924,234.7642,14.74482,16.53346,16.66739,16.35827,247.7342,0.9367434,4
2014-01-11 12:12:00,1.712866,195.0607,122.7042,12.18119,13.36518,14.61261,0.8403412999999998,261.4699,219.6858,14.80095,16.45056,16.51266,16.24047,235.1915,0.9328292,4
2014-01-11 12:13:00,1.575018,178.3451,122.7024,12.12578,13.36518,14.58983,0.7548713999999999,267.4927,201.8997,14.82718,16.31893,16.26727,16.08015,216.8275,0.9269183,4
2014-01-11 12:14:00,1.479834,166.7666,122.6665,12.06569,13.36518,14.56102,0.7259255,263.2135,191.0829,14.77949,15.98019,15.9781,15.69863,204.4648,0.9203405,4
2014-01-11 12:15:00,1.407456,157.6712,122.6443,12.03503,13.36472,14.53617,0.6935609,259.3446,179.8819,14.73994,15.71088,15.73813,15.45923,195.4628,0.9156825,4
2014-01-11 12:16:00,1.346102,150.1011,122.6245,12.01351,13.36518,14.51546,0.6625638,261.111,173.0063,14.67582,15.37842,15.37492,15.11471,186.7609,0.9104341,4
2014-01-11 12:17:00,1.311664,146.1493,122.6313,11.95824,13.36518,14.4908,0.6591451,255.601,168.4807,14.59934,15.13416,15.19153,14.94241,183.2802,0.9072606,4
2014-01-11 12:18:00,1.305674,145.6722,122.5759,11.96236,13.36518,14.46387,0.6792019999999999,249.3503,169.3459,14.52829,14.94841,15.0086,14.7601,184.7205,0.9067203,4
2014-01-11 12:19:00,1.354703,152.4874,122.6624,11.98831,13.36518,14.43752,0.6947007,250.8261,174.2066,14.49284,14.84998,14.93118,14.68685,191.7414,0.9119694,4
2014-01-11 12:20:00,1.400681,158.9694,122.6761,11.98971,13.36518,14.42057,0.7213673,252.8432,182.4061,14.45417,14.78055,14.83095,14.63069,198.5228,0.9173262,4
2014-01-11 12:21:00,1.460676,166.0623,122.6642,11.99761,13.36563,14.39195,0.7402847,256.8546,190.1356,14.4669,14.79469,14.8934,14.64762,204.8843,0.9218348,4
2014-01-11 12:22:00,1.504931,172.3216,122.7685,11.97586,13.36563,14.37313,0.7758403,253.1225,196.4131,14.50202,14.81438,14.88369,14.70235,213.1061,0.9242416,4
2014-01-11 12:23:00,1.626279,188.1141,122.7951,11.93198,13.36554,14.34414,0.8116238,262.5128,213.1144,14.49405,14.875,14.9191,14.77699,227.3293,0.9313159,4
2014-01-11 12:24:00,1.789626,208.5007,122.8709,11.93809,13.36553,14.32342,0.8973218,262.49,235.4328,14.43831,14.89911,14.93341,14.76469,248.5139,0.9365909,4
2014-01-11 12:25:00,1.862927,215.8283,122.8946,11.99711,13.36547,14.3046,0.9392591,257.8803,242.2191,14.40758,15.05737,15.17911,14.93139,260.1566,0.937759,4
2014-01-11 12:26:00,1.918456,223.1441,122.9802,12.01154,13.36546,14.27805,0.9369799,266.2336,249.4369,14.47142,15.31071,15.39673,15.19599,266.0379,0.9399258,4
2014-01-11 12:27:00,1.873291,215.6231,122.9927,11.98676,13.36541,14.25904,0.8918517,270.547,241.2704,14.52738,15.48824,15.61687,15.40294,259.6765,0.9388885,4
2014-01-11 12:28:00,1.763219,202.5166,122.8989,12.00346,13.3654,14.23475,0.8558404,266.792,228.3334,14.62078,15.64717,15.78484,15.49338,245.9936,0.9361511,4
2014-01-11 12:29:00,1.692752,194.0744,122.8279,12.03711,13.36536,14.22665,0.8193730999999999,266.4615,218.3103,14.67222,15.67265,15.69849,15.42307,236.7516,0.9335182,4
2014-01-11 12:30:00,1.652321,189.2546,122.7791,12.0595,13.36535,14.21159,0.7974927,270.0512,215.3528,14.65438,15.57168,15.61781,15.31226,231.0501,0.931752,4
2014-01-11 12:31:00,1.634454,187.2379,122.7671,12.05404,13.36533,14.19352,0.7831337999999999,271.0712,212.2515,14.64824,15.48028,15.5411,15.19562,228.8291,0.9300172,4
2014-01-11 12:32:00,1.638779,188.1506,122.7886,12.06285,13.36532,14.1811,0.7981765,265.4643,211.8813,14.60079,15.36646,15.46436,15.13562,229.4293,0.9319289,4
2014-01-11 12:33:00,1.634728,187.4414,122.8408,12.14462,13.3653,14.16226,0.8072934,263.4016,212.6253,14.52032,15.17836,15.22452,14.91875,229.1293,0.9309346,4
2014-01-11 12:34:00,1.624279,186.0079,122.7806,12.14686,13.36529,14.14193,0.7851850999999999,270.5242,212.4002,14.37109,14.97684,15.07271,14.80114,227.269,0.9301197,4
2014-01-11 12:35:00,1.620265,185.8024,122.8149,12.14492,13.36527,14.13365,0.7840455,268.8091,210.7539,14.37052,14.98957,15.1554,14.81947,227.0891,0.9307595,4
2014-01-11 12:36:00,1.618445,185.4669,122.8007,12.11967,13.36526,14.12122,0.7933902,263.8689,209.3423,14.42537,15.00657,15.1563,14.85888,226.729,0.9304364,4
2014-01-11 12:37:00,1.607703,184.2688,122.8347,12.05049,13.36525,14.1088,0.7876922,264.2222,208.1192,14.34569,14.82967,14.89056,14.6308,225.8289,0.9304064,4
2014-01-11 12:38:00,1.601356,183.5572,122.9128,12.04385,13.36525,14.08808,0.7831337999999999,266.6666,208.8336,14.22826,14.64864,14.73827,14.49454,224.3286,0.9292262,4
2014-01-11 12:39:00,1.603887,184.0817,123.0095,12.15337,13.36524,14.07792,0.785641,266.8546,209.6484,14.18235,14.59296,14.68961,14.43955,224.9888,0.9290934,4
2014-01-11 12:40:00,1.616421,185.3898,122.9484,12.18694,13.36523,14.06135,0.7785754,270.9914,210.9639,14.11532,14.56103,14.6976,14.44123,227.2094,0.929128,4
2014-01-11 12:41:00,1.624252,186.2755,122.9925,12.18098,13.36523,14.04629,0.7899713999999999,264.9515,209.3034,14.09746,14.57681,14.68887,14.47173,228.4097,0.9296029,4
2014-01-11 12:42:00,1.622736,186.3943,122.9863,12.301,13.36582,14.03876,0.7813103999999998,269.8005,210.7693,13.97703,14.43686,14.53774,14.34577,228.5297,0.9305363,4
2014-01-11 12:43:00,1.625426,186.4571,122.9766,12.25218,13.36612,14.03876,0.7815383,270.188,211.1441,13.99807,14.4908,14.6561,14.42844,229.0699,0.9299392,4
2014-01-11 12:44:00,1.625257,186.1503,122.9089,12.2597,13.36678,14.01805,0.7719656999999999,272.8433,210.6141,14.0047,14.57238,14.71035,14.49743,229.2499,0.9287524,4
2014-01-11 12:45:00,1.62685,186.3971,122.8936,12.25057,13.36638,14.00826,0.7858688,268.4729,210.9819,14.06223,14.67817,14.85181,14.59482,228.8299,0.9295771,4
2014-01-11 12:46:00,1.612183,184.4286,122.8894,12.2357,13.36693,13.99131,0.785641,265.886,208.8782,14.05721,14.64093,14.72777,14.51696,227.1495,0.9289389,4
2014-01-11 12:47:00,1.5883,181.6175,122.8914,12.36601,13.36704,13.99131,0.785413,261.7435,205.5661,14.01163,14.60241,14.68785,14.51275,224.929,0.9282542,4
2014-01-11 12:48:00,1.564097,178.2617,122.9021,12.37243,13.36799,13.98924,0.7840455,255.6581,200.4334,14.02779,14.65987,14.7565,14.60524,223.1887,0.9266984,4
2014-01-11 12:49:00,1.542209,176.0597,122.9443,12.28849,13.36757,13.97475,0.785413,253.6068,199.1661,14.03924,14.61107,14.72592,14.52422,221.6283,0.9253489,4
2014-01-11 12:50:00,1.535226,175.1362,122.99,12.28572,13.36755,13.96646,0.7803988,253.7663,198.0302,14.00431,14.52859,14.61685,14.44592,220.128,0.9252705,4
2014-01-11 12:51:00,1.534358,175.2733,122.9628,12.29988,13.36755,13.96646,0.7676351999999999,257.7891,197.8767,13.98818,14.49496,14.67078,14.43681,218.6276,0.9260201,4
2014-01-11 12:52:00,1.534719,175.2204,123.0067,12.33494,13.36797,13.95329,0.7678631,259.0883,198.9424,14.0269,14.49577,14.64706,14.4131,218.0868,0.9258192,4
2014-01-11 12:53:00,1.527472,174.4169,123.0202,12.35382,13.36793,13.94387,0.7664956,258.5413,198.1653,14.0287,14.50388,14.69858,14.44223,217.1866,0.9257212,4
2014-01-11 12:54:00,1.530337,174.5977,123.0002,12.38498,13.36742,13.94387,0.7557833999999999,263.6353,199.2435,14.10793,14.65306,14.85121,14.60404,215.8071,0.9244627,4
2014-01-11 12:55:00,1.520028,173.1073,123.0164,12.40763,13.36742,13.94387,0.7459828,265.584,198.1012,14.16892,14.72239,14.88691,14.63485,213.7066,0.9237626,4
2014-01-11 12:56:00,1.503457,170.7678,122.9693,12.40619,13.36742,13.94387,0.7359543,264.4387,194.612,14.21589,14.75601,14.92752,14.68319,211.4258,0.9222311,4
2014-01-11 12:57:00,1.49004,169.1342,122.8939,12.41893,13.36753,13.94387,0.7288888,265.225,193.3031,14.27266,14.78402,14.94991,14.67968,209.2652,0.9215037,4
2014-01-11 12:58:00,1.467467,166.1913,122.9277,12.44936,13.36787,13.94387,0.7220511,259.8917,187.6583,14.27126,14.74411,14.89393,14.65938,206.8044,0.9200773,4
2014-01-11 12:59:00,1.440122,162.8505,122.9264,12.53005,13.368,13.94387,0.7236466,256.2165,185.4162,14.23692,14.66989,14.79313,14.58024,204.4641,0.9188237,4
2014-01-11 13:00:00,1.435397,162.4853,122.8956,12.5286,13.36824,13.94387,0.7124785999999999,261.4131,186.2341,14.25305,14.67411,14.81415,14.60267,202.664,0.9180163,4
2014-01-11 13:01:00,1.425078,160.8373,122.9137,12.52296,13.36833,13.94387,0.7083759,258.9857,183.4568,14.26495,14.65238,14.78052,14.59775,201.4037,0.9162928,4
2014-01-11 13:02:00,1.41404,159.6278,122.958,12.56124,13.36853,13.94387,0.7060967,259.225,183.0201,14.24322,14.61524,14.76159,14.53889,200.1435,0.9153997,4
2014-01-11 13:03:00,1.402161,158.0744,122.984,12.62493,13.36844,13.94387,0.6951566,261.4188,181.6962,14.28527,14.66357,14.8204,14.61314,198.1633,0.9145463,4
2014-01-11 13:04:00,1.380979,155.1695,122.9738,12.66408,13.36831,13.95329,0.6737321,264.3019,178.0688,14.32691,14.70798,14.8564,14.65126,194.4429,0.9135081,4
2014-01-11 13:05:00,1.347478,150.8923,122.9659,12.68296,13.36822,13.96646,0.6509401,264.3817,172.0946,14.36881,14.68332,14.80515,14.58878,189.7621,0.9111989,4
2014-01-11 13:06:00,1.313568,147.0062,122.9247,12.69216,13.36813,13.96646,0.6320227,266.2279,168.2579,14.38422,14.6448,14.77784,14.56426,185.3212,0.9101965,4
2014-01-11 13:07:00,1.285761,143.347,122.9585,12.67163,13.36832,13.96646,0.6331622999999998,260.3589,164.8614,14.41014,14.65741,14.79324,14.58107,181.4801,0.9065962,4
2014-01-11 13:08:00,1.262056,140.3114,122.758,12.67617,13.36753,13.9851,0.6165241999999999,262.7407,161.95,14.46169,14.6291,14.73273,14.52544,177.9991,0.9057093,4
2014-01-11 13:09:00,1.232315,137.0197,122.7634,12.67243,13.36815,13.99131,0.5928204999999999,267.094,158.3385,14.41817,14.52116,14.62693,14.41888,174.158,0.905709,4
2014-01-11 13:10:00,1.201878,133.0111,122.7438,12.63489,13.36824,13.99131,0.585527,265.3846,155.368,14.45742,14.50786,14.66125,14.4329,169.7769,0.9024789,4
2014-01-11 13:11:00,1.170818,129.1369,122.8028,12.62645,13.36745,13.99131,0.5643304,265.6638,149.903,14.47981,14.47841,14.60379,14.38873,165.2761,0.8986195,4
2014-01-11 13:12:00,1.144893,125.6469,122.8069,12.65102,13.36798,13.9932,0.5529344,266.7236,147.4748,14.5006,14.43264,14.54263,14.32894,161.1353,0.8933959,4
2014-01-11 13:13:00,1.118465,122.2739,122.7982,12.66069,13.36776,14.01202,0.5465527,260.1823,142.195,14.56633,14.44935,14.56073,14.34145,157.7742,0.8906477,4
2014-01-11 13:14:00,1.09439,119.0963,122.7805,12.71707,13.36768,14.0139,0.5390312999999999,259.9544,140.1008,14.65435,14.49676,14.62424,14.39098,154.2334,0.8868325,4
2014-01-11 13:15:00,1.071563,115.9762,122.7412,12.73613,13.36657,14.01598,0.5271645,260.3971,137.2529,14.74045,14.51775,14.6053,14.37623,150.1526,0.8826595999999999,4
2014-01-11 13:16:00,1.047252,112.1108,122.7363,12.7274,13.36699,14.02633,0.5025469,260.7945,131.0643,14.7998,14.49727,14.5498,14.35295,145.4116,0.8737000999999999,4
2014-01-11 13:17:00,1.021807,108.7315,122.744,12.76958,13.36453,14.03876,0.4916102,260.3574,127.9806,14.7982,14.43193,14.45644,14.25675,141.1503,0.8685349,4
2014-01-11 13:18:00,1.001128,106.0281,122.6345,12.81345,13.36451,14.03876,0.4888755,260.6538,127.4238,14.8241,14.38919,14.4116,14.2168,138.1497,0.8638377999999999,4
2014-01-11 13:19:00,0.9871063,104.1917,122.6723,12.88176,13.36483,14.04064,0.4815848999999999,259.3561,124.9128,14.82113,14.33993,14.35675,14.1584,136.1098,0.8606951999999999,4
2014-01-11 13:20:00,0.9757953,102.6762,122.6328,12.94142,13.36437,14.0557,0.4722405,258.5528,122.0896,14.80326,14.2786,14.27369,14.12509,134.4895,0.8578152,4
2014-01-11 13:21:00,0.9618955,100.7217,122.657,12.96765,13.36378,14.06135,0.4768007,252.0867,120.1971,14.76895,14.22957,14.23377,14.08447,133.1095,0.854856,4
2014-01-11 13:22:00,0.9421484,98.44067,122.7223,13.01574,13.36334,14.06135,0.4742938999999999,247.0442,117.1693,14.73955,14.18261,14.18541,14.03609,131.8492,0.8528538,4
2014-01-11 13:23:00,0.937483,97.76504000000001,122.7193,13.07207,13.36359,14.0717,0.4717881999999999,251.5235,118.6676,14.69878,14.14319,14.12637,14.01138,130.1085,0.8491207,4
2014-01-11 13:24:00,0.9326259,96.73545,122.6772,13.05053,13.36355,14.0862,0.451048,256.5321,115.6935,14.64813,14.08898,14.07145,13.96207,128.0681,0.8455139999999999,4
2014-01-11 13:25:00,0.9224219,95.73798,122.6025,13.01942,13.36335,14.0862,0.4430719,262.3332,116.213,14.56478,14.02027,14.01326,13.90527,126.688,0.8471640999999999,4
2014-01-11 13:26:00,0.9136972,94.48196,122.5992,13.0859,13.36296,14.0862,0.4412525999999999,263.3841,116.2,14.53326,14.00064,14.00415,13.90036,125.6077,0.8432655,4
2014-01-11 13:27:00,0.9034085,93.35911,122.6196,12.98547,13.36315,14.0862,0.4237143999999999,267.8016,113.4593,14.53957,13.97469,13.97329,13.86739,124.2875,0.84162,4
2014-01-11 13:28:00,0.8884263,91.46755,122.6299,13.01606,13.36322,14.09769,0.416648,272.183,113.3838,14.52934,13.95042,13.93639,13.84031,123.3273,0.8405628,4
2014-01-11 13:29:00,0.8987947,92.77814,122.6441,13.17585,13.36336,14.13158,0.4234842999999999,265.8002,112.5528,14.5429,13.98641,13.9808,13.89314,122.9073,0.8409379,4
2014-01-11 13:30:00,0.8899844,91.57971,122.6591,13.21913,13.36326,14.12537,0.4114035999999999,271.4466,111.6584,14.51987,13.9802,13.97249,13.90026,123.0873,0.8395613,4
2014-01-11 13:31:00,0.9001000999999998,92.9557,122.6358,13.26478,13.36307,14.1088,0.4230267999999999,267.0186,112.9549,14.46828,13.97135,13.94961,13.8893,123.2674,0.8415960999999998,4
2014-01-11 13:32:00,0.8918540999999999,92.12539,122.5775,13.30366,13.36298,14.1088,0.4093507,273.5994,111.9738,14.42905,13.98468,13.96645,13.90543,124.4076,0.8407307,4
2014-01-11 13:33:00,0.9155605,95.08645000000001,122.5828,13.22521,13.36284,14.1088,0.4284955999999999,266.6074,114.2245,14.43605,13.9952,13.96434,13.91035,125.7879,0.8459575,4
2014-01-11 13:34:00,0.9185833,95.55659,122.7016,13.23733,13.36298,14.13572,0.4353327,269.5074,117.3115,14.45945,14.04245,14.01581,13.95831,126.7481,0.8461018,4
2014-01-11 13:35:00,0.9272498,96.41753000000001,122.7301,13.21561,13.36311,14.1585,0.4362438,267.735,116.7765,14.51303,14.08066,14.0435,13.9818,127.2282,0.8463496999999999,4
2014-01-11 13:36:00,0.930227,96.96191,122.7886,13.11695,13.36298,14.144,0.4446764,263.33,117.0923,14.49015,14.03952,13.99675,13.92873,127.3482,0.8482372,4
2014-01-11 13:37:00,0.9211763,95.84442,122.7645,13.12,13.36242,14.13365,0.4296330999999999,267.8711,115.0631,14.45879,14.00252,13.96816,13.89452,126.8081,0.8482277999999999,4
2014-01-11 13:38:00,0.9204128,95.5899,122.7473,13.12067,13.36245,14.13365,0.4430800999999999,262.566,116.3319,14.4574,14.00742,13.97446,13.90153,126.1479,0.8462494999999999,4
2014-01-11 13:39:00,0.9121024,94.48611,122.7005,13.02942,13.36224,14.13365,0.4373817999999999,263.4148,115.1985,14.44269,13.96745,13.91625,13.84471,125.1877,0.8449465999999999,4
2014-01-11 13:40:00,0.9034742,93.20879,122.7146,13.01673,13.3622,14.13365,0.4380650999999999,259.5456,113.6914,14.40975,13.92327,13.89031,13.81666,123.8074,0.8405921,4
2014-01-11 13:41:00,0.8943678999999999,92.14935,122.7425,13.02576,13.36172,14.14193,0.4328228,261.9558,113.3693,14.41382,13.9014,13.86774,13.79269,122.6671,0.8400520999999999,4
2014-01-11 13:42:00,0.8916969999999999,91.55859,122.7225,12.9582,13.36202,14.1585,0.430999,257.6479,111.0483,14.40656,13.87309,13.84223,13.76647,122.2466,0.8370207,4
2014-01-11 13:43:00,0.8944558999999999,91.8858,122.7449,12.9094,13.36212,14.1585,0.433734,255.0894,110.6201,14.41917,13.85696,13.83171,13.74403,122.6666,0.8364648999999998,4
2014-01-11 13:44:00,0.8939789,91.4276,122.7252,12.98577,13.36209,14.1585,0.4439901,247.6191,109.9422,14.41777,13.85415,13.82609,13.75173,123.5669,0.8326843,4
2014-01-11 13:45:00,0.8850597,90.97314,122.6254,12.97303,13.362,14.1585,0.4567535999999999,241.0549,110.1023,14.42268,13.85625,13.82259,13.74963,124.5871,0.8419164,4
2014-01-11 13:46:00,0.8587156,89.79669,122.6004,12.87328,13.36199,14.1585,0.4633631,235.9209,109.3171,14.40096,13.84713,13.81346,13.74331,125.0668,0.8538333999999999,4
2014-01-11 13:47:00,0.8671277,91.38041,122.6301,12.84852,13.36153,14.1585,0.4574370999999999,239.1117,109.3751,14.42478,13.85906,13.81767,13.75454,125.6669,0.8579322999999999,4
2014-01-11 13:48:00,0.9096438,94.89169,122.7067,12.83147,13.36197,14.1585,0.4533343,251.1629,113.8397,14.45072,13.87868,13.83659,13.76363,126.6868,0.8457991999999999,4
2014-01-11 13:49:00,0.9376429,97.56925,122.7078,12.88311,13.36197,14.1585,0.4640465999999999,253.2313,117.4953,14.48225,13.89762,13.84922,13.77907,128.6672,0.8460615999999999,4
2014-01-11 13:50:00,0.9373887,97.45345,122.7375,12.90699,13.36233,14.17168,0.4800008,243.8864,117.0567,14.4842,13.91222,13.8512,13.79087,130.9479,0.8473391999999998,4
2014-01-11 13:51:00,0.9532454,100.7018,122.7309,12.88153,13.36232,14.17168,0.4891175999999999,248.8095,121.7037,14.4828,13.92414,13.87715,13.8014,133.4084,0.8573542,4
2014-01-11 13:52:00,0.9765375,103.5405,122.7454,12.86882,13.36179,14.17733,0.4863823999999999,252.9462,123.0356,14.47093,13.9312,13.87018,13.80846,135.2684,0.8610623,4
2014-01-11 13:53:00,0.9991673,106.5451,122.6894,12.85773,13.36171,14.1698,0.4957271999999999,254.0801,125.9498,14.47811,13.96224,13.91104,13.84862,137.909,0.865742,4
2014-01-11 13:54:00,1.036919,112.3943,122.7873,12.86716,13.36128,14.17356,0.5210261999999999,256.2966,133.5316,14.48888,14.00177,13.94146,13.87273,143.3104,0.8764555,4
2014-01-11 13:55:00,1.09236,119.4603,122.7855,12.93649,13.36129,14.17356,0.5568096999999999,252.6555,140.6857,14.48117,14.08661,14.02491,13.97021,151.592,0.8842687999999999,4
2014-01-11 13:56:00,1.142302,125.8346,122.8074,12.96384,13.36132,14.1698,0.5698011,259.7438,148.0012,14.53065,14.18799,14.1193,14.06391,156.8729,0.8940588999999999,4
2014-01-11 13:57:00,1.13731,124.4966,122.7226,12.91666,13.36133,14.16226,0.5613679999999999,257.7153,144.6889,14.54134,14.24145,14.16504,14.11106,155.4327,0.8921272,4
2014-01-11 13:58:00,1.1528,128.0476,122.719,12.98758,13.36135,14.16603,0.5736756,261.2708,149.8813,14.57594,14.32231,14.26204,14.18703,158.1334,0.8958692999999999,4
2014-01-11 13:59:00,1.249261,139.7657,122.7662,13.04372,13.36121,14.1585,0.6297439999999999,257.3962,162.09,14.65104,14.48013,14.42198,14.3428,170.9762,0.903828,4
2014-01-11 14:00:00,1.2389,137.2445,122.7618,13.00487,13.36138,14.1585,0.6023935,264.946,159.5781,14.71265,14.6027,14.50954,14.4598,168.2158,0.9053995,4
2014-01-11 14:01:00,1.142733,123.0955,122.7495,13.01689,13.36143,14.1585,0.5390316,269.5329,145.3132,14.79737,14.73786,14.65943,14.5943,154.2327,0.8879786,4
2014-01-11 14:02:00,1.006334,105.604,122.7439,13.02254,13.36057,14.1585,0.4713393,265.8577,125.2992,14.89888,14.73366,14.60551,14.51095,135.2084,0.8639535999999999,4
2014-01-11 14:03:00,0.940103,98.17087,122.7637,12.97515,13.36108,14.1585,0.4474076,263.8235,118.0253,14.91918,14.65383,14.53267,14.42128,126.7465,0.8520031999999998,4
2014-01-11 14:04:00,0.9027147,92.37984,122.7694,12.91713,13.36112,14.1585,0.4296298,259.8291,111.6399,14.97378,14.60271,14.49204,14.42338,120.8651,0.8393342,4
2014-01-11 14:05:00,0.8667156999999999,87.75918,122.7023,12.84851,13.36116,14.1585,0.4173220999999999,253.7152,105.8723,15.00877,14.53547,14.38344,14.3428,115.5242,0.825276,4
2014-01-11 14:06:00,0.8812729999999999,90.21479,122.7193,12.79332,13.36119,14.1585,0.4355556999999999,251.7721,109.6429,15.07316,14.50535,14.37574,14.26291,118.1648,0.8296223,4
2014-01-11 14:07:00,1.039823,112.4408,122.7655,12.70904,13.36061,14.1585,0.5217095,255.4018,133.2923,15.13338,14.46614,14.30567,14.32039,139.2894,0.8715395,4
2014-01-11 14:08:00,1.026345,108.2033,122.7209,12.66088,13.3617,14.1585,0.5066667999999999,255.9146,129.6305,15.15649,14.50398,14.32319,14.36594,137.5491,0.8670710999999999,4
2014-01-11 14:09:00,1.002131,106.936,122.6757,12.65528,13.36137,14.1585,0.4877368999999999,262.8309,128.1793,15.17673,14.51937,14.33019,14.35262,134.0685,0.8633842,4
2014-01-11 14:10:00,1.247221,138.714,122.7316,12.6447,13.36074,14.1585,0.6073868,267.3698,162.4724,15.18861,14.59711,14.36102,14.41428,162.3346,0.8971449,4
2014-01-11 14:11:00,1.813126,209.7051,122.7607,12.70278,13.36112,14.15643,0.8890917,264.0267,234.7421,15.20683,14.94722,14.72599,14.8387,237.7101,0.9360968,4
2014-01-11 14:12:00,1.643858,186.7643,122.7026,12.76949,13.36125,14.14814,0.7976992,266.5454,212.6864,15.23004,15.22095,14.95085,15.16148,218.2659,0.9278669,4
2014-01-11 14:13:00,1.5709,180.3512,122.786,12.76978,13.3625,14.13572,0.7657945999999999,267.3899,204.7737,15.25401,15.42045,15.15047,15.38968,208.9635,0.9268342,4
2014-01-11 14:14:00,1.515421,172.3306,122.8022,12.71889,13.36074,14.13365,0.737078,264.9116,195.2478,15.28411,15.58198,15.27152,15.56939,201.2819,0.9217372,4
2014-01-11 14:15:00,1.350789,149.9111,122.7342,12.69132,13.36108,14.13365,0.6554868999999999,262.3771,172.0274,15.31486,15.66093,15.32675,15.65324,180.0972,0.9098796,4
2014-01-11 14:16:00,1.207431,132.7512,122.6221,12.71467,13.36153,14.13365,0.5996477,256.8047,153.9955,15.34983,15.6763,15.39388,15.72452,162.3935,0.8973343,4
2014-01-11 14:17:00,0.9986945,103.8741,122.4513,12.71956,13.36097,14.13365,0.4774862,258.7656,123.4988,15.40653,15.64563,15.35898,15.67987,132.328,0.8596628,4
2014-01-11 14:18:00,0.9548945,99.93524,122.4322,12.66648,13.35959,14.13365,0.4569737999999999,261.6488,119.5513,15.44988,15.5149,15.1855,15.48623,126.2667,0.8535278,4
2014-01-11 14:19:00,0.8907804999999999,89.22598999999998,122.3498,12.64111,13.3618,14.13365,0.4134427,261.3988,108.0855,15.48615,15.36868,15.03431,15.29175,115.8849,0.8325025,4
2014-01-11 14:20:00,0.7845788999999999,75.15533,122.3026,12.67366,13.36042,14.13365,0.3594262999999999,261.849,94.1139,15.47637,15.10428,14.71722,14.99232,100.7617,0.7917598999999998,4
2014-01-11 14:21:00,0.748398,70.21995,122.228,12.6871,13.36128,14.13365,0.3393702,260.2598,88.32559999999998,15.4596,14.86635,14.53725,14.79915,94.94028,0.7718447,4
2014-01-11 14:22:00,0.719621,65.07908,122.2587,12.65525,13.36172,14.13365,0.3215927,257.2456,82.73403,15.43793,14.61989,14.30184,14.60379,89.35912,0.7459852,4
2014-01-11 14:23:00,0.6941186,61.19241,122.3059,12.62833,13.36168,14.13365,0.3156672999999999,250.1008,78.95519,15.37991,14.3656,14.04317,14.3642,84.97835999999998,0.7243215,4
2014-01-11 14:24:00,0.6804554,59.2383,122.3288,12.56496,13.36224,14.11915,0.3124764999999999,243.571,76.11647,15.28432,14.12754,13.83021,14.13245,83.71812,0.7145213999999999,4
2014-01-11 14:25:00,0.6873616999999999,60.61017,122.3125,12.75135,13.36255,14.1088,0.3133885,247.5769,77.59366,15.20403,13.97906,13.72726,14.0015,84.73842999999998,0.7201361,4
2014-01-11 14:26:00,0.7222707,66.42507,122.268,12.59704,13.36251,14.1088,0.340511,246.9047,84.01967,15.16067,13.83949,13.57147,13.8437,90.85967,0.74848,4
2014-01-11 14:27:00,0.7591573999999999,72.30047,122.2643,12.40207,13.36243,14.09938,0.3728757999999999,241.5659,90.05421,15.10863,13.75079,13.49395,13.74027,97.70098,0.7755948,4
2014-01-11 14:28:00,0.8366386999999998,85.91587,122.3272,12.37613,13.36224,14.0862,0.4177759999999999,245.8907,102.8026,15.07936,13.73691,13.48006,13.74041,110.4238,0.821938,4
2014-01-11 14:29:00,1.154617,127.5281,122.4645,12.38469,13.36234,14.0862,0.596693,254.1073,151.5737,15.11851,13.90736,13.63868,13.90526,149.4323,0.8871579,4
2014-01-11 14:30:00,2.300305,267.019,122.8782,12.37445,13.36253,14.06963,1.19929,248.3938,297.9236,15.15725,14.49773,14.21675,14.50262,298.8047,0.9445618,4
2014-01-11 14:31:00,2.442193,285.792,122.9705,12.5035,13.36463,14.06135,1.249868,251.9451,315.2466,15.20634,15.29721,14.99359,15.26086,323.9503,0.9483834,4
2014-01-11 14:32:00,2.373553,278.0617,122.889,12.64648,13.36413,14.06135,1.181955,259.1024,306.7058,15.31265,15.92209,15.62932,15.79843,308.347,0.9472978,4
2014-01-11 14:33:00,2.823938,333.7947,123.0944,12.76677,13.36363,14.03876,1.375002,266.3226,366.2069,15.4118,16.69805,16.44343,16.59621,366.3797,0.9551986,4
2014-01-11 14:34:00,2.348625,274.2788,122.9379,12.92571,13.36242,14.04064,1.127492,267.1155,301.178,15.5542,17.28127,17.02207,17.13009,307.7464,0.9478664,4
2014-01-11 14:35:00,2.079003,242.4017,122.7704,13.05112,13.36266,14.03876,1.036784,260.0907,269.5382,15.66905,17.55727,17.27802,17.3407,272.6384,0.9431582,4
2014-01-11 14:36:00,2.358895,274.6816,122.8789,13.12957,13.36177,14.03876,1.215246,249.1174,302.716,15.73061,17.88453,17.61032,17.68202,315.1269,0.9468023,4
2014-01-11 14:37:00,1.957263,227.2355,122.7661,13.21227,13.36132,14.03876,1.008072,251.4653,253.4211,15.85502,18.21432,17.9215,17.99525,264.5959,0.9388987,4
2014-01-11 14:38:00,2.253564,262.3695,122.7811,13.33389,13.3621,14.03876,1.147788,254.503,292.0532,15.99252,18.45249,18.20918,18.09097,294.7227,0.9459333,4
2014-01-11 14:39:00,2.852612,335.5919,123.0437,13.47924,13.3618,14.05194,1.408754,261.6884,368.659,16.13409,19.05437,18.77876,18.66277,371.119,0.9554797,4
2014-01-11 14:40:00,4.210367,501.0435,123.5373,13.6024,13.35992,14.06135,2.022539,269.7003,545.5303,16.3208,20.03984,19.78898,19.67599,541.2541,0.9642849,4
2014-01-11 14:41:00,4.135344,495.6081,123.6834,13.74224,13.35715,14.06135,2.012511,266.4697,536.2174,16.57618,21.33088,20.86985,20.74186,549.7156,0.96417,4
2014-01-11 14:42:00,4.154618,495.9578,123.6338,13.93457,13.35748,14.07999,2.049666,261.7238,535.8794,16.86881,22.33204,21.86781,21.77052,546.4739,0.9642789,4
2014-01-11 14:43:00,4.473222,536.236,123.8142,14.13064,13.35709,14.0975,2.283739,254.1457,579.9219,17.1455,23.54186,23.07533,23.12135,598.5046,0.9652169,4
2014-01-11 14:44:00,4.5735,549.456,123.9163,14.31667,13.35738,14.11915,2.397702,247.2174,592.518,17.45403,24.85439,24.31365,24.38278,627.972,0.9649046,4
2014-01-11 14:45:00,4.543254,545.2662,123.902,14.49614,13.35741,14.13572,2.436904,241.0694,586.5316,17.76844,26.08379,25.52995,25.58002,629.0524,0.9651248,4
2014-01-11 14:46:00,3.752786,450.7266,123.691,14.71611,13.35401,14.17168,2.051953,237.6908,487.9119,18.10977,27.0807,26.25243,26.34544,552.1771,0.9651135,4
2014-01-11 14:47:00,2.728315,324.1776,123.1669,14.74531,13.35125,14.20726,1.488082,236.5399,351.9498,18.33209,27.02174,26.15645,26.22685,387.1421,0.9586775,4
2014-01-11 14:48:00,2.825264,335.8012,123.1432,14.82682,13.35155,14.2628,1.531388,239.2068,366.2104,18.45706,26.91033,25.87995,25.99559,391.8836,0.9601452,4
2014-01-11 14:49:00,3.062752,363.1828,123.1531,14.79345,13.34649,14.30629,1.608198,245.2638,395.0876,18.53423,26.73481,25.90877,25.34311,413.1281,0.9596832,4
2014-01-11 14:50:00,3.241842,383.0714,123.2383,14.90092,13.34629,14.34828,1.654922,252.1471,417.5754,18.67381,26.88433,26.19466,25.83335,431.6709,0.9574729,4
2014-01-11 14:51:00,4.411873,528.1979,123.6566,15.03631,13.34634,14.39214,2.177769,262.3636,571.4514,18.90757,27.58091,26.88543,26.6552,587.2834,0.96545,4
2014-01-11 14:52:00,4.116371,492.5627,123.6938,15.04032,13.34657,14.43563,1.997942,266.7912,533.1412,19.15479,28.06922,27.3055,26.94435,574.1396,0.9630457,4
2014-01-11 14:53:00,2.846897,335.9454,123.0094,14.87467,13.3456,14.48138,1.389853,264.7114,367.8055,19.31045,27.57935,26.95694,26.4663,375.198,0.955736,4
2014-01-11 14:54:00,4.955756,594.9676,123.8196,14.97366,13.34451,14.53391,2.486603,258.5179,642.8653,19.4777,28.1793,27.74168,27.38563,654.1951,0.9669753,4
2014-01-11 14:55:00,4.708607,567.4195,123.9117,15.22617,13.34078,14.58362,2.317943,263.6176,610.9761,19.84107,29.31194,28.79449,28.40924,645.5543,0.965627,4
2014-01-11 14:56:00,4.647624,559.2372,123.8575,15.21191,13.34066,14.63558,2.314981,260.8712,603.6501,20.13384,29.8039,29.18288,29.0203,630.7935,0.9656366,4
2014-01-11 14:57:00,4.080565,488.377,123.6344,15.0861,13.34,14.68942,2.07407,255.1904,528.8252,20.36973,30.03421,29.55959,29.20829,553.9172,0.9633924,4
2014-01-11 14:58:00,4.774488,573.4078,123.9171,15.09721,13.33823,14.74779,2.393842,258.9341,619.9604,20.66384,30.57365,30.03514,29.88242,646.8767,0.9659262,4
2014-01-11 14:59:00,3.747528,453.7271,123.5567,15.0382,13.33455,14.80785,1.900168,258.1136,490.1726,20.89473,30.48402,29.68813,29.811,527.4514,0.9608708,4
2014-01-11 15:00:00,2.467708,290.8987,122.9775,14.92175,13.33453,14.87035,1.217548,262.2789,319.2391,21.00902,29.99109,29.41662,29.48116,340.0917,0.9498501,4
2014-01-11 15:01:00,1.943708,225.5225,122.7131,14.84296,13.33201,14.93248,0.9440445,265.0253,250.1542,21.0261,29.03153,28.34013,28.70703,270.3569,0.9396749,4
2014-01-11 15:02:00,1.527013,171.3548,122.5305,14.62675,13.32902,14.99254,0.7309394,266.3302,194.6606,20.8918,27.72115,27.0156,27.62508,211.7844,0.9226711,4
2014-01-11 15:03:00,1.362619,151.4075,122.4572,14.30234,13.3288,15.04676,0.6559538,263.2248,172.6658,20.72132,26.31635,25.71079,26.421,187.0592,0.911797,4
2014-01-11 15:04:00,1.283133,141.7187,122.3689,14.1077,13.32819,15.11096,0.6443299999999998,256.5183,165.2953,20.52881,25.02747,24.35848,25.26809,174.8165,0.9041286,4
2014-01-11 15:05:00,1.23786,136.0394,122.3751,13.8659,13.32798,15.15991,0.6263244,253.1907,158.5823,20.3116,23.78512,23.1736,24.25445,168.3955,0.8988008,4
2014-01-11 15:06:00,1.205302,132.3864,122.2894,13.55547,13.32788,15.20604,0.5994298,256.2961,153.615,20.09487,22.62486,22.17675,23.26118,163.7147,0.8981407,4
2014-01-11 15:07:00,1.185222,130.5998,122.3153,13.47124,13.32772,15.24878,0.5814242,262.4728,152.6074,19.88408,21.83561,21.27969,22.6328,161.8545,0.8997591,4
2014-01-11 15:08:00,1.185652,131.0412,122.329,13.29929,13.32764,15.29359,0.5784612999999998,264.2221,152.8346,19.68583,20.94231,20.49405,21.7541,161.4945,0.9002166,4
2014-01-11 15:09:00,1.225428,135.9705,122.3161,13.05257,13.3275,15.32107,0.613561,259.5896,159.2582,19.46003,20.12326,19.68117,21.13411,164.9754,0.9019007,4
2014-01-11 15:10:00,1.238853,137.0483,122.2848,13.06526,13.32745,15.35835,0.6149284999999999,263.4301,161.9703,19.35759,19.69181,19.26944,20.67726,166.4758,0.903295,4
2014-01-11 15:11:00,1.232221,135.6615,122.251,13.03817,13.32732,15.3849,0.6064956,256.4273,155.5215,19.26948,19.22991,18.78145,20.2516,165.3957,0.899761,4
2014-01-11 15:12:00,1.18714,129.5614,122.2344,13.04568,13.3273,15.40786,0.5921366,257.3446,152.3739,19.19166,18.83276,18.39507,19.84142,158.7343,0.8951902,4
2014-01-11 15:13:00,1.138284,123.7648,122.203,13.06364,13.32718,15.42858,0.5588602999999999,262.1253,146.4929,19.06859,18.40388,17.91502,19.35793,151.833,0.8901794,4
2014-01-11 15:14:00,1.108043,119.7932,122.2594,12.98261,13.32763,15.44929,0.5451850999999999,258.6267,141.0016,18.91421,17.91057,17.41845,18.79057,147.212,0.8851120999999998,4
2014-01-11 15:15:00,1.079885,116.3469,122.2828,12.91834,13.32799,15.47414,0.5360683,257.7777,138.1743,18.79878,17.499,17.06151,18.39925,143.6713,0.880847,4
2014-01-11 15:16:00,1.085987,117.325,122.2455,12.84229,13.32845,15.4956,0.5438176,254.1994,138.2318,18.65755,17.0585,16.62828,17.89694,144.9916,0.8806956,4
2014-01-11 15:17:00,1.082288,116.6545,122.2473,12.7833,13.3302,15.50502,0.5358403999999999,258.5583,138.5194,18.52637,16.78129,16.34109,17.61178,143.9715,0.8813904999999999,4
2014-01-11 15:18:00,1.07752,115.5913,122.279,12.7543,13.33249,15.50502,0.5135041999999999,268.1025,137.6635,18.40893,16.49391,16.07441,17.28519,143.3113,0.8756196,4
2014-01-11 15:19:00,1.081092,116.2683,122.401,12.76272,13.33243,15.50916,0.5203417999999999,267.0028,138.9301,18.32754,16.36686,15.93328,17.07541,144.0915,0.8765118,4
2014-01-11 15:20:00,1.090677,117.5682,122.3664,12.81121,13.33242,15.52572,0.5162392,268.0569,138.375,18.30022,16.36107,15.88697,17.03687,145.8919,0.8778607,4
2014-01-11 15:21:00,1.086714,117.1904,122.3262,12.90309,13.33238,15.52987,0.5390312999999999,260.9401,140.6528,18.31688,16.35614,15.85478,16.92321,145.1118,0.8814222999999999,4
2014-01-11 15:22:00,1.071772,115.2965,122.3257,12.9328,13.33237,15.52987,0.531282,254.9515,135.4431,18.34051,16.29611,15.74159,16.67357,143.7315,0.8790924,4
2014-01-11 15:23:00,1.072479,115.5853,122.2643,12.8925,13.33234,15.52987,0.5198859999999998,263.1852,136.8199,18.22719,16.16975,15.67171,16.4615,143.3115,0.8793383,4
2014-01-11 15:24:00,1.072462,114.958,122.2665,12.90235,13.33233,15.52987,0.5048432,270.8205,136.7084,18.13129,16.04059,15.57386,16.271,144.2713,0.8740465,4
2014-01-11 15:25:00,1.09279,118.5266,122.3032,12.956,13.33231,15.52987,0.5319656999999999,263.3219,140.0483,18.13419,16.01756,15.56547,16.21867,146.2511,0.8832678,4
2014-01-11 15:26:00,1.090368,117.7075,122.2646,13.03031,13.3323,15.52987,0.5269515,265.4757,139.8918,18.14108,16.03292,15.6123,16.2005,145.9508,0.8822548,4
2014-01-11 15:27:00,1.097418,119.1764,122.2311,13.11951,13.3332,15.52987,0.5376638,261.9259,140.8149,18.15421,16.03709,15.58504,16.12717,147.0307,0.8851318,4
2014-01-11 15:28:00,1.111115,121.0058,122.2711,13.41169,13.33456,15.51744,0.5383474999999999,266.0056,143.2057,18.06883,16.00792,15.54815,15.98277,148.711,0.8868297,4
2014-01-11 15:29:00,1.17235,130.6176,122.3006,13.87669,13.33547,15.50502,0.5830199,265.8062,155.0241,17.96118,16.02764,15.59305,15.93474,158.4328,0.8978443999999999,4
2014-01-11 15:30:00,1.441208,164.9933,122.5091,14.23454,13.33546,15.50502,0.6905982,277.47,191.6544,17.88188,16.19452,15.77964,16.05137,195.0403,0.9208062,4
2014-01-11 15:31:00,1.718816,197.9656,122.6314,14.43557,13.33591,15.50502,0.7988602999999999,281.0769,224.6071,17.88327,16.55114,16.1198,16.31598,235.2485,0.9329026,4
2014-01-11 15:32:00,2.342246,273.9832,122.7928,14.59351,13.33544,15.50502,1.100171,277.9315,305.7459,17.9487,17.09917,16.68365,16.87403,304.5028,0.9486525,4
2014-01-11 15:33:00,3.641694,430.5513,123.1994,14.84724,13.3359,15.50502,1.686381,280.2279,471.4192,18.12331,18.24133,17.7711,17.93953,469.7169,0.9614328,4
2014-01-11 15:34:00,4.402084,528.1102,123.5795,15.24028,13.33451,15.50502,2.051965,278.6552,571.7622,18.41886,19.90104,19.30477,19.56344,588.1817,0.9653116,4
2014-01-11 15:35:00,4.473492,535.7661,123.6445,15.45359,13.33359,15.50502,2.13584,271.4187,579.6529,18.76144,21.40743,20.64279,20.90366,593.7029,0.965177,4
2014-01-11 15:36:00,4.407624,526.7613,123.5575,15.79613,13.33221,15.50916,2.121937,268.4387,569.5912,19.10003,22.62001,21.76759,21.92556,584.3415,0.9647633,4
2014-01-11 15:37:00,4.332141,517.5413,123.5714,15.93438,13.33221,15.52365,2.084102,268.98,560.5655,19.40161,23.73679,22.78367,23.1163,576.66,0.9643841,4
2014-01-11 15:38:00,4.26873,509.9791,123.5512,15.97828,13.33221,15.54436,2.083874,265.0085,552.2275,19.72107,24.72706,23.7326,24.16345,569.1573,0.9640319,4
2014-01-11 15:39:00,4.207754,502.4607,123.56,15.84448,13.33175,15.55471,2.08,262.1937,545.3399,19.9739,25.45918,24.33508,25.00339,562.1955,0.9640217,4
2014-01-11 15:40:00,4.14442,494.7205,123.5407,15.81166,13.32945,15.57957,2.074074,258.3076,535.7387,20.17176,26.07586,24.83793,25.55972,555.8951,0.963409,4
2014-01-11 15:41:00,4.096284,489.3775,123.582,15.94478,13.32716,15.60442,2.018689,262.9629,530.8022,20.33072,26.652,25.36348,26.10086,549.2339,0.9634473,4
2014-01-11 15:42:00,3.980166,475.0439,123.5396,15.88524,13.32669,15.62927,1.982678,259.9145,515.3285,20.47301,26.99054,25.6502,26.53483,534.6517,0.9625861,4
2014-01-11 15:43:00,3.988359,476.1729,123.5626,16.12343,13.32624,15.66222,2.017778,256.4444,517.3997,20.62882,27.50186,26.33255,26.80958,538.0125,0.96263,4
2014-01-11 15:44:00,3.965523,473.1524,123.5503,16.22263,13.32531,15.69535,1.976752,260.2962,514.5257,20.79196,27.94537,26.71831,27.45505,532.8522,0.962791,4
2014-01-11 15:45:00,3.913327,466.8894,123.5601,16.11368,13.32211,15.72981,1.938005,261.7036,507.1674,20.89519,28.1404,26.6494,27.56434,526.1909,0.9625607,4
2014-01-11 15:46:00,3.86662,460.6819,123.4834,16.1506,13.32119,15.77593,1.921367,259.8518,499.2207,20.91629,28.32076,26.73342,27.34998,519.8903,0.9620463,4
2014-01-11 15:47:00,3.826841,456.0747,123.4651,16.23005,13.32119,15.81114,1.894701,261.0199,494.5377,20.99263,28.49741,26.98443,27.79162,514.5492,0.9621407,4
2014-01-11 15:48:00,3.783757,450.6842,123.3876,16.05043,13.32119,15.86066,1.865983,262.1595,489.1755,21.05344,28.48318,27.0268,28.09904,508.4286,0.9623699,4
2014-01-11 15:49:00,3.737838,444.8701,123.3625,15.79152,13.32119,15.90415,1.837265,262.8433,482.8828,21.10062,28.40569,26.91416,28.01932,502.4873,0.9624267,4
2014-01-11 15:50:00,3.68752,438.8997,123.3481,14.72881,13.32119,15.95799,1.806268,264.1139,477.0121,21.03362,27.64865,26.08921,27.3335,495.4663,0.9622016,4
2014-01-11 15:51:00,3.653947,435.1671,123.3259,13.92601,13.32119,16.00563,1.792592,264.2563,473.6627,20.81109,26.70057,25.30596,26.73819,490.3653,0.9619741,4
2014-01-11 15:52:00,3.620675,430.7279,123.348,13.58998,13.32073,16.0542,1.801025,260.7635,469.6242,20.62193,25.83175,24.59936,26.20126,484.3643,0.9614484,4
2014-01-11 15:53:00,3.582607,425.7327,123.2461,13.42904,13.32072,16.09656,1.743134,265.5897,462.9303,20.49168,25.35092,24.24643,26.04116,478.3632,0.9617279,4
2014-01-11 15:54:00,3.529086,418.9645,123.2129,13.45151,13.32118,16.13798,1.726495,263.3276,454.6065,20.43738,25.28021,23.97212,26.07451,470.2017,0.9612303,4
2014-01-11 15:55:00,3.38482,400.6562,123.1483,13.46846,13.32072,16.18147,1.669971,260.3362,434.7713,20.36406,24.9291,23.519,25.5021,451.5978,0.9600695,4
2014-01-11 15:56:00,3.097635,365.7494,122.9855,13.46596,13.32118,16.21046,1.520456,263.2193,400.2049,20.25762,24.68694,23.2838,25.11146,411.0892,0.9582489,4
2014-01-11 15:57:00,3.278602,390.4821,123.0234,13.48504,13.32072,16.24981,1.585185,267.6923,424.2328,20.17616,24.41402,23.1994,25.02534,437.6151,0.9601011,4
2014-01-11 15:58:00,3.318931,393.2713,123.0191,13.5042,13.32072,16.28502,1.62735,263.3789,428.5969,20.11967,24.24747,22.94014,24.74715,440.4959,0.9604847,4
2014-01-11 15:59:00,3.257805,385.2158,122.991,13.55895,13.32118,16.30573,1.581538,267.4131,422.8904,20.04393,24.20052,22.81938,24.48889,432.2742,0.9595383,4
2014-01-11 16:00:00,3.202654,378.7791,123.019,13.70202,13.32118,16.33491,1.565356,264.621,414.2235,20.06318,24.41047,23.0506,24.59441,424.4126,0.9590495,4
2014-01-11 16:01:00,3.158022,373.3662,122.998,13.91099,13.32118,16.35525,1.5298,266.131,407.09,20.12628,24.7715,23.42225,24.88741,419.0683,0.958641,4
2014-01-11 16:02:00,3.110507,367.6136,122.9613,14.00013,13.32118,16.38424,1.509515,266.1481,401.7442,20.2416,24.87131,23.42263,25.01052,413.0048,0.9583692,4
2014-01-11 16:03:00,3.068192,362.0472,122.8575,14.04516,13.32118,16.38838,1.494473,263.6808,394.044,20.29706,24.87837,23.59474,25.09918,406.4043,0.9577892,4
2014-01-11 16:04:00,3.024108,356.0856,122.8067,14.17386,13.32118,16.41116,1.505413,258.7578,389.5239,20.40764,25.22518,24.01048,25.31085,401.0036,0.9571261,4
2014-01-11 16:05:00,2.968169,349.5688,122.8199,14.29867,13.32118,16.41945,1.476011,258.6495,381.7449,20.5209,25.30082,23.94688,25.28779,393.9829,0.9567164,4
2014-01-11 16:06:00,2.91926,343.5452,122.7848,14.39289,13.32118,16.43808,1.444558,259.9942,375.5808,20.567,25.27035,23.8208,25.22234,386.7816,0.9564908,4
2014-01-11 16:07:00,2.860222,336.356,122.7736,14.43656,13.32118,16.44015,1.428376,257.8404,368.282,20.63969,25.29649,23.96453,25.28415,379.9408,0.9555452,4
2014-01-11 16:08:00,2.81139,330.281,122.756,14.4461,13.32118,16.45879,1.381652,261.8689,361.7778,20.69415,25.10851,23.81451,25.21543,372.4994,0.9550617,4
2014-01-11 16:09:00,2.71075,318.1461,122.753,14.42984,13.32118,16.46293,1.347236,257.8119,347.3737,20.71344,25.1454,23.91957,25.11318,365.6543,0.9533708,4
2014-01-11 16:10:00,2.366063,275.1507,122.6812,14.40516,13.32118,16.46293,1.173105,258.1424,302.8034,20.77361,25.19062,23.97178,25.09602,357.1919,0.9472914,4
2014-01-11 16:11:00,1.796384,206.9277,122.5363,14.44326,13.32118,16.46293,0.9057549,254.7692,230.7891,20.79987,25.30023,24.0961,24.78393,348.0714,0.9318039,4
2014-01-11 16:12:00,1.128373,121.2424,122.348,14.48415,13.32164,16.46293,0.5615953999999999,252.4786,141.8487,20.8054,25.38724,24.11189,24.9417,340.75,0.8778719,4
2014-01-11 16:13:00,0.7194068,60.24525,122.2957,14.46812,13.32164,16.44637,0.3065527,250.4216,76.77758,20.76988,25.45923,24.23893,24.9136,320.4069,0.6941914,4
2014-01-11 16:14:00,0.6216262999999999,44.46408,122.1815,14.36883,13.32393,16.43808,0.2461538,250.0626,61.55587,20.66618,25.26468,23.87208,24.784,231.4684,0.5916866,4
2014-01-11 16:15:00,0.6048177999999998,41.81808,122.149,14.32029,13.32301,16.43808,0.2297435999999999,250.1652,57.47372,20.5262,25.25738,23.87445,24.83023,119.2452,0.5703337,4
2014-01-11 16:16:00,0.5994019,39.47492,122.1677,14.20004,13.32576,16.41738,0.2210825999999999,249.9942,55.27035,20.39839,25.3186,23.94823,24.66372,55.87182,0.5422641999999999,4
2014-01-11 16:17:00,0.5959718,37.44963,122.1411,14.0281,13.32668,16.40495,0.2149287,250.4273,53.82606,20.23237,25.24338,23.87417,24.32411,49.69061,0.5173957,4
2014-01-11 16:18:00,0.5920332,35.6458,122.0915,13.95005,13.32668,16.38838,0.2053561,250.2279,51.38612,20.0885,25.14691,23.82211,23.71,47.22989,0.4961644,4
2014-01-11 16:19:00,0.5892372,33.8107,122.1106,13.93404,13.32668,16.37595,0.1989742999999999,250.3133,49.80795,20.00344,24.89268,23.60706,22.67081,44.70843,0.4735931999999999,4
2014-01-11 16:20:00,0.5850543,31.67531,122.0889,13.92394,13.3276,16.34903,0.1857517999999999,250.121,46.46158,19.86446,24.34049,23.07892,21.43416,42.48808,0.4475049999999999,4
2014-01-11 16:21:00,0.5729861,29.01521,122.1266,13.8749,13.3276,16.3255,0.1727517,250.1082,43.20578,19.68235,23.27507,22.71744,20.33345,40.08783,0.4172617,4
2014-01-11 16:22:00,0.5846812,26.60174,122.1033,13.64545,13.32989,16.29537,0.1577107,250.0866,39.44331,19.50344,22.01564,22.3992,19.30292,38.04749,0.3744161999999999,4
2014-01-11 16:23:00,0.5839075,24.35206,122.0287,13.56242,13.33081,16.27052,0.1515586999999999,250.237,37.92578,19.34504,20.94279,21.85471,18.34775,36.18726,0.3441123999999999,4
2014-01-11 16:24:00,0.5782658,22.05704,121.9836,13.45229,13.33218,16.23117,0.1385685,250.1812,34.66894,19.14137,19.68091,20.61999,17.47076,34.32676,0.3154956999999999,4
2014-01-11 16:25:00,0.5684371999999999,19.74736,121.9547,13.69457,13.33218,16.20011,0.1262622999999999,250.2397,31.59531,18.90696,18.6937,19.55217,16.73447,32.58625,0.2887458,4
2014-01-11 16:26:00,0.5534061999999998,17.68134,121.9828,13.83151,13.33218,16.16283,0.1203371,250.2465,30.11324,18.77267,17.85849,18.62951,16.02937,31.32608,0.2643033,4
2014-01-11 16:27:00,0.5456495999999998,15.96133,121.9845,13.9882,13.3331,16.12348,0.1066629,250.071,26.6737,18.61476,17.05465,17.73228,15.42606,30.06594,0.2425399,4
2014-01-11 16:28:00,0.5476528,14.74961,121.9432,14.05176,13.33493,16.08206,0.1096261999999999,250.0092,27.40676,18.42971,16.36052,16.92826,14.88086,28.80577,0.2229732,4
2014-01-11 16:29:00,0.5505199,13.80655,121.8807,13.99022,13.33676,16.04045,0.105752,250.1981,26.45989,18.31115,15.75396,16.24912,14.39723,27.42556,0.2069035999999999,4
2014-01-11 16:30:00,0.5451694,12.91157,121.933,13.95463,13.33768,16.00149,0.0989149099999999,249.9881,24.72729,18.17781,15.19968,15.59685,13.97048,25.98512,0.1958552,4
2014-01-11 16:31:00,0.5351363999999998,11.96908,121.9719,13.89547,13.33768,15.95592,0.0941289399999999,250.1198,23.54271,18.04899,14.69419,15.0204,13.55851,24.60475,0.1858808,4
2014-01-11 16:32:00,0.5216532,11.06887,121.8989,13.81715,13.33768,15.91036,0.08159386,250.1832,20.40965,17.93206,14.23227,14.49785,13.22122,23.3446,0.1761319,4
2014-01-11 16:33:00,0.5134199,10.33151,121.8732,13.7483,13.3386,15.86857,0.0834173,248.0639,20.6913,17.82786,13.82916,14.02694,12.91919,21.78433,0.1667209,4
2014-01-11 16:34:00,0.5168612999999999,9.704446,122.0189,13.6526,13.34089,15.81321,0.0802266999999999,244.1102,19.58514,17.69674,13.44389,13.56812,12.55156,20.64418,0.1557400999999999,4
2014-01-11 16:35:00,0.5180941,9.009899,121.9472,13.48537,13.34272,15.76972,0.08410136,239.8598,20.17062,17.57192,13.08492,13.14182,12.24124,19.32394,0.1444883999999999,4
2014-01-11 16:36:00,0.5110852,8.265603999999998,121.9124,13.4077,13.34272,15.71983,0.07635237,235.9801,18.02051,17.4881,12.75365,12.75646,11.97137,18.30378,0.1344973999999999,4
2014-01-11 16:37:00,0.5116404,7.750166,121.9394,13.31799,13.34318,15.66429,0.07316156,231.6156,16.94792,17.40421,12.44534,12.3968,11.73584,17.16356,0.125609,4
2014-01-11 16:38:00,0.5151845999999999,7.248795999999999,121.8385,13.2609,13.34318,15.61383,0.0815946599999999,227.9294,18.59303,17.32819,12.18483,12.08559,11.54966,16.14339,0.11688,4
2014-01-11 16:39:00,0.5166752,6.778754,121.8216,13.21772,13.34318,15.55679,0.0763525699999999,224.6817,17.15194,17.22397,11.95773,11.82957,11.40051,15.54327,0.1093712,4
2014-01-11 16:40:00,0.5179413,6.248951,121.851,13.15928,13.34318,15.50144,0.0772643799999999,220.4713,17.04099,17.13327,11.71112,11.53076,11.12825,14.70312,0.1007353,4
2014-01-11 16:41:00,0.5173419,5.857143,121.8222,13.12052,13.3441,15.43893,0.0722501799999999,217.9015,15.74152,17.03613,11.49173,11.2986,10.92976,13.92296,0.0943460799999999,4
2014-01-11 16:42:00,0.5165062999999999,5.50087,121.7835,13.0295,13.34776,15.3864,0.07338988,215.0928,15.78757,16.97127,11.27936,11.05088,10.75737,13.68293,0.08889571,4
2014-01-11 16:43:00,0.5224202,5.026964,121.6626,12.91432,13.34868,15.32314,0.0704269399999999,203.3834,14.32047,16.88659,11.08302,10.82905,10.57425,13.14282,0.07996201,4
2014-01-11 16:44:00,0.53275,3.439473,121.6132,12.84156,13.34868,15.26327,0.07361789,174.3411,12.84852,16.79197,10.91916,10.64465,10.47663,12.30266,0.0537868599999999,4
2014-01-11 16:45:00,0.5358021,2.645106,121.5934,12.79864,13.3496,15.1938,0.0674640799999999,170.5519,11.50592,16.67808,10.73971,10.44816,10.25253,12.12262,0.04131874,4
2014-01-11 16:46:00,0.5343086999999999,2.177424,122.1728,12.73479,13.35326,15.12113,0.0717946099999999,170.7173,12.25356,16.5561,10.57177,10.22432,10.12965,11.70254,0.03455163,4
2014-01-11 16:47:00,0.5344195,1.682368,122.8809,12.67068,13.35418,15.06295,0.06039864,170.6661,10.30892,16.50089,10.37325,10.01153,9.887124,10.62231,0.02612546,4
2014-01-11 16:48:00,0.5318448,1.232316,122.8949,12.59129,13.35418,14.99875,0.06837587,170.6719,11.66949,16.46131,10.21377,9.844864,9.700624,9.902158,0.01946325,4
2014-01-11 16:49:00,0.5369032999999999,0.9300761,122.933,12.53179,13.35418,14.93248,0.0649570899999999,170.6377,11.08219,16.35056,10.09459,9.742574,9.593353,9.362041,0.0145978199999999,4
2014-01-11 16:50:00,0.5417551,0.6531226,122.9731,12.37621,13.35418,14.87205,0.0578916,170.6093,9.876761,16.18488,10.05693,9.693572,9.578293,8.641888,0.0104356799999999,4
2014-01-11 16:51:00,0.542267,0.4369558,122.9226,12.24817,13.3551,14.80596,0.0565240899999999,170.2275,9.620903,15.99817,10.08133,9.684033,9.669181,8.041757999999998,0.007353636,4
2014-01-11 16:52:00,0.5408245999999999,0.2644834999999999,122.9347,12.34276,13.35785,14.7395,0.0558403499999999,170.3131,9.512193000000002,15.78099,10.17384,9.754689,9.879126,7.501642,0.004088968,4
2014-01-11 16:53:00,0.5398745,-0.01377657,122.8199,12.17981,13.35968,14.67737,0.0526494799999999,170.3188,8.970567,15.62043,10.09782,9.571823,9.827818,6.781485,0.0002119521,4
2014-01-11 16:54:00,0.5399939999999999,-0.6451221999999999,122.7525,12.13124,13.36014,14.61204,0.0510540599999999,166.6322,8.509401999999998,15.4727,10.00872,9.534994,9.852506,5.941303,-0.0091146209999999,4
2014-01-11 16:55:00,0.5164456,-1.071855,122.7181,11.95614,13.3638,14.54144,0.0510540599999999,161.4528,8.224180999999998,15.24696,9.947379,9.51463,9.832156,5.401185,-0.01305079,4
2014-01-11 16:56:00,0.3818694999999999,1.596073,122.7393,11.67122,13.36426,14.47517,0.0323646299999999,213.6294,6.657686,15.02826,9.855066,9.409507,9.770226,3.660803,0.06018809,4
2014-01-11 16:57:00,0.3425684,1.168372,122.7183,11.47116,13.36518,14.41022,0.0330483999999999,187.8061,6.032073,14.83529,9.773942000000002,9.379254,9.721614,2.400527,0.0548220899999999,4
2014-01-11 16:58:00,0.3329040999999999,1.447941,122.7786,11.4224,13.36518,14.34413,0.03236464,188.6437,6.033213,14.65443,9.6945,9.262243,9.633674,0.8401845,0.0692181399999999,4
2014-01-11 16:59:00,0.2771172,1.389503,122.7387,11.60386,13.36518,14.27071,0.02415952,169.5326,4.117316,14.50751,9.623956,9.209336,9.612638,-0.1200264,0.07330643,4
2014-01-11 17:00:00,0.1858445,2.429316,122.7045,11.28239,13.36564,14.205,0.03282049,159.4358,5.23114,14.3094,9.549874,9.111131,9.44588,-0.3000659,0.1055888,4
2014-01-11 17:01:00,0.185474,2.513069,122.6916,10.69754,13.36931,14.12969,0.0241595299999999,150.7862,3.638132,14.09251,9.353423,8.852163,9.167983,-1.200264,0.1089913,4
2014-01-11 17:02:00,0.1852659999999999,2.528481,122.6226,10.41588,13.37068,14.05608,0.01982905,62.14811,1.344361,13.96419,9.168618,8.699771,9.011438,-2.220488,0.1112366999999999,4
2014-01-11 17:03:00,0.1851320999999999,2.528229,122.5698,10.3444,13.37068,13.98284,0.0205128099999999,27.65241,0.5570131,13.77241,9.078628,8.623891,8.912929,-2.880633,0.1101546,4
2014-01-11 17:04:00,0.1849822,2.552305,122.5529,10.16861,13.37572,13.90565,0.01367521,23.17947,0.3199606999999999,13.66291,8.915084999999998,8.436823,8.738704,-3.600791,0.1111679,4
2014-01-11 17:05:00,0.1845808999999999,2.551931,122.452,9.747252,13.37618,13.83279,0.01549857,19.9829,0.3088804,13.45104,8.703971,8.22976,8.470815,-3.780831,0.1129033,4
2014-01-11 17:06:00,0.1846261999999999,2.563926,122.3673,9.451917000000002,13.37756,13.74957,0.0141310499999999,17.17378,0.239094,13.29052,8.44909,7.976066999999999,8.186038,-4.561002,0.1126037,4
2014-01-11 17:07:00,0.1845642999999999,2.568018,122.3083,9.322528,13.38076,13.66711,0.0207407299999999,14.547,0.3002311999999999,13.1792,8.224056,7.762904,7.965861,-4.921065,0.1126936,4
2014-01-11 17:08:00,0.1843257,2.577202,122.1874,9.417274,13.38397,13.58239,0.01116809,12.87749,0.1427052,13.07403,8.11221,7.660898,7.851831,-5.28114,0.1139606,4
2014-01-11 17:09:00,0.1843047999999999,2.569986,122.1742,9.866624,13.38672,13.49371,0.01185185,11.60683,0.1399469,12.96277,8.123196,7.640646,7.866365,-5.581189,0.1147199,4
2014-01-11 17:10:00,0.1841854,2.585056,122.1764,10.36757,13.38718,13.40993,0.01435897,10.42165,0.1493597999999999,12.84587,8.239252,7.670918,7.971835999999999,-5.401148,0.1141658,4
2014-01-11 17:11:00,0.1839645,2.595068,122.1005,10.33118,13.38809,13.32088,0.01413057,9.959772,0.1415268,12.73069,8.266852999999998,7.631083,7.9519,-5.041079,0.1144787,4
2014-01-11 17:12:00,0.1840511,2.590666,122.1139,10.03229,13.39084,13.23089,0.0136747499999999,10.08513,0.1367116999999999,12.64904,8.126346,7.43714,7.840414,-4.981065,0.1157431,4
2014-01-11 17:13:00,0.1839247,2.597716,122.1213,9.952246,13.39395,13.15257,0.0116236099999999,10.0738,0.1177173,12.60652,7.940418,7.256696,7.660784999999998,-5.041065,0.115495,4
2014-01-11 17:14:00,0.1837905,2.596172,122.0652,9.931922,13.39767,13.06521,0.0132191199999999,10.06817,0.1299057,12.53243,7.796813,7.218069,7.463136999999999,-4.92104,0.1157987999999999,4
2014-01-11 17:15:00,0.1838193999999999,2.598479,122.0256,9.770972,13.4001,12.97955,0.0091169219999999,9.829181,0.0887391299999999,12.39392,7.738627,7.223053,7.47309,-4.861029,0.1163433,4
2014-01-11 17:16:00,0.1836984,2.613592,121.959,9.730933,13.40018,12.8952,0.01344746,9.971629,0.1343554,12.25249,7.754934,7.263531,7.499347,-4.921045,0.1159566,4
2014-01-11 17:17:00,0.1836977999999999,2.590124,121.949,9.616676,13.40062,12.81349,0.01755003,9.692403,0.1703707999999999,12.16224,7.718568999999999,7.200136,7.441661,-5.101098,0.1154985,4
2014-01-11 17:18:00,0.1834936,2.603302,121.9545,9.451921,13.40531,12.72971,0.01139626,9.823539,0.1110274,12.02697,7.72626,7.219204,7.485572999999999,-5.041097,0.1169049,4
2014-01-11 17:19:00,0.1834059,2.598998,121.9059,9.865912,13.40654,12.64104,0.0148154399999999,9.761094000000002,0.14465,11.91776,7.913576,7.445057,7.803569999999999,-4.801078,0.1161066,4
2014-01-11 17:20:00,0.1834842999999999,2.628141,121.8947,10.84667,13.40894,12.55556,0.01276417,9.573134,0.1240633,11.92158,8.231541,7.891028999999999,8.359852,-4.921118,0.1160958,4
2014-01-11 17:21:00,0.1833481999999999,2.625251,121.8217,12.3152,13.41191,12.47592,0.0066756669999999,8.912286,0.07328729,12.06289,8.79399,8.328328,8.881106,-4.260993,0.1174634,4
2014-01-11 17:22:00,0.1832713,2.626323,121.7753,11.967,13.412,12.3927,0.0157277,7.766974,0.1202199,12.0641,8.750636999999998,8.148097,8.66207,-3.600856,0.1170467,4
2014-01-11 17:23:00,0.1832188999999999,2.620376,121.7843,11.46187,13.41264,12.32154,0.01162496,6.553286,0.07374232,12.03232,8.708826999999998,8.094195,8.591195,-3.180777,0.1162966,4
2014-01-11 17:24:00,0.1831791,2.618474,121.7159,11.29309,13.41273,12.25433,0.01276505,5.932302,0.07522779,12.01716,8.693556,8.166845,8.641821999999998,-3.120777,0.1165216,4
2014-01-11 17:25:00,0.1831511999999999,2.617888,121.7374,11.36855,13.41285,12.19013,0.0088901269999999,5.522137,0.04996156,12.02193,8.610464999999998,8.068768,8.558721999999998,-3.180816,0.1164184,4
2014-01-11 17:26:00,0.1830118,2.619187,121.6871,11.77341,13.41293,12.1327,0.0070666679999999,4.883965,0.03502918,12.06374,8.873585999999998,8.476781,8.952887999999998,-3.36089,0.1164877,4
2014-01-11 17:27:00,0.1830479999999999,2.62712,121.6449,12.2497,13.41302,12.07472,0.0084345649999999,4.473739,0.0357943999999999,12.1416,9.191253,8.711106,9.212483,-3.000817,0.1177122,4
2014-01-11 17:28:00,0.1830546999999999,2.598919,121.6905,12.09908,13.4131,12.02821,0.01299403,4.08058,0.0533816699999999,12.16619,9.176998,8.613925,9.148674,-2.400668,0.1170247,4
2014-01-11 17:29:00,0.1829909999999999,2.626915,121.6526,12.15099,13.41316,11.97456,0.0041034349999999,3.949556,0.01905209,12.18293,9.207959,8.72498,9.291467,-2.220629,0.1171431,4
2014-01-11 17:30:00,0.1828336999999999,2.622884,121.6004,12.2275,13.41323,11.93841,0.01231052,3.738747,0.0441393299999999,12.21649,9.208335000000002,8.666531,9.180005,-1.800524,0.1170265,4
2014-01-11 17:31:00,0.1829279,2.633531,121.5873,12.15589,13.41327,11.8951,0.0118546799999999,3.562102,0.0430799099999999,12.23092,9.174663,8.589581,9.027389,-1.62048,0.1170611,4
2014-01-11 17:32:00,0.1827998,2.638942,121.5667,12.11283,13.41333,11.85557,0.010715,3.505162,0.0368445999999999,12.24981,9.127202,8.625712999999998,9.102419,-1.920607,0.1179531,4
2014-01-11 17:33:00,0.1826598,2.61548,121.5226,12.09548,13.41335,11.8134,0.01367876,3.40829,0.04510871,12.25411,9.086242,8.584719,9.019678,-2.040661,0.1181017,4
2014-01-11 17:34:00,0.182759,2.622647,121.5918,12.02326,13.41341,11.778,0.0029637719999999,3.550827,0.0120688299999999,12.26238,9.004642,8.533514999999998,8.986226999999998,-2.040698,0.1171089,4
2014-01-11 17:35:00,0.1840063,2.661899,122.44,11.97402,13.41342,11.74788,0.007295458,3.260158,0.02179885,12.26888,8.958776999999998,8.518798999999998,8.944609,-2.100732,0.1182729,4
2014-01-11 17:36:00,0.184013,2.671595,122.449,11.98858,13.41347,11.71211,0.01595898,3.431182,0.05718025,12.27326,8.988639,8.591912,8.999969,-2.100749,0.1178015,4
2014-01-11 17:37:00,0.1840554,2.665664,122.4805,12.08891,13.41348,11.67991,0.00934743,3.402693,0.03753307,12.29176,9.074525,8.73738,9.173626,-1.800645,0.1183854,4
2014-01-11 17:38:00,0.1839551,2.674692,122.3827,12.18209,13.41352,11.64979,0.00820757,3.248834,0.0261972,12.31797,9.222648,8.909677999999998,9.414428,-2.100771,0.1190586,4
2014-01-11 17:39:00,0.1840811,2.674603,122.5102,12.30715,13.41352,11.62324,0.004331782,3.288734,0.015656,12.34564,9.421038,9.113147,9.562531000000002,-1.740641,0.1180646,4
2014-01-11 17:40:00,0.1841136999999999,2.685898,122.5189,12.4683,13.41356,11.59877,0.01117153,3.10067,0.03532018,12.38317,9.580264,9.29651,9.662317,-1.440574,0.1181511,4
2014-01-11 17:41:00,0.184014,2.684681,122.509,12.52028,13.41356,11.58559,0.01025958,3.089273,0.03385441,12.42347,9.61939,9.320088,9.64273,-1.440575,0.1187161999999999,4
2014-01-11 17:42:00,0.1839514999999999,2.678595,122.4748,12.47361,13.41267,11.56299,0.0072957439999999,3.11779,0.01960179,12.43676,9.678125,9.402225,9.772884,-1.440597,0.1177953999999999,4
2014-01-11 17:43:00,0.1841171,2.669811,122.5187,12.49188,13.41222,11.54229,0.009119689,3.243189,0.0296132599999999,12.46814,9.730886000000002,9.46279,9.735125,-1.4406,0.1182564,4
2014-01-11 17:44:00,0.1840439,2.690248,122.5065,12.49975,13.41224,11.54021,0.001139966,3.03231,0.0050213569999999,12.49635,9.773314,9.438727,9.753509,-1.440632,0.1179998,4
2014-01-11 17:45:00,0.1841774999999999,2.696407,122.5451,12.43241,13.40903,11.51744,0.0093477349999999,3.169109,0.0297539599999999,12.49612,9.734192,9.379055,9.599096,-2.100919,0.1185948,4
2014-01-11 17:46:00,0.1837647,2.695643,122.456,12.40484,13.4095,11.50614,0.009803752,2.867028,0.0290368,12.49962,9.681133,9.322423,9.622426,-1.980853,0.118979,4
2014-01-11 17:47:00,0.183781,2.686957,122.4172,12.32984,13.40813,11.49485,0.0072958119999999,3.015226,0.02078733,12.49046,9.640076,9.238156,9.553775000000002,-2.280987,0.1181277,4
2014-01-11 17:48:00,0.1836944,2.670529,122.3701,12.21228,13.40814,11.49485,0.01299572,2.832838,0.0359453699999999,12.48134,9.528968,9.129079,9.389569,-2.521108,0.1195771999999999,4
2014-01-11 17:49:00,0.1836365,2.686478,122.3161,12.05669,13.40815,11.48731,0.005699883,2.924039,0.0163275,12.45977,9.388339,8.990458,9.246776,-2.461089,0.1190924,4
2014-01-11 17:50:00,0.1837121999999999,2.694774,122.3428,11.91834,13.40816,11.47225,0.0102598099999999,2.878446,0.03204693,12.42437,9.237941,8.817256,9.092077,-2.581158,0.1190514,4
2014-01-11 17:51:00,0.1836135,2.691696,122.3428,11.79664,13.40816,11.47036,0.01231178,2.867048,0.03600805,12.40418,9.044909,8.650301,8.9075,-2.821284,0.1188897,4
2014-01-11 17:52:00,0.1837119,2.685882,122.35,11.63837,13.40862,11.44966,0.01231179,2.741654,0.03335702,12.36098,8.88108,8.504789,8.692601,-2.881337,0.118967,4
2014-01-11 17:53:00,0.1836069999999999,2.68724,122.2918,11.50508,13.40863,11.43836,0.0091198579999999,2.673258,0.0197584999999999,12.32227,8.676973999999998,8.309751999999998,8.517495,-3.181477,0.1187926,4
2014-01-11 17:54:00,0.1836202,2.695457,122.309,11.37768,13.41001,11.42518,0.01162783,2.547862,0.0269788899999999,12.27324,8.560926999999998,8.202128,8.365249,-3.361562,0.1196448,4
2014-01-11 17:55:00,0.1837185,2.690726,122.3469,11.28388,13.41047,11.40448,0.0066119059999999,2.678962,0.01869811,12.22018,8.463568,8.045109999999998,8.252961,-3.721733,0.1196406,4
2014-01-11 17:56:00,0.1838167,2.693004,122.3172,11.21907,13.41185,11.40071,0.01003186,2.798662,0.0289283099999999,12.18122,8.400959999999998,7.973226999999999,8.220119,-3.721737,0.1193799,4
2014-01-11 17:57:00,0.1838314,2.692087,122.3114,11.22951,13.41368,11.37566,0.009347878,2.838563,0.0297080899999999,12.12243,8.43105,8.009015,8.287101,-4.141939,0.1189806999999999,4
2014-01-11 17:58:00,0.1836527,2.697927,122.303,11.35635,13.41368,11.35703,0.009803878,2.507969,0.0264955899999999,12.08482,8.467591,8.045584,8.30663,-4.201971,0.1200114999999999,4
2014-01-11 17:59:00,0.1836844,2.686177,122.3092,11.47611,13.41369,11.34197,0.006155929,2.450971,0.0135987,12.0684,8.458719999999998,7.935914999999999,8.284267,-3.841843,0.1190663,4
2014-01-11 18:00:00,0.1836830999999999,2.696569,122.3506,11.36649,13.41369,11.31749,0.0054719369999999,2.393972,0.0115713699999999,12.03271,8.271655,7.703929999999999,7.983614,-3.601748,0.1190535,4
2014-01-11 18:01:00,0.1837304999999999,2.70699,122.3623,11.20967,13.41369,11.31184,0.008435908,2.599172,0.02255017,12.01367,8.080908,7.521514,7.830394,-3.721799,0.1196279,4
2014-01-11 18:02:00,0.1836078999999999,2.702377,122.3612,11.06784,13.41369,11.2836,0.01071588,2.559273,0.0281331299999999,11.97419,7.848136,7.297033,7.614548,-4.081971,0.1198998,4
2014-01-11 18:03:00,0.1835581,2.694553,122.3447,10.95815,13.41369,11.25913,0.009575902,2.582073,0.02498299,11.93919,7.593467,7.034274,7.338460999999999,-4.021979,0.1199225,4
2014-01-11 18:04:00,0.1836558,2.698542,122.3391,10.77881,13.41369,11.23465,0.009803901,2.616273,0.0288037499999999,11.90419,7.361408,6.795572,7.187318,-4.142052,0.1197011999999999,4
2014-01-11 18:05:00,0.1837285999999999,2.708222,122.3825,10.54228,13.41828,11.21771,0.007979922,2.433876,0.01996146,11.86896,7.207150999999999,6.66818,7.087743,-4.262103,0.1197171,4
2014-01-11 18:06:00,0.1835384999999999,2.708921,122.35,10.26376,13.41874,11.18382,0.01117189,2.667574,0.02740023,11.80553,7.081297,6.587734,6.887909,-4.322131,0.1202773,4
2014-01-11 18:07:00,0.1833987,2.706205,122.3215,9.975554,13.4192,11.15388,0.0041039609999999,2.336978,0.009575273,11.71787,7.004869,6.545386,6.89323,-4.622262,0.1201239999999999,4
2014-01-11 18:08:00,0.1835112999999999,2.721278,122.3318,9.863668,13.4192,11.12319,0.0104879,2.593476,0.0266360999999999,11.61111,7.017297,6.608342,6.915617,-4.802349,0.1203469,4
2014-01-11 18:09:00,0.1835525,2.719528,122.3018,9.731156,13.4192,11.09119,0.01208389,2.582077,0.0283983499999999,11.51291,6.979141,6.567999,6.789967,-4.562283,0.1203425999999999,4
2014-01-11 18:10:00,0.1834967999999999,2.706921,122.3112,9.530335,13.42241,11.05354,0.0045599589999999,2.519377,0.01230439,11.42101,6.912767,6.473107,6.715747,-4.802406,0.1200778,4
2014-01-11 18:11:00,0.1836486,2.731205,122.303,9.364867,13.4247,11.02906,0.0056999499999999,2.713176,0.01623432,11.34788,6.835013,6.350476,6.6394,-4.622345,0.1205514,4
2014-01-11 18:12:00,0.1834907,2.719659,122.3138,9.231873,13.4247,10.98952,0.0072959369999999,2.593477,0.01852678,11.26606,6.741807,6.228701,6.530505,-4.80244,0.120621,4
2014-01-11 18:13:00,0.1835258999999999,2.710234,122.3464,9.214488,13.42562,10.95375,0.0054719529999999,2.827176,0.0157508799999999,11.22044,6.575502,5.988154,6.317862,-4.802471,0.1201239,4
2014-01-11 18:14:00,0.1835981999999999,2.704916,122.341,9.209067,13.42975,10.91497,0.0093479199999999,2.610578,0.0247959399999999,11.19437,6.344229,5.789412,6.066536,-5.042597,0.1199115999999999,4
2014-01-11 18:15:00,0.1834739,2.716789,122.3331,9.195387,13.43021,10.86866,0.007295939,2.730277,0.0216613699999999,11.14174,6.194994,5.693477,5.92791,-5.102645,0.1213351,4
2014-01-11 18:16:00,0.1834446999999999,2.710587,122.3251,9.236919,13.43021,10.83476,0.01025991,2.542178,0.02275301,11.06977,6.229867,5.77684,6.02121,-5.402788,0.1201973,4
2014-01-11 18:17:00,0.1835736,2.719364,122.3928,9.232929,13.43204,10.78958,0.0088919259999999,2.690377,0.02510785,10.97381,6.289656,5.7754,6.090272,-5.34272,0.1200654,4
2014-01-11 18:18:00,0.1836108999999999,2.727398,122.4155,9.376593,13.43525,10.74816,0.0093479219999999,2.730277,0.02425013,10.90419,6.440687,5.915165,6.372353,-5.282702,0.1206832,4
2014-01-11 18:19:00,0.1836579999999999,2.717501,122.3999,9.51526,13.43571,10.70109,0.006383948,2.36548,0.01389509,10.82327,6.598711,6.090414,6.458513,-4.742449,0.1203121,4
2014-01-11 18:20:00,0.1835902,2.735164,122.4552,9.630135,13.43571,10.6672,0.006383948,2.39968,0.01515828,10.77526,6.701231,6.155294,6.564613,-4.322244,0.1209718999999999,4
2014-01-11 18:21:00,0.1836221,2.708379,122.3927,9.662513,13.43571,10.62202,0.008207933,2.45668,0.0182928699999999,10.71244,6.867076,6.2957,6.709173,-4.322261,0.1198478999999999,4
2014-01-11 18:22:00,0.183644,2.727585,122.4742,9.301423,13.43571,10.58436,0.005471956,2.48518,0.0151115,10.6056,6.932975,6.365231,6.729567,-4.322272,0.1206557999999999,4
2014-01-11 18:23:00,0.1836488,2.72852,122.3835,9.083633,13.43984,10.54483,0.006839945,2.696078,0.01880751,10.51805,6.923741,6.306152,6.763001,-4.322287,0.1208429,4
2014-01-11 18:24:00,0.1835507999999999,2.72386,122.3711,9.324046,13.44121,10.50529,0.009575923,2.684678,0.02560691,10.47286,6.965679,6.35739,6.760859,-4.322299,0.1205517,4
2014-01-11 18:25:00,0.1837044999999999,2.727496,122.3801,9.193163,13.44121,10.4714,0.0004559963999999,2.582079,0.001793419,10.41001,6.976329,6.318928,6.779335,-4.202246,0.1206247,4
2014-01-11 18:26:00,0.1837465,2.750945,122.4661,9.217448,13.44167,10.4281,0.005927952,2.593479,0.01860478,10.36458,6.950488,6.283082,6.727164,-3.842035,0.1216429,4
2014-01-11 18:27:00,0.1835912,2.743039,122.4124,9.20795,13.44396,10.39233,0.01367989,2.45668,0.0341373499999999,10.32174,6.942189,6.263378,6.713168,-4.082146,0.1213153,4
2014-01-11 18:28:00,0.1834549,2.733048,122.4177,9.242589,13.44625,10.32455,0.005927952,2.576379,0.0149243699999999,10.26243,6.853189,6.184204,6.661121,-3.842038,0.1209754,4
2014-01-11 18:29:00,0.183678,2.719863,122.442,9.493887,13.44671,10.28313,0.0134518899999999,2.582079,0.0366013499999999,10.23797,6.83987,6.18011,6.634272,-4.202239,0.1202581,4
2014-01-11 18:30:00,0.1836899999999999,2.7309,122.465,9.577493,13.44671,10.24924,0.002735978,2.559279,0.008109374,10.22175,6.822258,6.162506,6.637296,-4.082192,0.1208348,4
2014-01-11 18:31:00,0.1837670999999999,2.728632,122.4848,9.534604000000002,13.44671,10.20782,0.003191975,2.325581,0.01033945,10.18598,6.795547,6.128646,6.581404,-3.661972,0.1206338,4
2014-01-11 18:32:00,0.183778,2.732382,122.502,9.533941,13.44671,10.17017,0.006611947,2.52508,0.0178874099999999,10.15751,6.788966,6.152685,6.599012,-3.722017,0.1208104,4
2014-01-11 18:33:00,0.1838307999999999,2.713974,122.4732,9.470139,13.44809,10.13063,0.0118559,2.644779,0.03167335,10.12504,6.717163,6.05658,6.525049,-3.661989,0.120389,4
2014-01-11 18:34:00,0.1836704999999999,2.719229,122.4267,9.479405000000002,13.45038,10.09863,0.004559963,2.735978,0.01430057,10.11495,6.653656,6.007954,6.46508,-3.601969,0.1206639999999999,4
2014-01-11 18:35:00,0.1836231,2.726373,122.4295,9.404462,13.45222,10.05721,0.0109439099999999,2.433881,0.02591881,10.08272,6.565716,5.959804,6.354328,-3.361839,0.1207481,4
2014-01-11 18:36:00,0.1835627,2.729634,122.3393,9.36461,13.45263,10.01955,0.0022799819999999,2.673279,0.005458232,10.0592,6.448048,5.819193,6.208843,-3.36185,0.120629,4
2014-01-11 18:37:00,0.1836972,2.747851,122.4413,9.340194,13.45267,9.983782,0.0088919289999999,2.405381,0.02245673,10.03899,6.320911,5.686203,6.08378,-3.601983,0.1218475,4
2014-01-11 18:38:00,0.1836151,2.739136,122.4066,9.194905,13.4535,9.940479,0.009575923,2.661879,0.0260747599999999,9.992867,6.256512,5.696551,6.033594,-3.601993,0.1207139,4
2014-01-11 18:39:00,0.1835367,2.749773,122.4556,9.094426,13.45395,9.908472,-0.001595987,2.627679,-0.001621875,9.946015,6.276278,5.732732,6.123884,-3.601996,0.1216409,4
2014-01-11 18:40:00,0.1838073,2.734179,122.496,8.844495999999998,13.45608,9.874586,0.0061559509999999,2.639079,0.01600042,9.893746,6.259448,5.696672,6.084265,-3.66206,0.120966,4
2014-01-11 18:41:00,0.1838698,2.746367,122.4766,8.487873999999998,13.45885,9.836928,0.01071591,2.46238,0.0273223499999999,9.803053,6.227931,5.676525,6.009288,-3.722096,0.1215688999999999,4
2014-01-11 18:42:00,0.1837950999999999,2.750595,122.5164,8.267383,13.45906,9.799276,0.0088919289999999,2.536479,0.0242813399999999,9.725084,6.167192,5.559398,5.982004,-4.262423,0.1205476999999999,4
2014-01-11 18:43:00,0.1839139999999999,2.743243,122.5114,8.207171,13.45917,9.759173,-5.820766e-11,2.701778,-4.678476e-05,9.667998,6.092633,5.496166,5.913832,-3.782152,0.1206917,4
2014-01-11 18:44:00,0.1837493,2.751353,122.4949,8.201062,13.45971,9.722460000000002,0.0125399,2.49088,0.0313302499999999,9.602275,6.065674,5.521233,5.89114,-4.082335,0.1218574,4
2014-01-11 18:45:00,0.1838432999999999,2.754815,122.5822,8.462899,13.45983,9.681041,0.003191975,2.770178,0.0097780339999999,9.54245,6.156424,5.615635,6.001153,-4.142379,0.1206361,4
2014-01-11 18:46:00,0.183735,2.715094,122.504,8.615415,13.46022,9.645267,0.0088919289999999,2.47378,0.02325207,9.510204000000002,6.185878,5.655805,6.020642,-4.082372,0.1201432,4
2014-01-11 18:47:00,0.1837323999999999,2.723323,122.4625,8.548877,13.46173,9.609499,0.0061559509999999,2.815777,0.01773146,9.468057000000002,6.18258,5.585483,6.021613,-3.902282,0.1201629,4
2014-01-11 18:48:00,0.183728,2.735256,122.4428,8.534703999999998,13.46521,9.566193,0.009575923,2.48518,0.02538858,9.419073,6.19301,5.643673,6.033468,-3.842278,0.1206955,4
2014-01-11 18:49:00,0.183559,2.741383,122.4247,8.669615999999998,13.46624,9.534189,0.0061559509999999,2.707478,0.0144409199999999,9.387063,6.302561,5.822475,6.135933,-3.782263,0.1210943,4
2014-01-11 18:50:00,0.183804,2.744966,122.4444,8.603232999999998,13.46692,9.487125,0.005927952,2.564979,0.01589126,9.331496,6.325773,5.78301,6.119987,-3.782293,0.1212365,4
2014-01-11 18:51:00,0.1837206,2.746335,122.4702,8.752897,13.46657,9.458505,0.004331965,2.411081,0.01069814,9.317733,6.405872,5.863185,6.2229,-3.842341,0.1205248,4
2014-01-11 18:52:00,0.1837828,2.741047,122.5045,9.095359,13.46672,9.415956,-0.001367989,2.48518,-0.0041638509999999,9.318357,6.515375,5.865208,6.310369,-3.602209,0.1210958,4
2014-01-11 18:53:00,0.1837436,2.747165,122.4623,9.479936,13.4682,9.385834,0.003419973,2.753078,0.008857932,9.333533,6.612459,5.943886,6.433827,-3.302042,0.1219105999999999,4
2014-01-11 18:54:00,0.1836845,2.762079,122.5233,9.48692,13.47152,9.35006,0.0091199269999999,2.730278,0.02390706,9.328197,6.559408,5.845872,6.346587,-3.302056,0.1213128,4
2014-01-11 18:55:00,0.1837691999999999,2.756855,122.4886,9.376104,13.47162,9.316174,0.004559963,2.678978,0.01213287,9.316964,6.470507,5.70767,6.283993,-3.121963,0.1218676,4
2014-01-11 18:56:00,0.1839145,2.749542,122.5155,9.30486,13.47215,9.289814,0.001823985,2.621979,0.0048344349999999,9.309011000000002,6.352151,5.654009,6.165594,-2.941863,0.1207239,4
2014-01-11 18:57:00,0.1839421,2.741308,122.5175,9.234357,13.47269,9.25423,0.005699954,2.684678,0.0150803199999999,9.295377,6.326246,5.654427,6.1354,-2.881846,0.1210111,4
2014-01-11 18:58:00,0.1838294,2.746051,122.5,9.109161,13.47274,9.222414,0.0050159599999999,2.610579,0.01425378,9.275601,6.338352,5.737108,6.184542,-2.881856,0.1214086,4
2014-01-11 18:59:00,0.183848,2.754952,122.5283,8.922581,13.47281,9.199823,0.0077519379999999,2.627679,0.0220980399999999,9.256551,6.371294,5.734477,6.231742,-2.881879,0.1217931,4
2014-01-11 19:00:00,0.1838809,2.749403,122.5535,8.568576,13.47285,9.169696,0.005927952,2.713178,0.0166242199999999,9.21085,6.343181,5.702063,6.191516,-2.941926,0.1215944,4
2014-01-11 19:01:00,0.1840145,2.747828,122.5832,8.433564,13.47291,9.133926,0.007523939,2.764478,0.01996154,9.144635,6.354908,5.76511,6.222469,-3.122067,0.1206349,4
2014-01-11 19:02:00,0.1839302999999999,2.754183,122.5906,8.508465,13.47293,9.113218,0.0088919289999999,2.604879,0.02460883,9.119678,6.404566,5.789173,6.235116,-3.242154,0.1209221,4
2014-01-11 19:03:00,0.1841195999999999,2.753291,122.6674,8.357943,13.47437,9.084785,0.005471956,2.713178,0.01489318,9.067875,6.400181,5.816851,6.24426,-3.122099,0.1211243,4
2014-01-11 19:04:00,0.1840143999999999,2.761765,122.6614,8.65286,13.47667,9.051462,0.0025079799999999,2.718878,0.0064874989999999,9.043759,6.546765,5.94721,6.432174,-3.122104,0.1218273,4
2014-01-11 19:05:00,0.1839359,2.757474,122.6549,8.82093,13.47855,9.032637,0.005699954,2.747378,0.01568852,9.049016000000002,6.643093,5.964559,6.477989,-3.182169,0.12167,4
2014-01-11 19:06:00,0.1837440999999999,2.766547,122.5301,8.97958,13.47856,8.998746,0.007067943,2.656179,0.01688933,9.038501,6.734268,6.060837,6.592675,-2.881966,0.1211458,4
2014-01-11 19:07:00,0.1838873,2.748,122.6079,9.088439,13.4786,8.97427,0.0120839,2.804377,0.0330145099999999,9.025364,6.812738,6.07598,6.619926,-2.881988,0.1220392,4
2014-01-11 19:08:00,0.1839762,2.752881,122.636,9.003881,13.4786,8.946032,0.004331965,2.46808,0.01334928,9.007754,6.837742,6.10387,6.630709,-2.88199,0.1223312,4
2014-01-11 19:09:00,0.1838226,2.76131,122.5667,8.876471999999998,13.47864,8.927016999999998,0.003419973,2.696078,0.01041743,8.990864999999998,6.830822,6.083435,6.601735,-2.882008,0.1216098,4
2014-01-11 19:10:00,0.1839595,2.751219,122.6017,8.651901,13.48095,8.899343,0.006611947,2.599179,0.01707647,8.954694,6.708412,5.876772,6.437988,-2.821967,0.1213465,4
2014-01-11 19:11:00,0.1840312,2.762916,122.6113,8.508948,13.48197,8.874864,0.008435932,2.51938,0.02155222,8.928093,6.468874,5.631862,6.191917,-3.002109,0.121333,4
2014-01-11 19:12:00,0.1840377,2.753759,122.6614,8.492508,13.48382,8.854155,0.003419973,2.593479,0.0097000599999999,8.913056,6.245875,5.454154,5.965234,-3.362365,0.1205969,4
2014-01-11 19:13:00,0.1841088999999999,2.749774,122.6635,8.665018,13.48344,8.824034,0.007979936,2.758778,0.02122473,8.899235,6.144375,5.431662,6.008314,-3.542507,0.1215263,4
2014-01-11 19:14:00,0.1841044,2.754451,122.644,9.155179,13.48392,8.800689999999998,0.006839945,2.48518,0.0179186,8.912029999999998,6.23414,5.547218,6.061777,-3.482468,0.121508,4
2014-01-11 19:15:00,0.1839436999999999,2.746732,122.6115,9.258794,13.48398,8.771691,0.007523939,2.621979,0.0190258399999999,8.906423,6.303236,5.638495,6.110953,-2.882052,0.1211681,4
2014-01-11 19:16:00,0.1838171,2.760338,122.5893,9.268959,13.48385,8.754747,0.006839945,2.639079,0.01832407,8.907199,6.423578,5.684839,6.1943,-3.18227,0.1219551,4
2014-01-11 19:17:00,0.1839139999999999,2.770304,122.5896,9.279001,13.48358,8.728391999999998,0.004559963,2.47378,0.01274107,8.900698,6.40342,5.6468,6.116424,-3.062192,0.1215336,4
2014-01-11 19:18:00,0.1839586,2.75594,122.5847,9.181582,13.48363,8.705801,-0.001823985,2.50798,-0.004226231,8.88378,6.240515,5.529324,5.916391,-3.242325,0.1212608,4
2014-01-11 19:19:00,0.1839769,2.756715,122.6428,8.950331999999998,13.48372,8.681321,0.0072959419999999,2.564979,0.0199303499999999,8.865679999999998,6.047198,5.467004,5.722256,-3.542547,0.1216675,4
2014-01-11 19:20:00,0.1836722,2.759189,122.5894,9.031691,13.48377,8.665694,0.004331965,2.650479,0.0124759599999999,8.848642,6.068535,5.455563,5.849085,-3.542551,0.1224187999999999,4
2014-01-11 19:21:00,0.1838414999999999,2.750769,122.6061,9.244672,13.48383,8.638396999999998,0.0061559509999999,2.53078,0.01827728,8.827733,6.172165,5.489433,5.96986,-3.6026,0.1214953,4
2014-01-11 19:22:00,0.1839241,2.760851,122.6631,9.448009,13.48434,8.615806,0.002540933,2.633379,0.01180538,8.81578,6.205723,5.485239,5.994161,-3.602616,0.1221978,4
2014-01-11 19:23:00,0.1838827,2.772035,122.6284,9.143744000000002,13.48392,8.589443,0.006839945,2.616279,0.0220356599999999,8.780925,5.993317,5.28467,5.700419,-3.542588,0.1221388999999999,4
2014-01-11 19:24:00,0.1839672,2.76349,122.6708,9.107833,13.48488,8.570617999999998,0.007523939,2.707478,0.0200707,8.767777,5.905273,5.215059,5.650824,-3.422512,0.1215779,4
2014-01-11 19:25:00,0.1839948999999999,2.75017,122.7078,9.072874,13.48675,8.542754999999998,0.0077519379999999,2.45098,0.02002392,8.751265999999998,5.840918,5.15561,5.629926,-3.422522,0.1215341,4
2014-01-11 19:26:00,0.1841358999999999,2.775807,122.7462,9.064389,13.48862,8.516399,0.002735978,2.559279,0.009091856,8.740520999999998,5.797237,5.157526,5.607613,-3.542619,0.121836,4
2014-01-11 19:27:00,0.1842149999999999,2.772626,122.7734,8.908395,13.4891,8.499454999999998,0.0061559509999999,2.41678,0.0169985,8.732095,5.7488,5.088326,5.481426,-3.422534,0.1212262,4
2014-01-11 19:28:00,0.1841568,2.776925,122.7842,8.57356,13.48959,8.474976,0.003191974,2.49088,0.008234134,8.697696,5.65157,4.970295,5.454048,-3.302451,0.1219746,4
2014-01-11 19:29:00,0.1841281999999999,2.771296,122.7834,8.307216,13.4896,8.452762,0.005699954,2.582079,0.01495556,8.657059,5.729071,5.171361,5.557966,-3.422542,0.1222073,4
2014-01-11 19:30:00,0.1841248,2.770849,122.7524,8.156782,13.48963,8.43017,0.006839945,2.758778,0.0200707,8.620298,5.721326,5.078686,5.505296,-3.182366,0.1212483,4
2014-01-11 19:31:00,0.1839831,2.758466,122.7129,8.054112,13.48964,8.413227,0.005243958,2.741678,0.01422259,8.583510999999998,5.694315,5.018812,5.456877,-3.302457,0.1222207,4
2014-01-11 19:32:00,0.1840447,2.756561,122.7054,8.076959,13.49058,8.392512,0.004559963,2.747378,0.0126631,8.55855,5.65209,4.945119,5.378971,-3.422567,0.1221183,4
2014-01-11 19:33:00,0.184176,2.786315,122.7285,8.02844,13.49196,8.366156,0.0098039219999999,2.707478,0.02605916,8.522275,5.497247,4.744372,5.231898,-3.482615,0.1214636999999999,4
2014-01-11 19:34:00,0.1841444999999999,2.764524,122.7635,8.217907999999998,13.49428,8.342059,0.01048792,2.587779,0.0275562799999999,8.498896,5.454468,4.734381,5.271147,-3.662764,0.1213816,4
2014-01-11 19:35:00,0.1840939,2.766653,122.787,8.258807,13.49428,8.325115,0.002051984,2.388281,0.007345222,8.474866999999998,5.411755,4.725176,5.285493,-3.902947,0.1217283,4
2014-01-11 19:36:00,0.1841184999999999,2.774295,122.7981,8.46897,13.49522,8.302524,0.005471956,2.684678,0.01461247,8.450160999999998,5.41957,4.910057,5.410297,-3.842934,0.1217966,4
2014-01-11 19:37:00,0.1842178999999999,2.795963,122.853,8.930697999999998,13.49522,8.276161,0.0001318116,2.325581,0.0040858769999999,8.472032,5.493639,4.951358,5.512896,-3.842935,0.1229222,4
2014-01-11 19:38:00,0.1841386,2.768522,122.8498,8.957656,13.49523,8.24604,0.0118559,2.49088,0.0276342499999999,8.473119,5.426377,4.774805,5.285134,-3.602766,0.1220304,4
2014-01-11 19:39:00,0.1841296,2.792878,122.7906,8.426811,13.49523,8.229661999999998,0.005243958,2.753078,0.01439414,8.452493,5.305764,4.703326,5.045312,-3.602768,0.1219585,4
2014-01-11 19:40:00,0.1841827,2.763021,122.7825,7.705863,13.49524,8.203117,0.006611947,2.741678,0.01893227,8.397591999999998,5.190587,4.640878,4.892953,-3.482702,0.1217004,4
2014-01-11 19:41:00,0.1842509,2.766705,122.76,7.360558,13.4957,8.176757,-0.001823985,2.582079,-0.004148256,8.343579,4.992778,4.488595,4.683609,-3.602798,0.1224163999999999,4
2014-01-11 19:42:00,0.1842205,2.779622,122.8155,7.240681999999999,13.49754,8.148516,0.004331965,2.764478,0.01096325,8.289104,4.841519,4.362196,4.592268,-3.903042,0.1218581,4
2014-01-11 19:43:00,0.1842322999999999,2.744016,122.8577,7.233527999999998,13.5003,8.12423,0.0082079349999999,2.661879,0.02002392,8.254893,4.704242,4.226231,4.489939,-4.14323,0.1217864,4
2014-01-11 19:44:00,0.1842716,2.775512,122.8364,7.272944,13.50076,8.094295,0.004331965,2.51368,0.0120549,8.227804,4.554805,4.137431,4.348303,-4.083185,0.122374,4
2014-01-11 19:45:00,0.1843597999999999,2.782728,122.8417,7.369391,13.50077,8.064168999999998,0.0025079799999999,2.570679,0.006128815,8.206203999999998,4.485826,4.094847,4.254274,-4.203286,0.1223094,4
2014-01-11 19:46:00,0.1843395999999999,2.764541,122.9005,7.508212999999999,13.50169,8.037812,0.0022799819999999,2.696078,0.004772054,8.184827999999998,4.399118,4.054545,4.129626,-4.143254,0.12129,4
2014-01-11 19:47:00,0.1843157,2.777212,122.9127,7.500422999999999,13.50444,8.004303,0.004787961,2.564979,0.01138431,8.14352,4.41617,4.063743,4.164564,-4.083209,0.1220775,4
2014-01-11 19:48:00,0.1843276,2.767698,122.8665,7.277840999999999,13.50628,7.974176,0.004559963,2.730278,0.01384832,8.102043999999998,4.289422,3.846083,4.089249,-4.143259,0.1216125,4
2014-01-11 19:49:00,0.1841901,2.780557,122.8587,6.930337,13.50628,7.945935999999999,-0.0036479709999999,2.45098,-0.0064875,8.053229,4.162339,3.708163,3.939947,-4.323411,0.1222332,4
2014-01-11 19:50:00,0.1840469999999999,2.791036,122.869,6.666357,13.50628,7.916191,0.0025079799999999,2.433881,0.00620679,7.997228,4.10522,3.670318,3.962198,-4.323425,0.1226145,4
2014-01-11 19:51:00,0.1841384,2.761588,122.8398,6.317708,13.50628,7.880791999999999,0.0061559509999999,2.593479,0.01423819,7.893681,4.073828,3.668237,3.934372,-4.323442,0.1214325,4
2014-01-11 19:52:00,0.1841695,2.791696,122.8802,5.92465,13.50629,7.85067,0.0036479709999999,2.308481,0.00759474,7.769831,4.021292,3.642132,3.808853,-4.32346,0.1227226,4
2014-01-11 19:53:00,0.1840552,2.778211,122.8554,6.713265,13.50629,7.813018999999999,0.0038759689999999,2.644779,0.01047981,7.746379,4.151409,3.845314,4.092754,-4.323483,0.1221932,4
2014-01-11 19:54:00,0.1840361,2.758862,122.8472,7.691902,13.50812,7.784023,0.005699954,2.50228,0.01453449,7.777034999999999,4.291643,4.023531,4.313798,-4.3235,0.1213822,4
2014-01-11 19:55:00,0.184066,2.78175,122.8402,7.745464,13.51133,7.747498,0.005471956,2.342681,0.01242917,7.771047,4.285481,3.941541,4.236152,-4.083331,0.1224045,4
2014-01-11 19:56:00,0.1841781,2.781594,122.8704,7.674664,13.5118,7.711729,0.0063839489999999,2.724578,0.0170140899999999,7.751617,4.211525,3.898297,4.139312,-3.602951,0.1223235,4
2014-01-11 19:57:00,0.1842975,2.787964,122.8907,7.644796999999999,13.51225,7.679722,0.007979936,2.633379,0.02072569,7.736657,4.250206,4.02211,4.108645,-3.963275,0.1218125999999999,4
2014-01-11 19:58:00,0.1840879,2.793037,122.8774,7.801529,13.51226,7.64056,0.001367989,2.604879,0.00318137,7.725198,4.320205,4.154356,4.029224,-3.602986,0.1230458,4
2014-01-11 19:59:00,0.1842753,2.778165,122.899,7.504953,13.51363,7.612885999999999,0.003419973,2.582079,0.01046421,7.707472,4.290922,4.059269,3.901222,-3.182658,0.1222186,4
2014-01-11 20:00:00,0.1842098,2.778952,122.8739,6.360574,13.51455,7.558284999999999,0.0063839489999999,2.587779,0.0179341899999999,7.595342999999998,3.962834,3.695992,3.564313,-3.302767,0.1219921,4
2014-01-11 20:01:00,0.1840445,2.785455,122.86,5.606781,13.51684,7.518938,-0.0025079799999999,2.599179,-0.0057857259999999,7.492765999999999,3.689318,3.453129,3.317811,-3.542994,0.1228194,4
2014-01-11 20:02:00,0.1841496,2.788437,122.8995,5.275113,13.5173,7.483167,-0.0004559963999999,2.399681,-0.0008889123,7.368876,3.560263,3.408505,3.324732,-3.723151,0.1223561,4
2014-01-11 20:03:00,0.1841673,2.786162,122.8862,5.879035,13.5173,7.439863,0.002051984,2.639079,0.007735095,7.317745,3.643309,3.535237,3.579603,-4.143536,0.1226617,4
2014-01-11 20:04:00,0.1841782999999999,2.77383,122.8649,6.446997,13.51776,7.404847,0.0091199269999999,2.593479,0.02281541,7.295516,3.76261,3.677449,3.799811,-4.323692,0.1217083999999999,4
2014-01-11 20:05:00,0.1840453,2.776387,122.8524,7.049059,13.52143,7.365309,0.0011399909999999,2.53078,0.0021209129999999,7.290797999999999,4.073136,4.192541,4.18468,-4.323722,0.122271,4
2014-01-11 20:06:00,0.1840408,2.79099,122.8444,7.575255,13.52281,7.327654,0.0113999099999999,2.49658,0.0281956699999999,7.312137,4.341982,4.484197,4.517067,-3.663155,0.1225477,4
2014-01-11 20:07:00,0.1841063,2.785544,122.8565,7.521433,13.52281,7.295273,0.002735978,2.45668,0.0055362069999999,7.320272,4.47888,4.568183,4.537469,-3.062655,0.1226673,4
2014-01-11 20:08:00,0.1840537999999999,2.763765,122.7651,7.506721,13.52281,7.258371999999999,0.0091199269999999,2.576379,0.0229401699999999,7.31536,4.406047,4.359591,4.38317,-2.642292,0.1218378,4
2014-01-11 20:09:00,0.1841247,2.773314,122.8017,7.280718,13.52281,7.238412,0.004559963,2.43958,0.01277226,7.321702,4.42954,4.400952,4.420957,-2.221938,0.1221964,4
2014-01-11 20:10:00,0.1841772999999999,2.782841,122.783,6.710187,13.52372,7.209797,0.0077519379999999,2.399681,0.01809014,7.268212,4.331441,4.2378,4.287122,-2.402097,0.1227283,4
2014-01-11 20:11:00,0.1841151,2.768447,122.8942,6.585144,13.52372,7.18363,0.0063839489999999,2.314181,0.0161095799999999,7.227831,4.287944,4.164981,4.290801,-2.70237,0.1218466,4
2014-01-11 20:12:00,0.1843375999999999,2.783957,122.9461,6.5439,13.52556,7.157461,0.0006839946,2.42818,0.0008733172999999,7.199532,4.228036,4.107202,4.223744,-2.822478,0.1222924,4
2014-01-11 20:13:00,0.1843572,2.788343,122.994,6.425786,13.52602,7.131098,0.001823985,2.610579,0.002682331,7.148997,4.279454,4.148623,4.274447,-2.88254,0.122374,4
2014-01-11 20:14:00,0.1844309,2.798811,122.9955,6.788141,13.52739,7.107378,0.0038759689999999,2.564979,0.01178978,7.133811,4.472843,4.397086,4.690727,-2.882543,0.1228084,4
2014-01-11 20:15:00,0.1832834,2.756373,122.0286,7.312804,13.52831,7.08441,0.006839945,2.570679,0.0167333799999999,7.179817,4.739753,4.692601,5.015377,-3.122762,0.122647,4
2014-01-11 20:16:00,0.182475,2.735322,121.718,7.550798,13.52785,7.065584,0.0002279982,2.604879,0.0015750899999999,7.237068,4.956536,4.867284,5.262022,-3.00266,0.1225469,4
2014-01-11 20:17:00,0.1823785,2.727258,121.7157,8.181535,13.52785,7.045251,0.001367989,2.43388,0.003914332,7.319103,5.264483,5.193839,5.575493,-3.062718,0.1222915,4
2014-01-11 20:18:00,0.1823983999999999,2.731099,121.6758,8.771466999999998,13.52831,7.028301,0.007295941,2.49658,0.01957166,7.412328999999999,5.519272,5.29385,5.860788,-2.582294,0.1220386,4
2014-01-11 20:19:00,0.1825210999999999,2.729345,121.6844,8.892832999999998,13.52831,7.022654,0.005471956,2.770178,0.0173259899999999,7.469225,5.662639,5.455805,5.68902,-2.582298,0.1222894,4
2014-01-11 20:20:00,0.1823813,2.717449,121.6693,8.90306,13.52831,7.005711,0.01003192,2.51938,0.0237667,7.526911,5.803208,5.646353,5.602146,-2.22198,0.1218912999999999,4
2014-01-11 20:21:00,0.1822795,2.74101,121.6371,8.806765999999998,13.52831,7.005711,0.002051984,2.570679,0.006783804,7.582331,5.799639,5.661327,5.505867,-2.221982,0.1221648,4
2014-01-11 20:22:00,0.1823631,2.727326,121.634,8.777106,13.52831,6.98312,0.002051984,2.43388,0.0062535749999999,7.624414,5.812645,5.694301,5.466812,-2.161931,0.1228801999999999,4
2014-01-11 20:23:00,0.1823606,2.719772,121.6049,8.600129,13.52647,6.98312,0.0004559963,2.46238,-0.0008109376999999,7.681241,5.820488,5.695017,5.419738,-1.981772,0.1222316,4
2014-01-11 20:24:00,0.1822473,2.726478,121.5887,8.72865,13.52739,6.98312,-0.001367989,2.639079,-0.0019805589999999,7.738095999999999,5.890293,5.789784,5.418953,-2.161935,0.1229354,4
2014-01-11 20:25:00,0.1822999999999999,2.76041,121.5507,8.646618999999998,13.52464,6.98312,-0.0004559963999999,2.53648,-0.0032281549999999,7.783569,5.899534,5.838938,5.330454,-2.101882,0.1238178999999999,4
2014-01-11 20:26:00,0.1822841,2.727825,121.5594,8.575896,13.52418,6.98312,0.002963976,2.678978,0.01010553,7.831826999999999,5.961582,5.888168,5.334087,-2.161937,0.1222147,4
2014-01-11 20:27:00,0.1823679,2.733703,121.5599,8.553025,13.52281,6.98312,0.001367989,2.50798,0.001169621,7.86519,6.025018,5.988673,5.375493,-2.161938,0.122966,4
2014-01-11 20:28:00,0.1823719,2.741313,121.6142,8.380264,13.52326,6.98312,0.002051984,2.599179,0.002074129,7.869455999999999,6.001495,5.880339,5.294143,-2.16194,0.1229253,4
2014-01-11 20:29:00,0.182335,2.765212,121.6578,8.312172999999998,13.52281,6.981426,0.0009119926999999,2.815777,0.0028382799999999,7.870606,5.964169,5.842293,5.232502,-2.282048,0.1232751,4
2014-01-11 20:30:00,0.1822979,2.745382,121.6554,8.31004,13.52326,6.981426,0.0009119926999999,2.792977,0.00160628,7.869194,5.855823,5.7439,5.049773,-2.221996,0.1226183,4
2014-01-11 20:31:00,0.1823286,2.749991,121.6761,8.330297,13.52281,6.98312,-0.002963976,2.49088,-0.0051619279999999,7.859526,5.673588,5.512416,4.954375,-2.762481,0.123263,4
2014-01-11 20:32:00,0.1824653,2.755376,121.7087,8.153544999999998,13.52281,6.976343,0.0050159599999999,2.604879,0.0140042599999999,7.840683,5.508487,5.3701,4.981142,-2.882591,0.123457,4
2014-01-11 20:33:00,0.1824357,2.752962,121.726,8.037431,13.52281,6.98312,0.006839945,2.599179,0.01826169,7.831115999999998,5.359062,5.224199,4.748719,-2.822537,0.1224712,4
2014-01-11 20:34:00,0.1825957,2.753008,121.7418,7.891371999999999,13.52281,6.976343,0.0004559963,2.52508,0.002370432,7.802378,5.125237,4.935335,4.588919,-3.062755,0.122877,4
2014-01-11 20:35:00,0.1824909,2.74738,121.7199,7.726104,13.52281,6.966177,0.003191974,2.46238,0.0082809189999999,7.763105,4.914432,4.736599,4.391483,-2.882592,0.1234017,4
2014-01-11 20:36:00,0.1824807,2.755572,121.7224,7.577537999999999,13.52281,6.962788,0.0004559963999999,2.342681,-3.118992e-05,7.729144,4.836151,4.799014,4.45609,-3.603242,0.1239032,4
2014-01-11 20:37:00,0.1824417999999999,2.745931,121.7578,7.585403,13.52281,6.962788,0.004787961,2.228682,0.008187349,7.702152,4.829725,4.805443,4.512552,-3.663296,0.1238361999999999,4
2014-01-11 20:38:00,0.1824171,2.738485,121.7236,7.569480999999999,13.52326,6.959023,0.0006839945,2.50228,0.0003586837,7.671398,4.742387,4.666669,4.311519,-3.663298,0.1229734,4
2014-01-11 20:39:00,0.1824899,2.755364,121.7551,7.484168999999999,13.52418,6.940197,0.0011399909999999,2.53078,0.003415294,7.622051,4.524875,4.411966,4.063084,-4.083677,0.1229082,4
2014-01-11 20:40:00,0.1825821,2.763024,121.7762,7.471298,13.52464,6.940197,-0.0011399909999999,2.730278,-0.0058325119999999,7.597190999999999,4.340473,4.218942,3.932176,-3.843462,0.123257,4
2014-01-11 20:41:00,0.1825716,2.759391,121.7975,7.490609,13.52556,6.940197,0.004559963,2.53648,0.009544109,7.575878,4.213937,4.060912,3.952914,-3.783407,0.1234164,4
2014-01-11 20:42:00,0.1826794999999999,2.773098,121.85,7.558866,13.52647,6.917599,0.007523939,2.639079,0.02172376,7.53981,4.104691,3.943053,3.863645,-3.843462,0.1240357,4
2014-01-11 20:43:00,0.1826776,2.764732,121.8465,7.592479,13.52647,6.917599,0.003419973,2.633379,0.0086240069999999,7.522762,4.156871,3.990955,3.972355,-3.843462,0.1237467,4
2014-01-11 20:44:00,0.1825305999999999,2.75929,121.8314,7.399829,13.52831,6.915905,0.004559963,2.684678,0.0117274,7.496918,4.147263,3.919823,3.928407,-3.903517,0.1236579,4
2014-01-11 20:45:00,0.1826319999999999,2.762255,121.8049,7.19758,13.52831,6.898961,0.005699954,2.52508,0.0151270999999999,7.445865999999999,4.068806,3.736158,3.779093,-4.203788,0.1240678,4
2014-01-11 20:46:00,0.1825988,2.755874,121.8287,6.996904,13.52785,6.897266,0.004559963,2.51368,0.01177419,7.40791,3.989967,3.647983,3.665158,-4.08368,0.1242477,4
2014-01-11 20:47:00,0.1827018,2.762129,121.8384,7.150072,13.52831,6.897266,0.0098039219999999,2.52508,0.0263866599999999,7.393691999999999,3.980689,3.652295,3.769652,-4.323897,0.1233255,4
2014-01-11 20:48:00,0.1826309999999999,2.759198,121.8117,7.356029999999999,13.52831,6.887854,-0.0006839945,2.696078,-0.0008889123999999,7.373624999999999,4.039903,3.76736,3.796696,-4.444005,0.1240663,4
2014-01-11 20:49:00,0.1826426999999999,2.76586,121.8174,7.690403,13.52831,6.874676,0.001595987,2.758778,0.005567397,7.361175,4.226841,4.019475,3.887154,-4.444006,0.1239105,4
2014-01-11 20:50:00,0.1825782,2.761619,121.8449,8.050154,13.52831,6.857733,0.002735978,2.639079,0.005520612,7.362731,4.322031,4.118272,3.855067,-4.023628,0.1241086,4
2014-01-11 20:51:00,0.1824485999999999,2.767049,121.8122,8.048812,13.52831,6.852085,0.0006839945,2.735978,0.002557572,7.368464,4.294899,4.06539,3.739902,-3.603249,0.1241236,4
2014-01-11 20:52:00,0.1824849,2.759207,121.8172,8.00633,13.52877,6.845308,0.009575923,2.724578,0.02713521,7.368092,4.227315,3.99849,3.584934,-3.603249,0.1233226,4
2014-01-11 20:53:00,0.1825596999999999,2.768167,121.8535,7.87492,13.52831,6.831753,0.005243958,2.639079,0.01341166,7.357406,4.152854,3.909685,3.487462,-3.603249,0.1239738,4
2014-01-11 20:54:00,0.1825392999999999,2.76277,121.8742,7.618791,13.52831,6.812921,0.0038759689999999,2.673279,0.009965173,7.32225,4.014465,3.774095,3.363932,-3.423086,0.1238112,4
2014-01-11 20:55:00,0.1825923999999999,2.763307,121.869,7.301745,13.52923,6.809155,0.002051984,2.827177,0.002682522,7.295732,3.855503,3.603615,3.209811,-3.603249,0.1230948,4
2014-01-11 20:56:00,0.1826243999999999,2.764194,121.8766,7.081048,13.52969,6.795977,0.004103967,2.49088,0.0093725649999999,7.262659,3.717771,3.537411,3.154306,-3.603249,0.1242172,4
2014-01-11 20:57:00,0.1826742,2.771229,121.9275,6.899046,13.53014,6.781481,0.0022799819999999,2.872777,0.005738941,7.23254,3.590091,3.388205,3.102433,-3.90352,0.1244803,4
2014-01-11 20:58:00,0.1827710999999999,2.778196,121.9431,6.67897,13.53336,6.766232,0.0061559509999999,2.701778,0.01590685,7.183177,3.421547,3.258275,2.906507,-3.963574,0.1244358,4
2014-01-11 20:59:00,0.1826578,2.770368,121.9295,6.440006,13.53381,6.743641,1.940255e-11,2.867077,-0.0003274939,7.124342,3.321458,3.181795,2.933885,-4.383953,0.1232745,4
2014-01-11 21:00:00,0.182783,2.785004,121.9649,6.388908,13.53381,6.724809,-0.001823985,2.621979,-0.006612258,7.082056,3.336876,3.182889,3.038172,-4.383953,0.1229649,4
2014-01-11 21:01:00,0.1828905999999999,2.786787,122.0281,5.965414,13.53381,6.719348,0.006611947,2.696078,0.01663981,6.988406,3.380807,3.239727,3.061354,-4.624169,0.1239903,4
2014-01-11 21:02:00,0.1829378999999999,2.784283,122.0406,5.726784,13.53519,6.698828,0.001367989,2.696078,0.003649218,6.871151,3.505498,3.398102,3.246279,-4.383953,0.1245697,4
2014-01-11 21:03:00,0.1829374,2.769138,121.9999,6.067581,13.53886,6.67812,0.004331965,2.667578,0.01199252,6.80919,3.729349,3.509611,3.478826,-4.20379,0.124098,4
2014-01-11 21:04:00,0.1828805,2.770301,122.046,6.265438,13.53932,6.663059,0.004331965,2.616279,0.01384832,6.771362,3.865912,3.58968,3.61616,-4.083682,0.1238347999999999,4
2014-01-11 21:05:00,0.1828714999999999,2.758615,122.0793,6.895615,13.53932,6.641974,0.0002279980999999,2.610579,-0.0005146337,6.77091,4.088791,3.7669,3.845598,-3.843466,0.1237025,4
2014-01-11 21:06:00,0.1828897999999999,2.778624,122.0826,6.930371,13.53932,6.635197,0.002051984,2.627679,0.004912409,6.762711,4.185655,3.745758,4.034752,-3.663303,0.1235051,4
2014-01-11 21:07:00,0.1828246,2.789299,122.1259,6.830182,13.53932,6.614481,0.0011399909999999,2.604879,0.0046940799999999,6.741291,4.22703,3.699867,4.005356,-3.603249,0.1241,4
2014-01-11 21:08:00,0.1828189,2.772127,122.0619,6.560679,13.53932,6.595655,0.001823985,2.570679,0.002510787,6.693293,4.189532,3.63156,3.991446,-3.48314,0.1238323,4
2014-01-11 21:09:00,0.1826367999999999,2.768282,121.9834,6.771282,13.53932,6.584925,0.001367989,2.633379,0.0025731669999999,6.691816,4.334599,3.829009,4.168742,-3.603249,0.1243254,4
2014-01-11 21:10:00,0.1826768,2.781241,121.9801,7.207734999999999,13.54024,6.569675,0.008435932,2.49658,0.02035141,6.716423,4.503667,3.94745,4.304264,-3.543195,0.1231238,4
2014-01-11 21:11:00,0.1828413999999999,2.765756,122.0201,7.828579,13.54161,6.548967,0.005699954,2.656179,0.01551697,6.746248,4.639337,4.088973,4.587172,-3.603249,0.1233608,4
2014-01-11 21:12:00,0.1830667,2.782366,122.074,8.176856,13.54069,6.547085,0.0006839945,2.604879,0.0005302279999999,6.789197,4.742433,4.067027,4.792426,-3.122815,0.1243265,4
2014-01-11 21:13:00,0.1829900999999999,2.789098,122.1245,7.954256,13.54299,6.545202,0.0002279982,2.684678,0.00166866,6.800842,4.696927,4.06579,4.815492,-3.302978,0.124006,4
2014-01-11 21:14:00,0.1830601,2.79505,122.2438,7.731741999999999,13.54253,6.526377,0.004559963,2.616279,0.0128814299999999,6.784153,4.63451,4.044796,4.734517,-3.002707,0.1242338999999999,4
2014-01-11 21:15:00,0.1832551,2.80925,122.3005,7.401589999999999,13.54345,6.524494,-0.0011399909999999,2.593479,-0.0003742788,6.782261,4.674124,4.117376,4.841245,-2.942653,0.1243814,4
2014-01-11 21:16:00,0.1834683,2.792382,122.3372,7.352698,13.54345,6.509245,0.002735978,2.559279,0.0080469949999999,6.789075,4.639545,4.054872,4.724534,-2.762491,0.1238283,4
2014-01-11 21:17:00,0.1834348,2.797443,122.3157,6.583799,13.54253,6.504162,0.006839945,2.46238,0.01862037,6.739877,4.427966,3.88099,4.417244,-2.582328,0.1237658,4
2014-01-11 21:18:00,0.1836219,2.814018,122.3736,6.191068,13.54253,6.504162,0.001823985,2.576379,0.005567397,6.69149,4.332179,3.812287,4.285715,-2.822545,0.1238295,4
2014-01-11 21:19:00,0.1833468,2.801003,122.3811,6.439847,13.54069,6.492863,0.0077519379999999,2.564979,0.02010189,6.659557,4.392289,4.036941,4.479462,-3.122815,0.1237469,4
2014-01-11 21:20:00,0.1836562999999999,2.808741,122.5027,7.513169,13.54345,6.481564,0.0002279982,2.40538,0.001528305,6.719428,4.69461,4.363794,4.849593,-3.18287,0.1236194999999999,4
2014-01-11 21:21:00,0.183372,2.810928,122.3989,8.062495999999998,13.5439,6.469703,0.0,2.48518,-0.0009824817999999,6.787981,5.001924,4.456947,5.049041,-3.122815,0.1231983,4
2014-01-11 21:22:00,0.1834592999999999,2.793386,122.4356,7.944056,13.54467,6.461231,0.0025079799999999,2.576379,0.005505017,6.810118,5.090479,4.444819,5.008386,-3.062761,0.1246847,4
2014-01-11 21:23:00,0.1835562,2.797372,122.4726,7.711788,13.54436,6.461231,0.005471956,2.43958,0.01465925,6.805853,5.063334,4.318273,4.962673,-2.702436,0.1233748,4
2014-01-11 21:24:00,0.1834527,2.803097,122.4867,7.536574,13.5443,6.461231,0.005699954,2.47948,0.01409783,6.802996,4.941308,4.246157,4.863476,-2.762491,0.1241104,4
2014-01-11 21:25:00,0.1837023,2.812792,122.4579,7.485773,13.54381,6.461231,0.0020519829999999,2.650479,0.003196964,6.807972,4.936327,4.316237,4.861352,-2.702436,0.1240129,4
2014-01-11 21:26:00,0.1837068,2.81031,122.5319,7.588051,13.54376,6.461231,0.001595987,2.559279,0.005957271,6.835723,5.026267,4.509888,5.086938,-2.822545,0.1241623,4
2014-01-11 21:27:00,0.183789,2.803634,122.5752,7.512969,13.5442,6.461231,0.0061559509999999,2.365481,0.012975,6.836436,4.95987,4.425565,5.015552,-2.702436,0.1238269,4
2014-01-11 21:28:00,0.1836869999999999,2.799774,122.5782,7.42312,13.54132,6.459349,-0.004331965,2.359781,-0.0070177269999999,6.821036,4.863015,4.352203,4.709461,-2.702436,0.1242449999999999,4
2014-01-11 21:29:00,0.1836417999999999,2.806566,122.5611,6.961708,13.54093,6.448053,0.007295941,2.47378,0.0160627999999999,6.779865,4.577397,4.04343,4.411619,-2.762491,0.1240169,4
2014-01-11 21:30:00,0.1837039,2.80099,122.544,6.646545,13.54172,6.438641,0.0011399909999999,2.593479,0.0049903839999999,6.7363,4.389332,3.897395,4.302846,-3.182909,0.1237333999999999,4
2014-01-11 21:31:00,0.1836975,2.79964,122.5362,6.369956,13.54355,6.438641,-0.0036479709999999,2.50798,-0.007142487,6.69289,4.282119,3.830152,4.157003,-3.182913,0.123821,4
2014-01-11 21:32:00,0.1834106,2.786021,122.5247,5.827847,13.54527,6.438641,0.003419973,2.371181,0.0074855759999999,6.60607,4.18193,3.721271,4.02246,-3.363068,0.123463,4
2014-01-11 21:33:00,0.1835787999999999,2.798008,122.5131,6.11956,13.54573,6.419815,0.0050159599999999,2.49658,0.01118158,6.543117,4.202356,3.698779,4.065062,-3.483177,0.1239229,4
2014-01-11 21:34:00,0.1835553,2.796834,122.5258,6.333764,13.54463,6.41605,0.001367989,2.365481,0.0007641523,6.525112,4.155022,3.581988,3.970513,-3.543225,0.1239929,4
2014-01-11 21:35:00,0.1834349999999999,2.813364,122.5396,6.401454,13.54554,6.40419,-1.940255e-11,2.411081,-0.001341166,6.497592,4.027264,3.509222,3.80694,-3.663334,0.1245046,4
2014-01-11 21:36:00,0.183457,2.788663,122.5352,6.491423,13.5454,6.393835,0.002735978,2.559279,0.008967097,6.474424,3.917439,3.430797,3.680611,-3.663329,0.123721,4
2014-01-11 21:37:00,0.1836502,2.807935,122.5942,6.148154,13.54821,6.373119,-0.0004559963999999,2.547879,-0.003446484,6.431641,3.720616,3.215178,3.532385,-3.723382,0.1245802,4
2014-01-11 21:38:00,0.1836295,2.807091,122.6031,5.751763,13.54987,6.371237,0.006383948,2.47948,0.01542341,6.39843,3.56123,3.052772,3.421629,-3.603269,0.1240929,4
2014-01-11 21:39:00,0.1837597,2.81623,122.6549,5.400849,13.55086,6.350529,0.003191974,2.348381,0.007080107,6.322889,3.442327,3.02261,3.290519,-3.603268,0.1248028,4
2014-01-11 21:40:00,0.1838829999999999,2.823252,122.684,5.251923,13.55153,6.330196,-0.003419973,2.44528,-0.009622085,6.235605,3.444048,3.075911,3.315871,-3.663319,0.1240624,4
2014-01-11 21:41:00,0.1839537,2.840776,122.7761,5.819398,13.5516,6.317019,-0.001595987,2.50228,-0.003196965,6.217437,3.538136,3.121346,3.553873,-3.783443,0.1239746999999999,4
2014-01-11 21:42:00,0.1840575999999999,2.816036,122.8041,6.154377,13.55175,6.294051,-0.0002279982,2.48518,-0.002417217,6.207996,3.537859,3.099559,3.510651,-3.663365,0.1246901,4
2014-01-11 21:43:00,0.1841239,2.810757,122.8374,5.847866,13.5518,6.281624,0.003191975,2.47378,0.008811147,6.179897,3.406587,2.932364,3.23614,-3.603305,0.1235847999999999,4
2014-01-11 21:44:00,0.1840991999999999,2.820771,122.8598,5.559756,13.55192,6.259027,0.0006839945,2.41678,0.001933773,6.133791,3.18273,2.708333,3.018673,-3.723408,0.124039,4
2014-01-11 21:45:00,0.1840097,2.820866,122.8528,5.46879,13.55198,6.237001,0.004103967,2.661879,0.01121277,6.091814,3.124784,2.724184,3.07105,-3.843513,0.1248245,4
2014-01-11 21:46:00,0.1843304,2.831037,122.8629,5.514185,13.55206,6.214222,0.003419973,2.44528,0.008452463,6.050503,3.194301,2.841768,3.174953,-3.963617,0.1236743,4
2014-01-11 21:47:00,0.184178,2.833054,122.8592,5.534998,13.55349,6.199162,-0.001367989,2.547879,-0.000171544,6.00836,3.32884,2.920505,3.239316,-3.783448,0.1242616,4
2014-01-11 21:48:00,0.1841435999999999,2.847329,122.8144,5.466612,13.55676,6.176752,0.005243958,2.627679,0.0144409199999999,5.960289,3.291267,2.790443,3.144434,-3.603281,0.1237769,4
2014-01-11 21:49:00,0.1841805,2.814528,122.8296,5.469036,13.55773,6.156231,0.001823985,2.354081,0.005816916,5.933345,3.176807,2.681617,3.115201,-3.603305,0.1238661,4
2014-01-11 21:50:00,0.1839957999999999,2.818858,122.8249,5.856573,13.55777,6.137594,-0.001823985,2.593479,-0.0078130709999999,5.931805,3.160931,2.627008,3.234706,-3.363101,0.1243419,4
2014-01-11 21:51:00,0.1838468,2.817875,122.7425,5.896835,13.55781,6.113308,0.002051984,2.48518,0.0048188399999999,5.917479,3.070463,2.570132,3.07619,-3.182926,0.1252047,4
2014-01-11 21:52:00,0.1837482,2.829181,122.7647,5.742567,13.55784,6.098248,-0.0038759689999999,2.45098,-0.0123979799999999,5.893856,2.944897,2.470266,2.924113,-2.942701,0.1246667,4
2014-01-11 21:53:00,0.1837382999999999,2.805395,122.72,5.321094,13.55834,6.073769,0.005927952,2.621979,0.01745075,5.850843,2.805009,2.346781,2.680266,-3.122859,0.1241747,4
2014-01-11 21:54:00,0.1838558999999999,2.822041,122.7998,5.094497,13.5579,6.051176,-0.0002279982,2.54218,-0.0004054687999999,5.797592,2.668339,2.294668,2.596637,-3.483186,0.1246802999999999,4
2014-01-11 21:55:00,0.1839602999999999,2.816708,122.846,5.047101,13.55977,6.028961,0.004787961,2.46238,0.01152467,5.757545,2.56139,2.201283,2.474613,-3.543235,0.1243104,4
2014-01-11 21:56:00,0.1840223,2.822341,122.9271,5.007747,13.56299,6.009758,0.0109439099999999,2.50798,0.0281021,5.726926,2.443813,2.105162,2.379972,-3.603287,0.1244933,4
2014-01-11 21:57:00,0.1841562999999999,2.808605,122.9968,5.109085,13.56386,5.980391,0.003419973,2.701778,0.0079066399999999,5.691126,2.429326,2.155258,2.485267,-3.963609,0.1244746,4
2014-01-11 21:58:00,0.1841347999999999,2.818269,123.0137,5.55427,13.56394,5.949512,0.0072959419999999,2.47378,0.0175443199999999,5.686615,2.521611,2.281305,2.711625,-4.323935,0.1240772,4
2014-01-11 21:59:00,0.1841056,2.815641,123.0097,5.908274,13.56431,5.931812,0.002051984,2.570679,0.001044861,5.695288,2.695264,2.569782,2.770535,-3.663328,0.1236034,4
2014-01-11 22:00:00,0.182681,2.769936,121.8056,5.966,13.56434,5.904891,0.001595987,2.604879,0.006362739,5.685468,2.710483,2.686819,2.737003,-3.603273,0.1235528,4
2014-01-11 22:01:00,0.1822764,2.742623,121.7386,6.005146,13.56511,5.879477,-0.001595987,2.599179,-0.005021574,5.681423,2.787989,2.796587,2.879716,-3.483206,0.1237017,4
2014-01-11 22:02:00,0.1824602999999999,2.76109,121.8045,6.35182,13.56695,5.856886,0.004787961,2.570679,0.0085148429999999,5.713729,3.065561,3.064113,3.324153,-3.543264,0.1240197,4
2014-01-11 22:03:00,0.1825883,2.772716,121.8413,6.388567,13.56858,5.842763,-0.0009119926999999,2.50798,-0.002354838,5.758071,3.258493,3.062925,3.418181,-3.062848,0.1240789999999999,4
2014-01-11 22:04:00,0.1825052,2.762687,121.8531,5.531883,13.56905,5.819603,-0.005699954,2.54218,-0.0161407699999999,5.705675,3.255274,3.038216,3.393484,-2.822627,0.1236180999999999,4
2014-01-11 22:05:00,0.1824472,2.78392,121.8489,5.142653,13.57062,5.806613,-0.001595987,2.45098,-0.004241827,5.652752,3.302362,3.210663,3.444842,-2.882704,0.1247965,4
2014-01-11 22:06:00,0.1825396,2.788407,121.8508,6.03537,13.57064,5.78421,-0.005699954,2.354081,-0.01398867,5.699508,3.59846,3.410179,3.906152,-3.062869,0.1241323,4
2014-01-11 22:07:00,0.1824715,2.774092,121.8587,6.269012,13.57078,5.765385,0.0011399909999999,2.48518,0.0025731669999999,5.721321,3.677581,3.439919,4.219798,-2.822627,0.1241366,4
2014-01-11 22:08:00,0.1825425,2.760163,121.8274,6.239531,13.57081,5.75597,0.004103967,2.604879,0.0078130709999999,5.742564,3.772617,3.531418,4.269706,-2.882688,0.1244849,4
2014-01-11 22:09:00,0.182511,2.762742,121.843,6.241414,13.57091,5.74279,-0.0004559961999999,2.724578,-0.000764152,5.753624,3.811637,3.628435,4.326557,-2.642479,0.1239957,4
2014-01-11 22:10:00,0.1826198,2.784577,121.8478,6.489233,13.57094,5.727541,-0.001367989,2.644779,-0.0034932679999999,5.779013,3.908645,3.892896,4.357722,-2.162033,0.123714,4
2014-01-11 22:11:00,0.1826549,2.782349,121.8866,6.644666,13.57101,5.722458,-0.0004559965,2.758778,-0.001996153,5.795319,3.957172,3.885633,4.404784,-2.162042,0.1241175,4
2014-01-11 22:12:00,0.1826508,2.797073,121.8884,6.873039,13.57104,5.713043,-0.006839945,2.49658,-0.01879192,5.837944,4.05791,3.928446,4.406095,-2.162046,0.1247784,4
2014-01-11 22:13:00,0.1827133,2.788718,121.877,6.568296,13.57109,5.699863,0.007067943,2.644779,0.01621875,5.847574,4.001819,3.734251,4.283535,-2.162052,0.1247881,4
2014-01-11 22:14:00,0.1827091999999999,2.777165,121.9064,5.690622,13.57112,5.699863,0.007523939,2.308481,0.0167333799999999,5.7991,3.848037,3.599724,4.011129,-2.162056,0.1246356,4
2014-01-11 22:15:00,0.1826906,2.781885,121.9428,5.185947,13.57116,5.699863,0.001595987,2.268582,0.0017154449999999,5.739216,3.747165,3.505249,3.875948,-2.40229,0.123318,4
2014-01-11 22:16:00,0.1828379,2.795867,121.9871,5.085859,13.57119,5.679531,0.0004559963999999,2.661879,0.002417217,5.681097,3.650199,3.392491,3.721047,-2.882733,0.1243143,4
2014-01-11 22:17:00,0.1829157999999999,2.790472,122.0443,5.77001,13.57076,5.679531,-0.0004559963,2.43388,-0.0007329627,5.693218,3.745387,3.500608,3.919954,-3.303114,0.124754,4
2014-01-11 22:18:00,0.1827198999999999,2.774077,122.014,5.961607,13.57124,5.679531,0.0020519829999999,2.621979,0.0037739779999999,5.712469,3.828363,3.67451,4.069413,-2.942783,0.12333,4
2014-01-11 22:19:00,0.1829670999999999,2.78607,122.0574,5.848572,13.57126,5.662588,0.002735978,2.593479,0.0080469949999999,5.725473,3.958001,3.880027,4.286222,-3.062903,0.1245147,4
2014-01-11 22:20:00,0.1828412,2.780143,122.0488,6.418665,13.57128,5.65694,0.0036479709999999,2.48518,0.007376411,5.808233,4.128213,4.082438,4.542092,-3.002855,0.1242137,4
2014-01-11 22:21:00,0.1828510999999999,2.791857,122.0784,6.607334,13.57129,5.648467,-0.0063839489999999,2.51938,-0.01495556,5.853942,4.140427,4.080349,4.564312,-2.642516,0.1248004999999999,4
2014-01-11 22:22:00,0.1828443999999999,2.809507,122.1387,6.719404,13.57131,5.636604,-0.003191974,2.49658,-0.008577223,5.869876,4.065654,3.867514,4.335918,-2.642523,0.1248508,4
2014-01-11 22:23:00,0.1829521,2.779172,122.2136,6.985039,13.57132,5.636604,0.002735978,2.285681,0.005271093,5.880565,4.145765,3.981992,4.235848,-2.52241,0.1240266,4
2014-01-11 22:24:00,0.1830012,2.795836,122.235,6.617603,13.57133,5.636604,0.0038759689999999,2.51368,0.00626917,5.878429,3.943341,3.720824,3.896122,-2.342221,0.1244108,4
2014-01-11 22:25:00,0.1829865,2.800696,122.2255,5.741716,13.57226,5.634722,0.0061559509999999,2.46808,0.01448771,5.826651,3.640216,3.406841,3.605144,-2.702553,0.1244693,4
2014-01-11 22:26:00,0.1830416,2.789272,122.2284,4.908135,13.57181,5.614014,0.001823985,2.234382,0.004413371,5.71113,3.383901,3.191965,3.328761,-3.122928,0.1246167,4
2014-01-11 22:27:00,0.1831856,2.810087,122.2915,4.658169,13.57365,5.602716,0.004103967,2.274282,0.009949579,5.644217,3.247233,3.096802,3.231474,-3.303092,0.1247967,4
2014-01-11 22:28:00,0.1831419,2.807706,122.2998,5.09096,13.57642,5.591419,-0.0011399909999999,2.47378,-0.002042939,5.60297,3.369096,3.272415,3.427088,-3.723508,0.1245798999999999,4
2014-01-11 22:29:00,0.1831678999999999,2.802715,122.3515,6.237091,13.57596,5.586336,-0.001823985,2.564979,-0.0038831429999999,5.655649,3.546568,3.298106,3.557298,-3.663453,0.1248208,4
2014-01-11 22:30:00,0.1833337999999999,2.799602,122.3729,6.28141,13.57643,5.571087,-0.0009119926,2.399681,-0.003103395,5.636839,3.457432,3.155916,3.44095,-3.543359,0.1244272,4
2014-01-11 22:31:00,0.1834048,2.811116,122.3945,5.913013,13.57643,5.554144,0.007067943,2.49088,0.0153610299999999,5.607774,3.380279,3.048628,3.327273,-3.243075,0.1241976,4
2014-01-11 22:32:00,0.1835312,2.805773,122.426,4.871953,13.5769,5.548496,0.003191975,2.604879,0.008218539,5.510835,3.174886,2.867499,3.060263,-3.543373,0.124186,4
2014-01-11 22:33:00,0.1833714999999999,2.806049,122.4123,4.315238,13.5769,5.533244,0.0002279980999999,2.240082,-0.0012475959999999,5.401422,3.053539,2.771171,2.952501,-3.603432,0.1254763,4
2014-01-11 22:34:00,0.1834154,2.812783,122.3878,3.788387,13.5769,5.522512,0.0011399909999999,2.257182,0.001465926,5.277242,2.900161,2.625605,2.779746,-3.6635,0.1248635,4
2014-01-11 22:35:00,0.1832056,2.811803,122.3961,3.963631,13.5769,5.505569,0.003191974,2.359781,0.0082653229999999,5.187502,2.887436,2.638686,2.854465,-3.903722,0.1246701,4
2014-01-11 22:36:00,0.183336,2.808801,122.4095,4.525641,13.57691,5.492014,0.003419973,2.51938,0.0062535749999999,5.171084,2.971988,2.913939,3.104529,-3.783574,0.1246054,4
2014-01-11 22:37:00,0.1831475999999999,2.7895,122.2386,5.115091,13.57691,5.468291,0.0006839945,2.43958,0.001403545,5.183745,3.07641,2.896549,3.283426,-3.543358,0.1246409,4
2014-01-11 22:38:00,0.1832193,2.807696,122.2526,5.250142,13.57737,5.45323,-0.004331965,2.44528,-0.01191454,5.18152,3.155108,3.001063,3.345624,-3.363216,0.1239187,4
2014-01-11 22:39:00,0.1831946999999999,2.807512,122.2283,5.229924,13.57875,5.43158,-0.0009119926999999,2.371181,-0.003072205,5.160569,3.227176,2.960656,3.346781,-3.183052,0.1248438,4
2014-01-11 22:40:00,0.1836163,2.808493,122.4342,5.472257,13.58105,5.41972,0.0002279980999999,2.48518,0.0006705828,5.165111,3.345557,3.006001,3.455114,-3.303185,0.1254921,4
2014-01-11 22:41:00,0.1834844999999999,2.812853,122.3681,5.691308,13.58242,5.399008,0.0006839946,2.371181,0.003555649,5.17223,3.502374,3.145727,3.568236,-3.123017,0.1250769999999999,4
2014-01-11 22:42:00,0.183587,2.812587,122.4156,5.772956,13.58243,5.380182,-0.0011399909999999,2.47378,-0.001185216,5.186945,3.590187,3.126868,3.550815,-3.002911,0.1250633999999999,4
2014-01-11 22:43:00,0.1834636,2.814411,122.4244,5.548271,13.58243,5.363613,0.0002279983,2.604879,-0.0006549878,5.167516,3.535628,2.999177,3.549228,-2.942857,0.1237758,4
2014-01-11 22:44:00,0.1836191,2.806682,122.4659,5.253975,13.58243,5.35081,-0.0061559509999999,2.49658,-0.01478401,5.15685,3.444742,2.95622,3.40464,-3.123037,0.1241233999999999,4
2014-01-11 22:45:00,0.1834553999999999,2.815982,122.4692,4.702395,13.58289,5.333866,0.0009119926,2.49088,0.002308052,5.099927,3.270199,2.833133,3.202868,-3.243136,0.1246783999999999,4
2014-01-11 22:46:00,0.1836662,2.808385,122.5326,5.045033,13.58335,5.330101,-0.0025079799999999,2.559279,-0.0058013209999999,5.100444,3.376707,3.006371,3.367398,-3.183059,0.1238404,4
2014-01-11 22:47:00,0.1837186,2.819164,122.5483,5.475585,13.58335,5.309581,0.006611947,2.342681,0.01511151,5.111326,3.441342,3.044543,3.496466,-3.243124,0.1248914,4
2014-01-11 22:48:00,0.1836280999999999,2.812289,122.552,5.90403,13.58473,5.290939,-0.0011399909999999,2.211582,-0.004881219,5.146925,3.549369,3.192761,3.737601,-3.243129,0.1246799,4
2014-01-11 22:49:00,0.1836164,2.812708,122.5232,6.173824,13.58564,5.285292,0.0009119926999999,2.43388,0.003399699,5.201226,3.58947,3.243624,3.799159,-2.942857,0.1238621,4
2014-01-11 22:50:00,0.1830399,2.790733,122.0893,6.040746,13.58656,5.268349,-0.002735978,2.319881,-0.0055362079999999,5.227814,3.611819,3.28317,3.830078,-3.062983,0.1237005,4
2014-01-11 22:51:00,0.1817387,2.755445,121.4758,5.879604,13.58702,5.251403,-0.0024750269999999,2.325581,-0.005754536,5.269386,3.655719,3.337137,3.91044,-3.002937,0.1241216,4
2014-01-11 22:52:00,0.1833615,2.797072,122.4475,5.522337,13.58748,5.245754,0.0063839489999999,2.49088,0.01776265,5.2723,3.670828,3.345097,4.065735,-2.882824,0.1235442,4
2014-01-11 22:53:00,0.1833114999999999,2.799506,122.4268,5.421114,13.58656,5.245754,-0.0022799819999999,2.245782,-0.0060976249999999,5.2723,3.696587,3.365857,4.085756,-2.882831,0.1233834999999999,4
2014-01-11 22:54:00,0.1830894,2.804459,122.429,5.466434,13.58657,5.232199,-0.0109439099999999,2.51938,-0.02885066,5.265168,3.700168,3.463952,4.171563,-2.702656,0.1243709,4
2014-01-11 22:55:00,0.1832524,2.801839,122.4397,5.903884,13.58519,5.225422,-0.0009119926999999,2.279982,-0.004413371,5.33474,3.875098,3.784943,4.348501,-2.642571,0.1243072,4
2014-01-11 22:56:00,0.183208,2.82303,122.4768,5.941195,13.58565,5.225422,0.0009119926,2.576379,0.0005146334999999,5.393245,3.917303,3.803548,4.332057,-2.282215,0.1252391999999999,4
2014-01-11 22:57:00,0.1833018999999999,2.829676,122.5245,5.764817,13.58427,5.204714,0.002735978,2.297081,0.007236056,5.398224,3.906578,3.755611,4.327051,-2.222176,0.1245966,4
2014-01-11 22:58:00,0.1833691,2.809701,122.5009,6.22118,13.58335,5.202831,0.00214817,2.50228,-0.0007017727,5.471243,4.004832,3.896107,4.484536,-2.222179,0.1249285,4
2014-01-11 22:59:00,0.1832679,2.801566,122.4924,6.813832,13.58427,5.202831,0.0038759689999999,2.308481,0.01054219,5.576102,4.136389,3.955438,4.559556,-2.582547,0.1241497,4
2014-01-11 23:00:00,0.1832967,2.821258,122.5243,6.250656,13.58289,5.202831,0.004103967,2.47378,0.00945054,5.578953,4.082043,4.013383,4.417347,-2.462429,0.1248075,4
2014-01-11 23:01:00,0.1833367999999999,2.812358,122.5133,6.991322,13.58244,5.202831,0.0038759689999999,2.411081,0.005582992,5.668789,4.206504,3.961213,4.612456,-2.522495,0.1248306,4
2014-01-11 23:02:00,0.1834143,2.814681,122.5447,7.184288,13.58335,5.196053,-0.007523939,2.51938,-0.0184644199999999,5.73617,4.317672,4.138933,4.672822,-2.522496,0.124789,4
2014-01-11 23:03:00,0.1832696,2.811897,122.5297,6.842451,13.58289,5.18419,0.002735978,2.43388,0.0055518019999999,5.771374,4.390131,4.146352,4.643086,-2.642634,0.1247506,4
2014-01-11 23:04:00,0.1834033999999999,2.826124,122.629,6.642186,13.58244,5.185884,0.0,2.183082,0.0003586837,5.840788,4.466155,4.151624,4.807637,-2.582579,0.1251510999999999,4
2014-01-11 23:05:00,0.1835621,2.829075,122.6667,6.682665,13.58244,5.197747,-0.005243958,2.49658,-0.0117585899999999,5.901819,4.547346,4.310071,4.920198,-2.522541,0.1250354999999999,4
2014-01-11 23:06:00,0.1836038,2.800979,122.6556,6.6082,13.58244,5.202831,0.0006839946,2.42248,0.001013672,5.951803,4.468107,4.192901,4.751739,-2.58261,0.1237723,4
2014-01-11 23:07:00,0.1835463,2.824779,122.6668,5.929384,13.58244,5.202831,0.001595987,2.41678,0.0042574209999999,5.912623,4.307985,4.052002,4.550984,-2.642693,0.1248131,4
2014-01-11 23:08:00,0.1835587999999999,2.825965,122.6467,5.723474,13.58244,5.202831,0.0002279982,2.354081,0.0009201021,5.87628,4.160685,3.88602,4.348707,-2.822876,0.1247654,4
2014-01-11 23:09:00,0.1836632,2.827927,122.7088,5.212292,13.58106,5.202831,0.0025079799999999,2.43958,0.005505017,5.804298,3.910318,3.599738,4.005455,-3.063119,0.1248709,4
2014-01-11 23:10:00,0.1837138,2.817731,122.7033,4.512228,13.58014,5.202831,-0.0036809239999999,2.302781,-0.009185426,5.68094,3.624827,3.339875,3.66992,-3.603691,0.1244325,4
2014-01-11 23:11:00,0.1836209,2.825083,122.7109,4.451843,13.58106,5.202831,0.0009119926999999,2.336981,0.0032905349999999,5.616037,3.399359,3.090654,3.447329,-3.603722,0.125149,4
2014-01-11 23:12:00,0.1835104999999999,2.827897,122.7166,4.410124,13.58198,5.202831,0.0025079799999999,2.376881,0.0056141819999999,5.563976,3.157993,2.939459,3.180918,-4.144303,0.1257586,4
2014-01-11 23:13:00,0.1836372,2.849437,122.7231,4.342504,13.58198,5.202831,-0.002051984,2.47378,-0.0030877999999999,5.489084,2.975288,2.838401,2.989617,-3.78396,0.1246066,4
2014-01-11 23:14:00,0.1837189999999999,2.849584,122.7739,4.38596,13.58244,5.185884,-0.004103967,2.610579,-0.01033945,5.39867,2.872981,2.817071,2.875846,-4.0843,0.1250756,4
2014-01-11 23:15:00,0.1836981,2.839535,122.776,4.601195,13.58244,5.182495,-0.0036479709999999,2.416781,-0.008483653,5.348194,2.800759,2.761327,2.84663,-4.324579,0.12456,4
2014-01-11 23:16:00,0.1835204,2.819739,122.7162,4.723017,13.58289,5.165552,-0.004559963,2.388281,-0.01062016,5.294152,2.669736,2.561457,2.675474,-4.084334,0.1248134,4
2014-01-11 23:17:00,0.1835688,2.835521,122.7489,4.5563,13.58427,5.159904,0.0009119926999999,2.758778,0.0022612679999999,5.251399,2.46469,2.344893,2.457518,-4.084342,0.1249639,4
2014-01-11 23:18:00,0.1838550999999999,2.829918,122.8135,4.255679,13.58565,5.146349,-0.003419973,2.325581,-0.008202944,5.189317,2.219957,2.076415,2.241487,-4.26453,0.124669,4
2014-01-11 23:19:00,0.18387,2.825281,122.812,4.024801,13.58794,5.126392,0.0036479709999999,2.49088,0.009450539,5.115113,2.049841,1.913436,2.149613,-4.564847,0.1250624999999999,4
2014-01-11 23:20:00,0.1836454999999999,2.828063,122.8266,4.067993,13.58764,5.106246,0.0036479709999999,2.393981,0.0083900829999999,5.040712,1.980859,1.924859,2.054079,-4.504791,0.1248604,4
2014-01-11 23:21:00,0.1837063999999999,2.825212,122.8237,3.865945,13.58748,5.068403,-0.002051984,2.684678,-0.005910486,4.883618,2.006724,1.929907,2.029696,-4.504793,0.1235595,4
2014-01-11 23:22:00,0.1837440999999999,2.829451,122.8495,3.792076,13.58755,5.05146,0.004787961,2.46238,0.01054219,4.777395,2.104522,1.945874,2.121744,-4.324593,0.1244435,4
2014-01-11 23:23:00,0.1837670999999999,2.840144,122.901,4.19767,13.58895,5.03094,-0.0006839945,2.382581,0.0004054684,4.743292,2.222402,2.086746,2.424722,-4.204463,0.1246006,4
2014-01-11 23:24:00,0.1838647999999999,2.834407,122.9221,4.245499,13.59223,5.006839,0.003191974,2.354081,0.00775069,4.706315,2.213198,1.977048,2.431308,-3.663894,0.1244349,4
2014-01-11 23:25:00,0.1839833999999999,2.840025,122.9255,4.314616,13.59315,4.988201,-0.0077519379999999,2.382581,-0.0199303499999999,4.672664,2.207372,2.0186,2.373118,-3.723958,0.1255102999999999,4
2014-01-11 23:26:00,0.1840928,2.831013,122.9965,4.213562,13.59321,4.965607,0.0022799819999999,2.40538,0.0066590429999999,4.627907,2.031057,1.763233,2.114322,-3.603843,0.1246365,4
2014-01-11 23:27:00,0.1841268,2.866318,123.0706,4.191107,13.59505,4.946781,-0.0020519829999999,2.51938,-0.0022924579999999,4.589062,1.97767,1.757938,2.121231,-4.024293,0.1243657,4
2014-01-11 23:28:00,0.1841648999999999,2.849357,123.0757,4.099287,13.59739,4.922684,0.0002279980999999,2.49658,0.0003586835999999,4.539213,2.012946,1.786042,2.106264,-4.324636,0.1252788,4
2014-01-11 23:29:00,0.1842575999999999,2.830606,123.0569,3.843618,13.59877,4.8967,-0.0022799819999999,2.143183,-0.0052554979999999,4.476764,1.90211,1.577459,1.968164,-4.084381,0.1241728,4
2014-01-11 23:30:00,0.1842430999999999,2.825429,123.044,3.678068,13.5988,4.878063,0.003419973,2.42248,0.006300359,4.437402,1.730523,1.423753,1.770021,-4.084403,0.1244248,4
2014-01-11 23:31:00,0.1844029,2.843942,123.066,3.357138,13.59881,4.851893,0.0050159599999999,2.46238,0.0112751499999999,4.35617,1.620152,1.350695,1.645294,-4.084404,0.124436,4
2014-01-11 23:32:00,0.1842783,2.823434,123.051,3.184053,13.59883,4.826664,0.0002279982,2.365481,0.00166866,4.252269,1.611249,1.332439,1.612685,-4.204558,0.1239384,4
2014-01-11 23:33:00,0.1842794,2.825534,123.0674,3.265442,13.59884,4.801437,0.0036479709999999,2.245782,0.007828665,4.193409,1.588747,1.215758,1.551387,-4.084432,0.1245598,4
2014-01-11 23:34:00,0.1840889,2.83893,123.0116,3.473613,13.59886,4.779033,-0.0008460869,2.53078,0.00163747,4.178844,1.483578,1.082473,1.538185,-4.204583,0.1238632,4
2014-01-11 23:35:00,0.1842112999999999,2.831373,123.0317,4.154839,13.59932,4.745332,0.0006839946,2.382581,4.678464e-05,4.155119,1.644385,1.35553,1.768647,-4.264655,0.1250218999999999,4
2014-01-11 23:36:00,0.1841386999999999,2.853448,123.0037,4.248907,13.60025,4.714831,0.0038759689999999,2.228682,0.007953425,4.117438,1.671928,1.225673,1.692758,-4.144541,0.1242632999999999,4
2014-01-11 23:37:00,0.184259,2.849437,123.0861,4.120968,13.60439,4.691298,-0.005471956,2.49088,-0.01582888,4.103168,1.589305,1.078264,1.671917,-3.904284,0.1257472,4
2014-01-11 23:38:00,0.1843798,2.846243,123.1356,3.568994,13.6044,4.655714,-0.001367989,2.291382,-0.0026355459999999,4.038914,1.417608,0.968257,1.40539,-3.664033,0.1245934,4
2014-01-11 23:39:00,0.1844639999999999,2.842418,123.184,3.086963,13.6044,4.630676,9.618653e-05,2.359781,-0.0063471439999999,3.958781,1.239393,0.8172492999999998,1.171094,-3.724107,0.1243279999999999,4
2014-01-11 23:40:00,0.1845776,2.8654,123.2397,2.801093,13.60441,4.603752,-0.0006839946,2.51368,-0.0021209129999999,3.891067,1.1096,0.7197521,1.088029,-3.904316,0.1253467,4
2014-01-11 23:41:00,0.1845023,2.85095,123.2344,2.885392,13.60533,4.569863,0.001367989,2.399681,0.002479597,3.839957,1.044555,0.6963951999999999,1.1179,-4.144589,0.1248055,4
2014-01-11 23:42:00,0.1844816,2.844725,123.1943,3.129213,13.60763,4.539739,-0.004103967,2.354081,-0.0092478049999999,3.815512,1.030758,0.6861857999999998,1.096914,-4.084532,0.1246217,4
2014-01-11 23:43:00,0.1844803999999999,2.844185,123.1656,3.39572,13.60947,4.507169,0.0050159599999999,2.143183,0.0119613299999999,3.8015,1.05046,0.7260446,1.065557,-3.964406,0.1243721,4
2014-01-11 23:44:00,0.1843704999999999,2.858698,123.1298,3.425512,13.60993,4.472904,0.001367989,2.234382,0.0029162559999999,3.768618,1.125261,0.8181509999999999,1.098653,-3.724146,0.1252439999999999,4
2014-01-11 23:45:00,0.1843211999999999,2.854997,123.1071,3.732849,13.60994,4.446735,-0.004331965,2.143183,-0.0095129199999999,3.760302,1.421672,1.082365,1.349803,-3.664086,0.1252031999999999,4
2014-01-11 23:46:00,0.1842747,2.831116,123.1073,4.323811,13.60994,4.414351,-0.001367989,2.388281,-0.003680408,3.801584,1.744748,1.419264,1.788534,-3.48389,0.1247169,4
2014-01-11 23:47:00,0.1842718,2.849946,123.071,5.331306,13.60994,4.385356,0.0036479709999999,2.319881,0.008234134,3.909202,2.058025,1.989822,2.535916,-3.604031,0.1252472,4
2014-01-11 23:48:00,0.1843847999999999,2.845917,123.1302,6.000041,13.61086,4.362764,-0.001823985,2.359781,-0.0026979259999999,4.053985,2.25493,2.074038,2.693223,-3.003362,0.1245152,4
2014-01-11 23:49:00,0.1845517,2.863658,123.2336,5.336227,13.61224,4.336972,-0.001889891,2.200182,-0.009232211,4.073967,2.202555,1.761007,2.543344,-2.582896,0.1252012999999999,4
2014-01-11 23:50:00,0.1845181999999999,2.843886,123.2614,4.668892,13.61133,4.31419,0.001823985,2.097583,0.0037427879999999,4.072633,2.12157,1.724497,2.360535,-2.402695,0.1239409,4
2014-01-11 23:51:00,0.1845579,2.85162,123.2471,4.198219,13.61133,4.292352,-0.0036479709999999,2.314181,-0.00753236,4.053646,2.121882,1.851187,2.334295,-2.582901,0.1249692,4
2014-01-11 23:52:00,0.1843520999999999,2.840913,123.2172,4.735927,13.61179,4.276914,-0.0002279982,2.46808,-0.001933774,4.143338,2.312354,2.133653,2.672437,-2.582902,0.1245478,4
2014-01-11 23:53:00,0.1825674999999999,2.783856,121.8533,4.818041,13.61317,4.256203,-0.003419973,2.114683,-0.006768208,4.171966,2.344656,2.029584,2.689664,-2.642974,0.1248908,4
2014-01-11 23:54:00,0.1823372,2.76263,121.8316,4.452338,13.61179,4.239259,-0.001367989,2.314181,-0.0020117479999999,4.173614,2.255177,1.939337,2.494087,-2.763109,0.1241066,4
2014-01-11 23:55:00,0.1819573999999999,2.766467,121.6627,3.82311,13.61271,4.22834,-0.002735978,2.257182,-0.0063315489999999,4.125504,2.107126,1.785455,2.224109,-3.063452,0.1241928999999999,4
2014-01-11 23:56:00,0.1819657,2.774532,121.6438,2.831811,13.61225,4.206501,-0.0025079799999999,2.348381,-0.005832511,3.997083,1.85904,1.529326,1.922233,-3.423858,0.1246669,4
2014-01-11 23:57:00,0.1820712999999999,2.783242,121.6271,2.807317,13.61455,4.192944,-0.001595987,2.302781,-0.0010448619999999,3.931995,1.741837,1.437186,1.816535,-3.243659,0.1245995,4
2014-01-11 23:58:00,0.1819505999999999,2.783295,121.5882,2.898133,13.61547,4.170541,-0.0050159599999999,2.45098,-0.01342725,3.878814,1.595054,1.268037,1.59218,-3.604069,0.1250324999999999,4
2014-01-11 23:59:00,0.1819829,2.788786,121.6307,3.459218,13.61547,4.146255,0.0011399909999999,2.41678,0.004117067,3.852378,1.636123,1.341488,1.680661,-3.904435,0.1245424,4
